<?xml version="1.0"?>
<COLLADA xmlns="http://www.collada.org/2005/11/COLLADASchema" version="1.4.1">
 <asset>
  <contributor>
   <author></author>
   <authoring_tool>FBX COLLADA exporter</authoring_tool>
   <comments></comments>
  </contributor>
  <created>2024-09-22T21:12:40Z</created>
  <keywords></keywords>
  <modified>2024-09-22T21:12:40Z</modified>
  <revision></revision>
  <subject></subject>
  <title></title>
  <unit meter="0.010000" name="centimeter"></unit>
  <up_axis>Y_UP</up_axis>
 </asset>
 <library_animations>
  <animation id="Armature.003-anim" name="Armature.003">
   <animation>
    <source id="Armature.003-Matrix-animation-input">
     <float_array id="Armature.003-Matrix-animation-input-array" count="183">

0.000000 0.033333 0.066667 0.100000 0.133333 0.166667 0.200000 0.233333 0.266667 0.300000 0.333333 0.366667 0.400000 0.433333 0.466667 0.500000
0.533333 0.566667 0.600000 0.633333 0.666667 0.700000 0.733333 0.766667 0.800000 0.833333 0.866667 0.900000 0.933333 0.966667 1.000000 1.033333
1.066667 1.100000 1.133333 1.166667 1.200000 1.233333 1.266667 1.300000 1.333333 1.366667 1.400000 1.433333 1.466667 1.500000 1.533333 1.566667
1.600000 1.633333 1.666667 1.700000 1.733333 1.766667 1.800000 1.833333 1.866667 1.900000 1.933333 1.966667 2.000000 2.033333 2.066667 2.100000
2.133333 2.166667 2.200000 2.233333 2.266667 2.300000 2.333333 2.366667 2.400000 2.433333 2.466667 2.500000 2.533333 2.566667 2.600000 2.633333
2.666667 2.700000 2.733333 2.766667 2.800000 2.833333 2.866667 2.900000 2.933333 2.966667 3.000000 3.033333 3.066667 3.100000 3.133333 3.166667
3.200000 3.233333 3.266667 3.300000 3.333333 3.366667 3.400000 3.433333 3.466667 3.500000 3.533333 3.566667 3.600000 3.633333 3.666667 3.700000
3.733333 3.766667 3.800000 3.833333 3.866667 3.900000 3.933333 3.966667 4.000000 4.033333 4.066667 4.100000 4.133333 4.166667 4.200000 4.233333
4.266667 4.300000 4.333333 4.366667 4.400000 4.433333 4.466667 4.500000 4.533333 4.566667 4.600000 4.633333 4.666667 4.700000 4.733333 4.766667
4.800000 4.833333 4.866667 4.900000 4.933333 4.966667 5.000000 5.033333 5.066667 5.100000 5.133333 5.166667 5.200000 5.233333 5.266667 5.300000
5.333333 5.366667 5.400000 5.433333 5.466667 5.500000 5.533333 5.566667 5.600000 5.633333 5.666667 5.700000 5.733333 5.766667 5.800000 5.833333
5.866667 5.900000 5.933333 5.966667 6.000000 6.033333 6.066667</float_array>
     <technique_common>
      <accessor source="#Armature.003-Matrix-animation-input-array" count="183">
       <param name="TIME" type="float"></param>
      </accessor>
     </technique_common>
    </source>
    <source id="Armature.003-Matrix-animation-output-transform">
     <float_array id="Armature.003-Matrix-animation-output-transform-array" count="2928">

0.992408 0.119143 -0.030501 -0.671473 -0.118624 0.992770 0.018311 3.450532 0.032462 -0.014554 0.999367 0.305787 0.000000 0.000000 0.000000 1.000000
0.993911 0.106435 -0.028470 -0.664806 -0.105937 0.994201 0.018483 3.441551 0.030272 -0.015355 0.999424 0.323634 0.000000 0.000000 0.000000 1.000000
0.996585 0.079231 -0.023230 -0.649458 -0.078848 0.996742 0.016973 3.420013 0.024499 -0.015083 0.999586 0.361405 0.000000 0.000000 0.000000 1.000000
0.998411 0.054044 -0.015939 -0.632340 -0.053877 0.998490 0.010673 3.393940 0.016491 -0.009797 0.999816 0.395479 0.000000 0.000000 0.000000 1.000000
0.999173 0.039675 -0.008884 -0.619122 -0.039654 0.999210 0.002590 3.372261 0.008980 -0.002235 0.999957 0.413779 0.000000 0.000000 0.000000 1.000000
0.999488 0.031735 -0.003999 -0.610459 -0.031746 0.999492 -0.002682 3.357730 0.003911 0.002807 0.999989 0.422597 0.000000 0.000000 0.000000 1.000000
0.999631 0.027075 -0.001744 -0.605690 -0.027085 0.999615 -0.006019 3.349131 0.001580 0.006064 0.999980 0.426298 0.000000 0.000000 0.000000 1.000000
0.999742 0.022548 -0.002520 -0.604123 -0.022568 0.999711 -0.008267 3.345235 0.002333 0.008322 0.999963 0.429129 0.000000 0.000000 0.000000 1.000000
0.999877 0.013513 -0.007840 -0.606632 -0.013579 0.999872 -0.008422 3.345487 0.007726 0.008528 0.999934 0.435490 0.000000 0.000000 0.000000 1.000000
0.999751 -0.006378 -0.021376 -0.618586 0.006397 0.999979 0.000832 3.351102 0.021371 -0.000969 0.999771 0.446633 0.000000 0.000000 0.000000 1.000000
0.998991 -0.027303 -0.035653 -0.632507 0.027788 0.999526 0.013167 3.358219 0.035276 -0.014144 0.999278 0.458675 0.000000 0.000000 0.000000 1.000000
0.998427 -0.037870 -0.041325 -0.638753 0.038752 0.999033 0.020740 3.362374 0.040500 -0.022309 0.998930 0.467609 0.000000 0.000000 0.000000 1.000000
0.998636 -0.036298 -0.037519 -0.637270 0.037186 0.999037 0.023254 3.362333 0.036639 -0.024617 0.999025 0.471469 0.000000 0.000000 0.000000 1.000000
0.999065 -0.030237 -0.030886 -0.634385 0.031030 0.999192 0.025512 3.360166 0.030090 -0.026446 0.999198 0.472337 0.000000 0.000000 0.000000 1.000000
0.999470 -0.022822 -0.023183 -0.629844 0.023462 0.999339 0.027733 3.356372 0.022535 -0.028262 0.999347 0.472193 0.000000 0.000000 0.000000 1.000000
0.999722 -0.017165 -0.016151 -0.623401 0.017648 0.999388 0.030202 3.351517 0.015622 -0.030479 0.999413 0.473169 0.000000 0.000000 0.000000 1.000000
0.999799 -0.016368 -0.011543 -0.614748 0.016744 0.999305 0.033272 3.346036 0.010990 -0.033459 0.999380 0.476930 0.000000 0.000000 0.000000 1.000000
0.999678 -0.024313 -0.007122 -0.598453 0.024575 0.998926 0.039257 3.341392 0.006159 -0.039420 0.999204 0.486545 0.000000 0.000000 0.000000 1.000000
0.999159 -0.040982 -0.000275 -0.572063 0.040945 0.997931 0.049550 3.338664 -0.001756 -0.049520 0.998772 0.502295 0.000000 0.000000 0.000000 1.000000
0.997946 -0.063583 0.007758 -0.539751 0.062970 0.996017 0.063116 3.337641 -0.011740 -0.062497 0.997976 0.521411 0.000000 0.000000 0.000000 1.000000
0.995883 -0.089256 0.015825 -0.505744 0.087746 0.993016 0.078856 3.338367 -0.022753 -0.077143 0.996760 0.542121 0.000000 0.000000 0.000000 1.000000
0.993089 -0.115113 0.022869 -0.474164 0.112444 0.989049 0.095581 3.340636 -0.033621 -0.092349 0.995159 0.562068 0.000000 0.000000 0.000000 1.000000
0.989998 -0.138270 0.027994 -0.449059 0.134346 0.984581 0.112028 3.344209 -0.043052 -0.107147 0.993311 0.579019 0.000000 0.000000 0.000000 1.000000
0.987306 -0.155878 0.030478 -0.434402 0.150866 0.980373 0.126913 3.348886 -0.049663 -0.120704 0.991446 0.591018 0.000000 0.000000 0.000000 1.000000
0.985788 -0.165305 0.029916 -0.432450 0.159670 0.977336 0.138990 3.354900 -0.052213 -0.132237 0.989842 0.596819 0.000000 0.000000 0.000000 1.000000
0.985515 -0.167311 0.027693 -0.434956 0.161496 0.975735 0.147843 3.363941 -0.051757 -0.141229 0.988623 0.599917 0.000000 0.000000 0.000000 1.000000
0.985859 -0.165660 0.025273 -0.438448 0.159889 0.975027 0.154130 3.374080 -0.050176 -0.147909 0.987727 0.601488 0.000000 0.000000 0.000000 1.000000
0.986132 -0.164231 0.023912 -0.440892 0.158458 0.974552 0.158550 3.382820 -0.049343 -0.152562 0.987061 0.602018 0.000000 0.000000 0.000000 1.000000
0.985450 -0.168146 0.024811 -0.438711 0.162070 0.973576 0.160877 3.387585 -0.051207 -0.154515 0.986662 0.601945 0.000000 0.000000 0.000000 1.000000
0.982183 -0.185905 0.027480 -0.423846 0.179307 0.970842 0.159098 3.388638 -0.056256 -0.151336 0.986880 0.601512 0.000000 0.000000 0.000000 1.000000
0.976093 -0.215419 0.028903 -0.401183 0.208211 0.964902 0.160033 3.391721 -0.062363 -0.150189 0.986688 0.601215 0.000000 0.000000 0.000000 1.000000
0.967169 -0.252833 0.025681 -0.377561 0.244937 0.954335 0.171022 3.403829 -0.067748 -0.159116 0.984933 0.603265 0.000000 0.000000 0.000000 1.000000
0.956476 -0.291149 0.019639 -0.356243 0.282473 0.940657 0.188073 3.425109 -0.073231 -0.174340 0.981959 0.611091 0.000000 0.000000 0.000000 1.000000
0.946635 -0.321814 0.017841 -0.336695 0.312146 0.929172 0.197993 3.437071 -0.080294 -0.181858 0.980041 0.612407 0.000000 0.000000 0.000000 1.000000
0.938579 -0.344566 0.018520 -0.320275 0.334167 0.921010 0.200178 3.442107 -0.086032 -0.181694 0.979584 0.611573 0.000000 0.000000 0.000000 1.000000
0.932412 -0.360816 0.020473 -0.307143 0.349997 0.915667 0.197623 3.443471 -0.090052 -0.177100 0.980064 0.610260 0.000000 0.000000 0.000000 1.000000
0.928125 -0.371548 0.023144 -0.297212 0.360533 0.912613 0.192748 3.442688 -0.092737 -0.170550 0.980975 0.608150 0.000000 0.000000 0.000000 1.000000
0.925712 -0.377320 0.026187 -0.290318 0.366223 0.911484 0.187285 3.440080 -0.094536 -0.163782 0.981956 0.605025 0.000000 0.000000 0.000000 1.000000
0.925526 -0.377461 0.030401 -0.285666 0.366430 0.912943 0.179618 3.431101 -0.095553 -0.155101 0.983267 0.601001 0.000000 0.000000 0.000000 1.000000
0.926492 -0.374737 0.034401 -0.282931 0.363917 0.915491 0.171575 3.419747 -0.095790 -0.146444 0.984570 0.597296 0.000000 0.000000 0.000000 1.000000
0.927329 -0.372463 0.036488 -0.281908 0.361937 0.917356 0.165704 3.411335 -0.095191 -0.140456 0.985500 0.594957 0.000000 0.000000 0.000000 1.000000
0.924859 -0.379033 0.031121 -0.284098 0.368302 0.913055 0.175165 3.424549 -0.094809 -0.150541 0.984047 0.599278 0.000000 0.000000 0.000000 1.000000
0.913892 -0.405899 0.006924 -0.294766 0.393726 0.890381 0.228472 3.495769 -0.098902 -0.206073 0.973526 0.620928 0.000000 0.000000 0.000000 1.000000
0.909525 -0.415580 -0.007498 -0.302238 0.403409 0.878252 0.256776 3.533645 -0.100126 -0.236569 0.966441 0.632955 0.000000 0.000000 0.000000 1.000000
0.907934 -0.418908 -0.013068 -0.305006 0.406746 0.873198 0.268480 3.549648 -0.101058 -0.249077 0.963196 0.638220 0.000000 0.000000 0.000000 1.000000
0.907408 -0.420000 -0.014511 -0.305986 0.407561 0.871061 0.274129 3.556970 -0.102494 -0.254660 0.961584 0.640534 0.000000 0.000000 0.000000 1.000000
0.908324 -0.418033 -0.014011 -0.307548 0.405176 0.871084 0.277568 3.559448 -0.103828 -0.257799 0.960604 0.640955 0.000000 0.000000 0.000000 1.000000
0.911749 -0.410537 -0.013164 -0.312631 0.397411 0.873590 0.280896 3.557480 -0.103819 -0.261338 0.959647 0.639661 0.000000 0.000000 0.000000 1.000000
0.920784 -0.389938 -0.010263 -0.324665 0.377314 0.883682 0.277016 3.535644 -0.098949 -0.258944 0.960811 0.631642 0.000000 0.000000 0.000000 1.000000
0.932558 -0.360968 -0.006150 -0.340338 0.349442 0.898236 0.266571 3.499631 -0.090699 -0.250742 0.963795 0.618983 0.000000 0.000000 0.000000 1.000000
0.943798 -0.330513 -0.002161 -0.355393 0.320366 0.913175 0.251942 3.458949 -0.081297 -0.238475 0.967740 0.605034 0.000000 0.000000 0.000000 1.000000
0.952084 -0.305834 0.000698 -0.365361 0.297065 0.925321 0.235652 3.423111 -0.072716 -0.224153 0.971837 0.593220 0.000000 0.000000 0.000000 1.000000
0.955927 -0.293594 0.002196 -0.366851 0.285895 0.932509 0.220657 3.401268 -0.066831 -0.210304 0.975349 0.586902 0.000000 0.000000 0.000000 1.000000
0.956482 -0.291759 0.004154 -0.365182 0.284493 0.935633 0.208935 3.391628 -0.064846 -0.198660 0.977921 0.584642 0.000000 0.000000 0.000000 1.000000
0.955391 -0.295271 0.006531 -0.362740 0.288281 0.937122 0.196710 3.380340 -0.064203 -0.186052 0.980440 0.581198 0.000000 0.000000 0.000000 1.000000
0.954100 -0.299360 0.008782 -0.360957 0.293006 0.939111 0.179487 3.352690 -0.061979 -0.168675 0.983721 0.570384 0.000000 0.000000 0.000000 1.000000
0.953717 -0.300529 0.010282 -0.371078 0.295208 0.942241 0.158217 3.299579 -0.057237 -0.147859 0.987351 0.467804 0.000000 0.000000 0.000000 1.000000
0.953783 -0.300311 0.010565 -0.377024 0.295324 0.943279 0.151679 3.280285 -0.055516 -0.141549 0.988374 0.414220 0.000000 0.000000 0.000000 1.000000
0.953797 -0.300263 0.010578 -0.377669 0.295304 0.943368 0.151162 3.278742 -0.055368 -0.141054 0.988452 0.409655 0.000000 0.000000 0.000000 1.000000
0.954133 -0.299259 0.008590 -0.380690 0.292745 0.938600 0.182560 3.298172 -0.062696 -0.171672 0.983157 0.498474 0.000000 0.000000 0.000000 1.000000
0.954482 -0.298194 0.006634 -0.385576 0.289953 0.932860 0.213770 3.326241 -0.069933 -0.202116 0.976861 0.620705 0.000000 0.000000 0.000000 1.000000
0.954369 -0.298558 0.006457 -0.391225 0.290448 0.933033 0.212336 3.343498 -0.069420 -0.200771 0.977175 0.675957 0.000000 0.000000 0.000000 1.000000
0.954873 -0.296946 0.006255 -0.400092 0.289378 0.934868 0.205623 3.358456 -0.066907 -0.194534 0.978611 0.709461 0.000000 0.000000 0.000000 1.000000
0.957224 -0.289276 0.006453 -0.414248 0.282838 0.940158 0.190010 3.368063 -0.061032 -0.180056 0.981761 0.726981 0.000000 0.000000 0.000000 1.000000
0.962444 -0.271386 0.007141 -0.435916 0.266707 0.950104 0.161764 3.369118 -0.050685 -0.153784 0.986803 0.733478 0.000000 0.000000 0.000000 1.000000
0.970996 -0.238971 0.007706 -0.467644 0.236458 0.964561 0.117086 3.358596 -0.035413 -0.111867 0.993092 0.733961 0.000000 0.000000 0.000000 1.000000
0.984687 -0.174221 0.006098 -0.512186 0.173614 0.983216 0.056059 3.335755 -0.015762 -0.054142 0.998409 0.699140 0.000000 0.000000 0.000000 1.000000
0.996686 -0.081310 -0.002023 -0.565716 0.081299 0.996677 -0.004898 3.314666 0.002414 0.004718 0.999986 0.616664 0.000000 0.000000 0.000000 1.000000
0.999827 0.009389 -0.016050 -0.618631 -0.010098 0.998950 -0.044672 3.313764 0.015614 0.044827 0.998873 0.518039 0.000000 0.000000 0.000000 1.000000
0.996491 0.078335 -0.029479 -0.659276 -0.079891 0.995232 -0.055945 3.335801 0.024956 0.058104 0.997999 0.429150 0.000000 0.000000 0.000000 1.000000
0.992283 0.118608 -0.036138 -0.677056 -0.120196 0.991706 -0.045512 3.368718 0.030440 0.049504 0.998310 0.369156 0.000000 0.000000 0.000000 1.000000
0.990831 0.130236 -0.035927 -0.677658 -0.131152 0.991061 -0.024443 3.399961 0.032423 0.028931 0.999056 0.347337 0.000000 0.000000 0.000000 1.000000
0.991247 0.127634 -0.033729 -0.675711 -0.127848 0.991784 -0.004276 3.424085 0.032906 0.008551 0.999422 0.341525 0.000000 0.000000 0.000000 1.000000
0.991801 0.123713 -0.031990 -0.674013 -0.123494 0.992306 0.008737 3.439591 0.032825 -0.004715 0.999450 0.328813 0.000000 0.000000 0.000000 1.000000
0.992174 0.120952 -0.030983 -0.672759 -0.120522 0.992590 0.015414 3.447772 0.032617 -0.011560 0.999401 0.313366 0.000000 0.000000 0.000000 1.000000
0.992408 0.119143 -0.030501 -0.671473 -0.118624 0.992770 0.018311 3.450532 0.032462 -0.014554 0.999367 0.305787 0.000000 0.000000 0.000000 1.000000
0.992959 0.115039 -0.028225 -0.668560 -0.114576 0.993260 0.017498 3.446911 0.030047 -0.014141 0.999449 0.308912 0.000000 0.000000 0.000000 1.000000
0.994150 0.105533 -0.022951 -0.662487 -0.105252 0.994358 0.013138 3.435993 0.024208 -0.010645 0.999650 0.318593 0.000000 0.000000 0.000000 1.000000
0.995753 0.090629 -0.016128 -0.653014 -0.090511 0.995863 0.007925 3.420121 0.016779 -0.006432 0.999839 0.335772 0.000000 0.000000 0.000000 1.000000
0.997486 0.070256 -0.009230 -0.639912 -0.070217 0.997521 0.004520 3.401623 0.009525 -0.003861 0.999947 0.361407 0.000000 0.000000 0.000000 1.000000
0.999013 0.044233 -0.003825 -0.622985 -0.044211 0.999006 0.005514 3.382830 0.004065 -0.005339 0.999977 0.396535 0.000000 0.000000 0.000000 1.000000
0.999923 0.012255 -0.001673 -0.602084 -0.012231 0.999835 0.013430 3.366001 0.001838 -0.013408 0.999908 0.441998 0.000000 0.000000 0.000000 1.000000
0.999578 -0.028404 -0.006020 -0.577707 0.028592 0.999015 0.033901 3.354976 0.005051 -0.034059 0.999407 0.498608 0.000000 0.000000 0.000000 1.000000
0.996486 -0.081072 -0.021015 -0.556076 0.082447 0.993695 0.075976 3.356756 0.014723 -0.077442 0.996888 0.554681 0.000000 0.000000 0.000000 1.000000
0.992086 -0.120821 -0.034146 -0.544626 0.123983 0.985628 0.114731 3.364513 0.019794 -0.118057 0.992810 0.583496 0.000000 0.000000 0.000000 1.000000
0.989598 -0.138289 -0.039645 -0.541711 0.142479 0.980239 0.137217 3.371883 0.019886 -0.141438 0.989748 0.588393 0.000000 0.000000 0.000000 1.000000
0.988453 -0.145125 -0.043565 -0.541049 0.150093 0.977189 0.150240 3.377291 0.020767 -0.155044 0.987689 0.590900 0.000000 0.000000 0.000000 1.000000
0.988141 -0.146391 -0.046334 -0.541383 0.151907 0.976014 0.155945 3.379327 0.022394 -0.161134 0.986678 0.591938 0.000000 0.000000 0.000000 1.000000
0.987935 -0.147039 -0.048625 -0.541563 0.152926 0.975793 0.156332 3.376497 0.024461 -0.161882 0.986507 0.592113 0.000000 0.000000 0.000000 1.000000
0.988523 -0.144266 -0.044828 -0.539023 0.149037 0.979814 0.133230 3.358489 0.024702 -0.138382 0.990071 0.584675 0.000000 0.000000 0.000000 1.000000
0.989908 -0.136917 -0.036548 -0.535582 0.139719 0.986065 0.090289 3.326145 0.023677 -0.094485 0.995245 0.568451 0.000000 0.000000 0.000000 1.000000
0.990751 -0.131758 -0.032438 -0.534796 0.133427 0.989463 0.056203 3.292760 0.024691 -0.060011 0.997893 0.552616 0.000000 0.000000 0.000000 1.000000
0.991031 -0.129677 -0.032246 -0.535859 0.130773 0.990808 0.034581 3.263282 0.027465 -0.038488 0.998882 0.539932 0.000000 0.000000 0.000000 1.000000
0.990992 -0.129538 -0.033970 -0.537632 0.130347 0.991205 0.022789 3.240669 0.030720 -0.027012 0.999163 0.531069 0.000000 0.000000 0.000000 1.000000
0.990859 -0.130084 -0.035722 -0.539031 0.130789 0.991243 0.018167 3.227916 0.033046 -0.022673 0.999197 0.526472 0.000000 0.000000 0.000000 1.000000
0.990803 -0.130426 -0.036035 -0.539166 0.131136 0.991198 0.018093 3.227010 0.033358 -0.022652 0.999187 0.526067 0.000000 0.000000 0.000000 1.000000
0.990585 -0.132052 -0.036090 -0.538476 0.132859 0.990913 0.020942 3.233147 0.032997 -0.025540 0.999129 0.527452 0.000000 0.000000 0.000000 1.000000
0.990173 -0.135077 -0.036199 -0.537179 0.136058 0.990354 0.026161 3.244148 0.032316 -0.030829 0.999002 0.529971 0.000000 0.000000 0.000000 1.000000
0.989587 -0.139265 -0.036365 -0.535364 0.140478 0.989525 0.033250 3.258686 0.031353 -0.038012 0.998786 0.533356 0.000000 0.000000 0.000000 1.000000
0.988845 -0.144378 -0.036599 -0.533115 0.145861 0.988425 0.041702 3.275384 0.030154 -0.046575 0.998460 0.537160 0.000000 0.000000 0.000000 1.000000
0.987970 -0.150178 -0.036887 -0.530529 0.151947 0.987070 0.051023 3.292990 0.028747 -0.056014 0.998016 0.541413 0.000000 0.000000 0.000000 1.000000
0.986987 -0.156428 -0.037227 -0.527684 0.158481 0.985493 0.060708 3.310136 0.027190 -0.065818 0.997461 0.545724 0.000000 0.000000 0.000000 1.000000
0.985927 -0.162892 -0.037597 -0.524665 0.165212 0.983752 0.070258 3.325512 0.025541 -0.075480 0.996820 0.549915 0.000000 0.000000 0.000000 1.000000
0.984826 -0.169338 -0.037978 -0.521535 0.171893 0.981929 0.079165 3.337703 0.023886 -0.084492 0.996138 0.553478 0.000000 0.000000 0.000000 1.000000
0.983645 -0.175970 -0.038437 -0.518385 0.178719 0.980071 0.086710 3.346937 0.022412 -0.092161 0.995492 0.556508 0.000000 0.000000 0.000000 1.000000
0.982337 -0.183000 -0.039041 -0.515280 0.185909 0.978190 0.092632 3.354396 0.021238 -0.098254 0.994935 0.559053 0.000000 0.000000 0.000000 1.000000
0.980938 -0.190209 -0.039750 -0.512259 0.193251 0.976330 0.097122 3.360184 0.020336 -0.102953 0.994478 0.560867 0.000000 0.000000 0.000000 1.000000
0.979491 -0.197375 -0.040503 -0.509379 0.200527 0.974530 0.100390 3.364584 0.019657 -0.106453 0.994123 0.562285 0.000000 0.000000 0.000000 1.000000
0.978043 -0.204278 -0.041244 -0.506689 0.207518 0.972831 0.102641 3.367826 0.019157 -0.108946 0.993863 0.563440 0.000000 0.000000 0.000000 1.000000
0.976650 -0.210703 -0.041939 -0.504230 0.214012 0.971271 0.104063 3.370002 0.018807 -0.110609 0.993686 0.564061 0.000000 0.000000 0.000000 1.000000
0.975371 -0.216429 -0.042524 -0.502062 0.219786 0.969893 0.104874 3.371452 0.018546 -0.111637 0.993576 0.564633 0.000000 0.000000 0.000000 1.000000
0.974271 -0.221244 -0.042975 -0.500225 0.224631 0.968741 0.105262 3.372237 0.018343 -0.112207 0.993516 0.564782 0.000000 0.000000 0.000000 1.000000
0.973416 -0.224925 -0.043237 -0.498780 0.228325 0.967858 0.105440 3.372685 0.018131 -0.112509 0.993485 0.564939 0.000000 0.000000 0.000000 1.000000
0.972861 -0.227300 -0.043302 -0.497775 0.230696 0.967279 0.105586 3.372951 0.017886 -0.112710 0.993467 0.565054 0.000000 0.000000 0.000000 1.000000
0.972540 -0.228675 -0.043269 -0.497084 0.232062 0.966936 0.105735 3.373144 0.017660 -0.112873 0.993452 0.565150 0.000000 0.000000 0.000000 1.000000
0.972335 -0.229583 -0.043069 -0.496314 0.232947 0.966693 0.106007 3.373392 0.017297 -0.113107 0.993432 0.565309 0.000000 0.000000 0.000000 1.000000
0.972128 -0.230547 -0.042609 -0.495053 0.233862 0.966414 0.106535 3.373771 0.016617 -0.113531 0.993395 0.565455 0.000000 0.000000 0.000000 1.000000
0.971797 -0.232087 -0.041785 -0.492897 0.235314 0.965959 0.107469 3.374508 0.015420 -0.114270 0.993330 0.565960 0.000000 0.000000 0.000000 1.000000
0.971218 -0.234724 -0.040506 -0.489434 0.237809 0.965182 0.108943 3.375683 0.013524 -0.115440 0.993222 0.566752 0.000000 0.000000 0.000000 1.000000
0.970254 -0.238978 -0.038683 -0.484260 0.241851 0.963931 0.111104 3.377438 0.010736 -0.117154 0.993056 0.567933 0.000000 0.000000 0.000000 1.000000
0.968752 -0.245370 -0.036236 -0.476968 0.247936 0.962034 0.114092 3.379856 0.006866 -0.119511 0.992809 0.569418 0.000000 0.000000 0.000000 1.000000
0.965558 -0.258231 -0.031830 -0.462542 0.260186 0.958162 0.119276 3.384776 -0.000302 -0.123450 0.992351 0.571714 0.000000 0.000000 0.000000 1.000000
0.959887 -0.279270 -0.024990 -0.438830 0.280140 0.951489 0.127238 3.393056 -0.011756 -0.129134 0.991558 0.574906 0.000000 0.000000 0.000000 1.000000
0.952184 -0.305054 -0.016914 -0.409729 0.304429 0.942640 0.136933 3.403377 -0.025828 -0.135534 0.990436 0.578529 0.000000 0.000000 0.000000 1.000000
0.943182 -0.332161 -0.008704 -0.379082 0.329762 0.932509 0.147248 3.414477 -0.040793 -0.141752 0.989061 0.582487 0.000000 0.000000 0.000000 1.000000
0.934010 -0.357243 -0.001351 -0.350658 0.353014 0.922357 0.156959 3.424950 -0.054827 -0.147078 0.987604 0.586500 0.000000 0.000000 0.000000 1.000000
0.926180 -0.377056 0.004299 -0.328134 0.371251 0.913797 0.164761 3.433380 -0.066053 -0.151003 0.986324 0.590474 0.000000 0.000000 0.000000 1.000000
0.921436 -0.388459 0.007485 -0.315138 0.381694 0.908650 0.169304 3.438289 -0.072569 -0.153145 0.985535 0.594253 0.000000 0.000000 0.000000 1.000000
0.921103 -0.389247 0.007422 -0.314235 0.382392 0.908132 0.170498 3.438251 -0.073106 -0.154208 0.985330 0.597716 0.000000 0.000000 0.000000 1.000000
0.923557 -0.383441 0.003849 -0.320730 0.377001 0.909789 0.173645 3.433283 -0.070085 -0.158920 0.984801 0.600705 0.000000 0.000000 0.000000 1.000000
0.927814 -0.373036 -0.002255 -0.332093 0.367555 0.913113 0.176428 3.425269 -0.063755 -0.164521 0.984311 0.603174 0.000000 0.000000 0.000000 1.000000
0.933144 -0.359367 -0.009857 -0.346652 0.355440 0.918140 0.175158 3.416166 -0.053896 -0.166951 0.984491 0.604983 0.000000 0.000000 0.000000 1.000000
0.938819 -0.343938 -0.018008 -0.362736 0.342021 0.924886 0.166148 3.408021 -0.040489 -0.162142 0.985936 0.606255 0.000000 0.000000 0.000000 1.000000
0.945322 -0.325474 -0.020774 -0.377671 0.324975 0.934670 0.144155 3.397548 -0.027502 -0.143024 0.989337 0.598722 0.000000 0.000000 0.000000 1.000000
0.950847 -0.309068 -0.019177 -0.394117 0.309030 0.943127 0.122519 3.387889 -0.019780 -0.122423 0.992281 0.586367 0.000000 0.000000 0.000000 1.000000
0.953522 -0.300510 -0.022146 -0.418276 0.300878 0.945530 0.124269 3.392453 -0.016405 -0.125156 0.992001 0.587995 0.000000 0.000000 0.000000 1.000000
0.960328 -0.276902 -0.033095 -0.449528 0.278701 0.948780 0.148796 3.420520 -0.009802 -0.152116 0.988314 0.610198 0.000000 0.000000 0.000000 1.000000
0.968133 -0.246569 -0.043841 -0.473738 0.250423 0.951330 0.179605 3.450250 -0.002578 -0.184861 0.982761 0.632102 0.000000 0.000000 0.000000 1.000000
0.973490 -0.223648 -0.047940 -0.479695 0.228728 0.952403 0.201518 3.459423 0.000589 -0.207141 0.978311 0.636092 0.000000 0.000000 0.000000 1.000000
0.976573 -0.209402 -0.049551 -0.480528 0.215174 0.952597 0.215075 3.453700 0.002164 -0.220699 0.975339 0.635894 0.000000 0.000000 0.000000 1.000000
0.978205 -0.201458 -0.050289 -0.479828 0.207618 0.952482 0.222870 3.439685 0.003000 -0.228454 0.973550 0.635267 0.000000 0.000000 0.000000 1.000000
0.978901 -0.197989 -0.050524 -0.478099 0.204308 0.952339 0.226509 3.422042 0.003270 -0.232052 0.972698 0.634635 0.000000 0.000000 0.000000 1.000000
0.979071 -0.197146 -0.050532 -0.475805 0.203493 0.952260 0.227572 3.405340 0.003255 -0.233091 0.972449 0.634084 0.000000 0.000000 0.000000 1.000000
0.978866 -0.198292 -0.050016 -0.473106 0.204485 0.952283 0.226586 3.393712 0.002699 -0.232025 0.972706 0.633750 0.000000 0.000000 0.000000 1.000000
0.978110 -0.202753 -0.046808 -0.469512 0.208086 0.953274 0.219014 3.386008 0.000215 -0.223959 0.974598 0.632127 0.000000 0.000000 0.000000 1.000000
0.979008 -0.199313 -0.042636 -0.467308 0.203822 0.957139 0.205769 3.379218 -0.000204 -0.210139 0.977671 0.626447 0.000000 0.000000 0.000000 1.000000
0.983385 -0.177490 -0.038095 -0.472676 0.181453 0.967285 0.177294 3.366966 0.005381 -0.181261 0.983420 0.607439 0.000000 0.000000 0.000000 1.000000
0.989558 -0.140100 -0.033850 -0.488429 0.143351 0.981079 0.130127 3.349051 0.014978 -0.133621 0.990919 0.571969 0.000000 0.000000 0.000000 1.000000
0.994994 -0.094630 -0.032106 -0.512012 0.096829 0.992411 0.075782 3.331705 0.024691 -0.078511 0.996607 0.525838 0.000000 0.000000 0.000000 1.000000
0.998229 -0.049138 -0.033523 -0.540149 0.050036 0.998395 0.026490 3.321199 0.032168 -0.028120 0.999087 0.475859 0.000000 0.000000 0.000000 1.000000
0.999249 -0.011736 -0.036910 -0.568751 0.011542 0.999918 -0.005466 3.323571 0.036971 0.005036 0.999304 0.430117 0.000000 0.000000 0.000000 1.000000
0.999129 0.014715 -0.039015 -0.593798 -0.015163 0.999822 -0.011204 3.342217 0.038843 0.011786 0.999176 0.395097 0.000000 0.000000 0.000000 1.000000
0.998586 0.036452 -0.038668 -0.614843 -0.036560 0.999329 -0.002095 3.368987 0.038565 0.003505 0.999250 0.368890 0.000000 0.000000 0.000000 1.000000
0.997626 0.057934 -0.037202 -0.632749 -0.057724 0.998310 0.006672 3.394145 0.037525 -0.004508 0.999286 0.347788 0.000000 0.000000 0.000000 1.000000
0.996281 0.078599 -0.035270 -0.647541 -0.078202 0.996859 0.012505 3.415333 0.036142 -0.009700 0.999299 0.331041 0.000000 0.000000 0.000000 1.000000
0.994759 0.096671 -0.033282 -0.658999 -0.096182 0.995235 0.015981 3.432020 0.034668 -0.012696 0.999318 0.318598 0.000000 0.000000 0.000000 1.000000
0.993382 0.110410 -0.031621 -0.666888 -0.109891 0.993785 0.017698 3.443677 0.033379 -0.014106 0.999343 0.310391 0.000000 0.000000 0.000000 1.000000
0.992528 0.118101 -0.030638 -0.670953 -0.117581 0.992895 0.018268 3.449748 0.032578 -0.014529 0.999364 0.306295 0.000000 0.000000 0.000000 1.000000
0.992408 0.119143 -0.030501 -0.671473 -0.118624 0.992770 0.018311 3.450532 0.032462 -0.014554 0.999367 0.305787 0.000000 0.000000 0.000000 1.000000
0.992408 0.119143 -0.030501 -0.671473 -0.118624 0.992770 0.018311 3.450532 0.032462 -0.014554 0.999367 0.305787 0.000000 0.000000 0.000000 1.000000
0.992408 0.119143 -0.030501 -0.671473 -0.118624 0.992770 0.018311 3.450532 0.032462 -0.014554 0.999367 0.305787 0.000000 0.000000 0.000000 1.000000
0.992408 0.119143 -0.030501 -0.671473 -0.118624 0.992770 0.018311 3.450532 0.032462 -0.014554 0.999367 0.305787 0.000000 0.000000 0.000000 1.000000
0.992408 0.119143 -0.030501 -0.671473 -0.118624 0.992770 0.018311 3.450532 0.032462 -0.014554 0.999367 0.305787 0.000000 0.000000 0.000000 1.000000
0.992408 0.119143 -0.030501 -0.671473 -0.118624 0.992770 0.018311 3.450532 0.032462 -0.014554 0.999367 0.305787 0.000000 0.000000 0.000000 1.000000
0.992408 0.119143 -0.030501 -0.671473 -0.118624 0.992770 0.018311 3.450532 0.032462 -0.014554 0.999367 0.305787 0.000000 0.000000 0.000000 1.000000
0.992408 0.119143 -0.030501 -0.671473 -0.118624 0.992770 0.018311 3.450532 0.032462 -0.014554 0.999367 0.305787 0.000000 0.000000 0.000000 1.000000
0.992408 0.119143 -0.030501 -0.671473 -0.118624 0.992770 0.018311 3.450532 0.032462 -0.014554 0.999367 0.305787 0.000000 0.000000 0.000000 1.000000
0.992408 0.119143 -0.030501 -0.671473 -0.118624 0.992770 0.018311 3.450532 0.032462 -0.014554 0.999367 0.305787 0.000000 0.000000 0.000000 1.000000
0.992408 0.119143 -0.030501 -0.671473 -0.118624 0.992770 0.018311 3.450532 0.032462 -0.014554 0.999367 0.305787 0.000000 0.000000 0.000000 1.000000
0.992408 0.119143 -0.030501 -0.671473 -0.118624 0.992770 0.018311 3.450532 0.032462 -0.014554 0.999367 0.305787 0.000000 0.000000 0.000000 1.000000
0.992408 0.119143 -0.030501 -0.671473 -0.118624 0.992770 0.018311 3.450532 0.032462 -0.014554 0.999367 0.305787 0.000000 0.000000 0.000000 1.000000
0.992408 0.119143 -0.030501 -0.671473 -0.118624 0.992770 0.018311 3.450532 0.032462 -0.014554 0.999367 0.305787 0.000000 0.000000 0.000000 1.000000
0.992408 0.119143 -0.030501 -0.671473 -0.118624 0.992770 0.018311 3.450532 0.032462 -0.014554 0.999367 0.305787 0.000000 0.000000 0.000000 1.000000
0.992408 0.119143 -0.030501 -0.671473 -0.118624 0.992770 0.018311 3.450532 0.032462 -0.014554 0.999367 0.305787 0.000000 0.000000 0.000000 1.000000
0.992408 0.119143 -0.030501 -0.671473 -0.118624 0.992770 0.018311 3.450532 0.032462 -0.014554 0.999367 0.305787 0.000000 0.000000 0.000000 1.000000
0.992408 0.119143 -0.030501 -0.671473 -0.118624 0.992770 0.018311 3.450532 0.032462 -0.014554 0.999367 0.305787 0.000000 0.000000 0.000000 1.000000
0.992408 0.119143 -0.030501 -0.671473 -0.118624 0.992770 0.018311 3.450532 0.032462 -0.014554 0.999367 0.305787 0.000000 0.000000 0.000000 1.000000
0.992408 0.119143 -0.030501 -0.671473 -0.118624 0.992770 0.018311 3.450532 0.032462 -0.014554 0.999367 0.305787 0.000000 0.000000 0.000000 1.000000
0.992408 0.119143 -0.030501 -0.671473 -0.118624 0.992770 0.018311 3.450532 0.032462 -0.014554 0.999367 0.305787 0.000000 0.000000 0.000000 1.000000
0.992408 0.119143 -0.030501 -0.671473 -0.118624 0.992770 0.018311 3.450532 0.032462 -0.014554 0.999367 0.305787 0.000000 0.000000 0.000000 1.000000
0.992408 0.119143 -0.030501 -0.671473 -0.118624 0.992770 0.018311 3.450532 0.032462 -0.014554 0.999367 0.305787 0.000000 0.000000 0.000000 1.000000
0.992408 0.119143 -0.030501 -0.671473 -0.118624 0.992770 0.018311 3.450532 0.032462 -0.014554 0.999367 0.305787 0.000000 0.000000 0.000000 1.000000
0.992408 0.119143 -0.030501 -0.671473 -0.118624 0.992770 0.018311 3.450532 0.032462 -0.014554 0.999367 0.305787 0.000000 0.000000 0.000000 1.000000</float_array>
     <technique_common>
      <accessor source="#Armature.003-Matrix-animation-output-transform-array" count="183" stride="16">
       <param type="float4x4"></param>
      </accessor>
     </technique_common>
    </source>
    <source id="Armature.003-Interpolations">
     <Name_array id="Armature.003-Interpolations-array" count="183">
 LINEAR LINEAR LINEAR LINEAR LINEAR LINEAR LINEAR LINEAR LINEAR LINEAR LINEAR
LINEAR LINEAR LINEAR LINEAR LINEAR LINEAR LINEAR LINEAR LINEAR LINEAR LINEAR LINEAR
LINEAR LINEAR LINEAR LINEAR LINEAR LINEAR LINEAR LINEAR LINEAR LINEAR LINEAR LINEAR
LINEAR LINEAR LINEAR LINEAR LINEAR LINEAR LINEAR LINEAR LINEAR LINEAR LINEAR LINEAR
LINEAR LINEAR LINEAR LINEAR LINEAR LINEAR LINEAR LINEAR LINEAR LINEAR LINEAR LINEAR
LINEAR LINEAR LINEAR LINEAR LINEAR LINEAR LINEAR LINEAR LINEAR LINEAR LINEAR LINEAR
LINEAR LINEAR LINEAR LINEAR LINEAR LINEAR LINEAR LINEAR LINEAR LINEAR LINEAR LINEAR
LINEAR LINEAR LINEAR LINEAR LINEAR LINEAR LINEAR LINEAR LINEAR LINEAR LINEAR LINEAR
LINEAR LINEAR LINEAR LINEAR LINEAR LINEAR LINEAR LINEAR LINEAR LINEAR LINEAR LINEAR
LINEAR LINEAR LINEAR LINEAR LINEAR LINEAR LINEAR LINEAR LINEAR LINEAR LINEAR LINEAR
LINEAR LINEAR LINEAR LINEAR LINEAR LINEAR LINEAR LINEAR LINEAR LINEAR LINEAR LINEAR
LINEAR LINEAR LINEAR LINEAR LINEAR LINEAR LINEAR LINEAR LINEAR LINEAR LINEAR LINEAR
LINEAR LINEAR LINEAR LINEAR LINEAR LINEAR LINEAR LINEAR LINEAR LINEAR LINEAR LINEAR
LINEAR LINEAR LINEAR LINEAR LINEAR LINEAR LINEAR LINEAR LINEAR LINEAR LINEAR LINEAR
LINEAR LINEAR LINEAR LINEAR LINEAR LINEAR LINEAR LINEAR LINEAR LINEAR LINEAR LINEAR
LINEAR LINEAR LINEAR LINEAR</Name_array>
     <technique_common>
      <accessor source="#Armature.003-Interpolations-array" count="183">
       <param type="name"></param>
      </accessor>
     </technique_common>
    </source>
    <sampler id="Armature.003-Matrix-animation-transform">
     <input semantic="INPUT" source="#Armature.003-Matrix-animation-input"></input>
     <input semantic="OUTPUT" source="#Armature.003-Matrix-animation-output-transform"></input>
     <input semantic="INTERPOLATION" source="#Armature.003-Interpolations"></input>
    </sampler>
    <channel source="#Armature.003-Matrix-animation-transform" target="Armature.003/matrix"></channel>
   </animation>
  </animation>
  <animation id="jnt_anim-anim" name="jnt_anim">
   <animation>
    <source id="jnt_anim-Matrix-animation-input">
     <float_array id="jnt_anim-Matrix-animation-input-array" count="183">

0.000000 0.033333 0.066667 0.100000 0.133333 0.166667 0.200000 0.233333 0.266667 0.300000 0.333333 0.366667 0.400000 0.433333 0.466667 0.500000
0.533333 0.566667 0.600000 0.633333 0.666667 0.700000 0.733333 0.766667 0.800000 0.833333 0.866667 0.900000 0.933333 0.966667 1.000000 1.033333
1.066667 1.100000 1.133333 1.166667 1.200000 1.233333 1.266667 1.300000 1.333333 1.366667 1.400000 1.433333 1.466667 1.500000 1.533333 1.566667
1.600000 1.633333 1.666667 1.700000 1.733333 1.766667 1.800000 1.833333 1.866667 1.900000 1.933333 1.966667 2.000000 2.033333 2.066667 2.100000
2.133333 2.166667 2.200000 2.233333 2.266667 2.300000 2.333333 2.366667 2.400000 2.433333 2.466667 2.500000 2.533333 2.566667 2.600000 2.633333
2.666667 2.700000 2.733333 2.766667 2.800000 2.833333 2.866667 2.900000 2.933333 2.966667 3.000000 3.033333 3.066667 3.100000 3.133333 3.166667
3.200000 3.233333 3.266667 3.300000 3.333333 3.366667 3.400000 3.433333 3.466667 3.500000 3.533333 3.566667 3.600000 3.633333 3.666667 3.700000
3.733333 3.766667 3.800000 3.833333 3.866667 3.900000 3.933333 3.966667 4.000000 4.033333 4.066667 4.100000 4.133333 4.166667 4.200000 4.233333
4.266667 4.300000 4.333333 4.366667 4.400000 4.433333 4.466667 4.500000 4.533333 4.566667 4.600000 4.633333 4.666667 4.700000 4.733333 4.766667
4.800000 4.833333 4.866667 4.900000 4.933333 4.966667 5.000000 5.033333 5.066667 5.100000 5.133333 5.166667 5.200000 5.233333 5.266667 5.300000
5.333333 5.366667 5.400000 5.433333 5.466667 5.500000 5.533333 5.566667 5.600000 5.633333 5.666667 5.700000 5.733333 5.766667 5.800000 5.833333
5.866667 5.900000 5.933333 5.966667 6.000000 6.033333 6.066667</float_array>
     <technique_common>
      <accessor source="#jnt_anim-Matrix-animation-input-array" count="183">
       <param name="TIME" type="float"></param>
      </accessor>
     </technique_common>
    </source>
    <source id="jnt_anim-Matrix-animation-output-transform">
     <float_array id="jnt_anim-Matrix-animation-output-transform-array" count="2928">

1.000000 -0.000000 -0.000000 0.000000 0.000000 1.000000 -0.000000 0.000000 0.000000 0.000000 1.000000 0.000000 0.000000 0.000000 0.000000 1.000000
1.000000 -0.000000 -0.000000 0.000000 0.000000 1.000000 -0.000000 0.000000 0.000000 0.000000 1.000000 0.000000 0.000000 0.000000 0.000000 1.000000
1.000000 -0.000000 -0.000000 0.000000 0.000000 1.000000 -0.000000 0.000000 0.000000 0.000000 1.000000 0.000000 0.000000 0.000000 0.000000 1.000000
1.000000 -0.000000 -0.000000 0.000000 0.000000 1.000000 -0.000000 0.000000 0.000000 0.000000 1.000000 0.000000 0.000000 0.000000 0.000000 1.000000
1.000000 -0.000000 -0.000000 0.000000 0.000000 1.000000 -0.000000 0.000000 0.000000 0.000000 1.000000 0.000000 0.000000 0.000000 0.000000 1.000000
1.000000 -0.000000 -0.000000 0.000000 0.000000 1.000000 -0.000000 0.000000 0.000000 0.000000 1.000000 0.000000 0.000000 0.000000 0.000000 1.000000
1.000000 -0.000000 -0.000000 0.000000 0.000000 1.000000 -0.000000 0.000000 0.000000 0.000000 1.000000 0.000000 0.000000 0.000000 0.000000 1.000000
1.000000 -0.000000 -0.000000 0.000000 0.000000 1.000000 -0.000000 0.000000 0.000000 0.000000 1.000000 0.000000 0.000000 0.000000 0.000000 1.000000
1.000000 -0.000000 -0.000000 0.000000 0.000000 1.000000 -0.000000 0.000000 0.000000 0.000000 1.000000 0.000000 0.000000 0.000000 0.000000 1.000000
1.000000 -0.000000 -0.000000 0.000000 0.000000 1.000000 -0.000000 0.000000 0.000000 0.000000 1.000000 0.000000 0.000000 0.000000 0.000000 1.000000
1.000000 -0.000000 -0.000000 0.000000 0.000000 1.000000 -0.000000 0.000000 0.000000 0.000000 1.000000 0.000000 0.000000 0.000000 0.000000 1.000000
1.000000 -0.000000 -0.000000 0.000000 0.000000 1.000000 -0.000000 0.000000 0.000000 0.000000 1.000000 0.000000 0.000000 0.000000 0.000000 1.000000
1.000000 -0.000000 -0.000000 0.000000 0.000000 1.000000 -0.000000 0.000000 0.000000 0.000000 1.000000 0.000000 0.000000 0.000000 0.000000 1.000000
1.000000 -0.000000 -0.000000 0.000000 0.000000 1.000000 -0.000000 0.000000 0.000000 0.000000 1.000000 0.000000 0.000000 0.000000 0.000000 1.000000
1.000000 -0.000000 -0.000000 0.000000 0.000000 1.000000 -0.000000 0.000000 0.000000 0.000000 1.000000 0.000000 0.000000 0.000000 0.000000 1.000000
1.000000 -0.000000 -0.000000 0.000000 0.000000 1.000000 -0.000000 0.000000 0.000000 0.000000 1.000000 0.000000 0.000000 0.000000 0.000000 1.000000
1.000000 -0.000000 -0.000000 0.000000 0.000000 1.000000 -0.000000 0.000000 0.000000 0.000000 1.000000 0.000000 0.000000 0.000000 0.000000 1.000000
1.000000 -0.000000 -0.000000 0.000000 0.000000 1.000000 -0.000000 0.000000 0.000000 0.000000 1.000000 0.000000 0.000000 0.000000 0.000000 1.000000
1.000000 -0.000000 -0.000000 0.000000 0.000000 1.000000 -0.000000 0.000000 0.000000 0.000000 1.000000 0.000000 0.000000 0.000000 0.000000 1.000000
1.000000 -0.000000 -0.000000 0.000000 0.000000 1.000000 -0.000000 0.000000 0.000000 0.000000 1.000000 0.000000 0.000000 0.000000 0.000000 1.000000
1.000000 -0.000000 -0.000000 0.000000 0.000000 1.000000 -0.000000 0.000000 0.000000 0.000000 1.000000 0.000000 0.000000 0.000000 0.000000 1.000000
1.000000 -0.000000 -0.000000 0.000000 0.000000 1.000000 -0.000000 0.000000 0.000000 0.000000 1.000000 0.000000 0.000000 0.000000 0.000000 1.000000
1.000000 -0.000000 -0.000000 0.000000 0.000000 1.000000 -0.000000 0.000000 0.000000 0.000000 1.000000 0.000000 0.000000 0.000000 0.000000 1.000000
1.000000 -0.000000 -0.000000 0.000000 0.000000 1.000000 -0.000000 0.000000 0.000000 0.000000 1.000000 0.000000 0.000000 0.000000 0.000000 1.000000
1.000000 -0.000000 -0.000000 0.000000 0.000000 1.000000 -0.000000 0.000000 0.000000 0.000000 1.000000 0.000000 0.000000 0.000000 0.000000 1.000000
1.000000 -0.000000 -0.000000 0.000000 0.000000 1.000000 -0.000000 0.000000 0.000000 0.000000 1.000000 0.000000 0.000000 0.000000 0.000000 1.000000
1.000000 -0.000000 -0.000000 0.000000 0.000000 1.000000 -0.000000 0.000000 0.000000 0.000000 1.000000 0.000000 0.000000 0.000000 0.000000 1.000000
1.000000 -0.000000 -0.000000 0.000000 0.000000 1.000000 -0.000000 0.000000 0.000000 0.000000 1.000000 0.000000 0.000000 0.000000 0.000000 1.000000
1.000000 -0.000000 -0.000000 0.000000 0.000000 1.000000 -0.000000 0.000000 0.000000 0.000000 1.000000 0.000000 0.000000 0.000000 0.000000 1.000000
1.000000 -0.000000 -0.000000 0.000000 0.000000 1.000000 -0.000000 0.000000 0.000000 0.000000 1.000000 0.000000 0.000000 0.000000 0.000000 1.000000
1.000000 -0.000000 -0.000000 0.000000 0.000000 1.000000 -0.000000 0.000000 0.000000 0.000000 1.000000 0.000000 0.000000 0.000000 0.000000 1.000000
1.000000 -0.000000 -0.000000 0.000000 0.000000 1.000000 -0.000000 0.000000 0.000000 0.000000 1.000000 0.000000 0.000000 0.000000 0.000000 1.000000
1.000000 -0.000000 -0.000000 0.000000 0.000000 1.000000 -0.000000 0.000000 0.000000 0.000000 1.000000 0.000000 0.000000 0.000000 0.000000 1.000000
1.000000 -0.000000 -0.000000 0.000000 0.000000 1.000000 -0.000000 0.000000 0.000000 0.000000 1.000000 0.000000 0.000000 0.000000 0.000000 1.000000
1.000000 -0.000000 -0.000000 0.000000 0.000000 1.000000 -0.000000 0.000000 0.000000 0.000000 1.000000 0.000000 0.000000 0.000000 0.000000 1.000000
1.000000 -0.000000 -0.000000 0.000000 0.000000 1.000000 -0.000000 0.000000 0.000000 0.000000 1.000000 0.000000 0.000000 0.000000 0.000000 1.000000
1.000000 -0.000000 -0.000000 0.000000 0.000000 1.000000 -0.000000 0.000000 0.000000 0.000000 1.000000 0.000000 0.000000 0.000000 0.000000 1.000000
1.000000 -0.000000 -0.000000 0.000000 0.000000 1.000000 -0.000000 0.000000 0.000000 0.000000 1.000000 0.000000 0.000000 0.000000 0.000000 1.000000
