<?xml version="1.0"?>
<COLLADA xmlns="http://www.collada.org/2005/11/COLLADASchema" version="1.4.1">
 <asset>
  <contributor>
   <author></author>
   <authoring_tool>FBX COLLADA exporter</authoring_tool>
   <comments></comments>
  </contributor>
  <created>2024-08-27T18:51:59Z</created>
  <keywords></keywords>
  <modified>2024-08-27T18:51:59Z</modified>
  <revision></revision>
  <subject></subject>
  <title></title>
  <unit meter="0.010000" name="centimeter"></unit>
  <up_axis>Y_UP</up_axis>
 </asset>
 <library_animations>
  <animation id="Armature.003-anim" name="Armature.003">
   <animation>
    <source id="Armature.003-Matrix-animation-input">
     <float_array id="Armature.003-Matrix-animation-input-array" count="120">

0.000000 0.033333 0.066667 0.100000 0.133333 0.166667 0.200000 0.233333 0.266667 0.300000 0.333333 0.366667 0.400000 0.433333 0.466667 0.500000
0.533333 0.566667 0.600000 0.633333 0.666667 0.700000 0.733333 0.766667 0.800000 0.833333 0.866667 0.900000 0.933333 0.966667 1.000000 1.033333
1.066667 1.100000 1.133333 1.166667 1.200000 1.233333 1.266667 1.300000 1.333333 1.366667 1.400000 1.433333 1.466667 1.500000 1.533333 1.566667
1.600000 1.633333 1.666667 1.700000 1.733333 1.766667 1.800000 1.833333 1.866667 1.900000 1.933333 1.966667 2.000000 2.033333 2.066667 2.100000
2.133333 2.166667 2.200000 2.233333 2.266667 2.300000 2.333333 2.366667 2.400000 2.433333 2.466667 2.500000 2.533333 2.566667 2.600000 2.633333
2.666667 2.700000 2.733333 2.766667 2.800000 2.833333 2.866667 2.900000 2.933333 2.966667 3.000000 3.033333 3.066667 3.100000 3.133333 3.166667
3.200000 3.233333 3.266667 3.300000 3.333333 3.366667 3.400000 3.433333 3.466667 3.500000 3.533333 3.566667 3.600000 3.633333 3.666667 3.700000
3.733333 3.766667 3.800000 3.833333 3.866667 3.900000 3.933333 3.966667</float_array>
     <technique_common>
      <accessor source="#Armature.003-Matrix-animation-input-array" count="120">
       <param name="TIME" type="float"></param>
      </accessor>
     </technique_common>
    </source>
    <source id="Armature.003-Matrix-animation-output-transform">
     <float_array id="Armature.003-Matrix-animation-output-transform-array" count="1920">

0.992408 0.119143 -0.030501 -0.671473 -0.118624 0.992770 0.018311 3.450532 0.032462 -0.014554 0.999367 0.305787 0.000000 0.000000 0.000000 1.000000
0.993911 0.106435 -0.028470 -0.664806 -0.105937 0.994201 0.018483 3.441551 0.030272 -0.015355 0.999424 0.323634 0.000000 0.000000 0.000000 1.000000
0.996585 0.079231 -0.023230 -0.649458 -0.078848 0.996742 0.016973 3.420013 0.024499 -0.015083 0.999586 0.361405 0.000000 0.000000 0.000000 1.000000
0.998411 0.054044 -0.015939 -0.632340 -0.053877 0.998490 0.010673 3.393940 0.016491 -0.009797 0.999816 0.395479 0.000000 0.000000 0.000000 1.000000
0.999173 0.039675 -0.008884 -0.619122 -0.039654 0.999210 0.002590 3.372261 0.008980 -0.002235 0.999957 0.413779 0.000000 0.000000 0.000000 1.000000
0.999488 0.031735 -0.003999 -0.610459 -0.031746 0.999492 -0.002682 3.357730 0.003911 0.002807 0.999989 0.422597 0.000000 0.000000 0.000000 1.000000
0.999631 0.027075 -0.001744 -0.605690 -0.027085 0.999615 -0.006019 3.349131 0.001580 0.006064 0.999980 0.426298 0.000000 0.000000 0.000000 1.000000
0.999742 0.022548 -0.002520 -0.604123 -0.022568 0.999711 -0.008267 3.345235 0.002333 0.008322 0.999963 0.429129 0.000000 0.000000 0.000000 1.000000
0.999877 0.013513 -0.007840 -0.606632 -0.013579 0.999872 -0.008422 3.345487 0.007726 0.008528 0.999934 0.435490 0.000000 0.000000 0.000000 1.000000
0.999751 -0.006378 -0.021376 -0.618586 0.006397 0.999979 0.000832 3.351102 0.021371 -0.000969 0.999771 0.446633 0.000000 0.000000 0.000000 1.000000
0.998991 -0.027303 -0.035653 -0.632507 0.027788 0.999526 0.013167 3.358219 0.035276 -0.014144 0.999278 0.458675 0.000000 0.000000 0.000000 1.000000
0.998427 -0.037870 -0.041325 -0.638753 0.038752 0.999033 0.020740 3.362374 0.040500 -0.022309 0.998930 0.467609 0.000000 0.000000 0.000000 1.000000
0.998636 -0.036298 -0.037519 -0.637270 0.037186 0.999037 0.023254 3.362333 0.036639 -0.024617 0.999025 0.471469 0.000000 0.000000 0.000000 1.000000
0.999065 -0.030237 -0.030886 -0.634385 0.031030 0.999192 0.025512 3.360166 0.030090 -0.026446 0.999198 0.472337 0.000000 0.000000 0.000000 1.000000
0.999470 -0.022822 -0.023183 -0.629844 0.023462 0.999339 0.027733 3.356372 0.022535 -0.028262 0.999347 0.472193 0.000000 0.000000 0.000000 1.000000
0.999722 -0.017165 -0.016151 -0.623401 0.017648 0.999388 0.030202 3.351517 0.015622 -0.030479 0.999413 0.473169 0.000000 0.000000 0.000000 1.000000
0.999799 -0.016368 -0.011543 -0.614748 0.016744 0.999305 0.033272 3.346036 0.010990 -0.033459 0.999380 0.476930 0.000000 0.000000 0.000000 1.000000
0.999678 -0.024313 -0.007122 -0.598453 0.024575 0.998926 0.039257 3.341392 0.006159 -0.039420 0.999204 0.486545 0.000000 0.000000 0.000000 1.000000
0.999159 -0.040982 -0.000275 -0.572063 0.040945 0.997931 0.049550 3.338664 -0.001756 -0.049520 0.998772 0.502295 0.000000 0.000000 0.000000 1.000000
0.997946 -0.063583 0.007758 -0.539751 0.062970 0.996017 0.063116 3.337641 -0.011740 -0.062497 0.997976 0.521411 0.000000 0.000000 0.000000 1.000000
0.995883 -0.089256 0.015825 -0.505744 0.087746 0.993016 0.078856 3.338367 -0.022753 -0.077143 0.996760 0.542121 0.000000 0.000000 0.000000 1.000000
0.993089 -0.115113 0.022869 -0.474164 0.112444 0.989049 0.095581 3.340636 -0.033621 -0.092349 0.995159 0.562068 0.000000 0.000000 0.000000 1.000000
0.989998 -0.138270 0.027994 -0.449059 0.134346 0.984581 0.112028 3.344209 -0.043052 -0.107147 0.993311 0.579019 0.000000 0.000000 0.000000 1.000000
0.987306 -0.155878 0.030478 -0.434402 0.150866 0.980373 0.126913 3.348886 -0.049663 -0.120704 0.991446 0.591018 0.000000 0.000000 0.000000 1.000000
0.985788 -0.165305 0.029916 -0.432450 0.159670 0.977336 0.138990 3.354900 -0.052213 -0.132237 0.989842 0.596819 0.000000 0.000000 0.000000 1.000000
0.985515 -0.167311 0.027693 -0.434956 0.161496 0.975735 0.147843 3.363941 -0.051757 -0.141229 0.988623 0.599917 0.000000 0.000000 0.000000 1.000000
0.985859 -0.165660 0.025273 -0.438448 0.159889 0.975027 0.154130 3.374080 -0.050176 -0.147909 0.987727 0.601488 0.000000 0.000000 0.000000 1.000000
0.986132 -0.164231 0.023912 -0.440892 0.158458 0.974552 0.158550 3.382820 -0.049343 -0.152562 0.987061 0.602018 0.000000 0.000000 0.000000 1.000000
0.985450 -0.168146 0.024811 -0.438711 0.162070 0.973576 0.160877 3.387585 -0.051207 -0.154515 0.986662 0.601945 0.000000 0.000000 0.000000 1.000000
0.982183 -0.185905 0.027480 -0.423846 0.179307 0.970842 0.159098 3.388638 -0.056256 -0.151336 0.986880 0.601512 0.000000 0.000000 0.000000 1.000000
0.976093 -0.215419 0.028903 -0.401183 0.208211 0.964902 0.160033 3.391721 -0.062363 -0.150189 0.986688 0.601215 0.000000 0.000000 0.000000 1.000000
0.967169 -0.252833 0.025681 -0.377561 0.244937 0.954335 0.171022 3.403829 -0.067748 -0.159116 0.984933 0.603265 0.000000 0.000000 0.000000 1.000000
0.956476 -0.291149 0.019639 -0.356243 0.282473 0.940657 0.188073 3.425109 -0.073231 -0.174340 0.981959 0.611091 0.000000 0.000000 0.000000 1.000000
0.946635 -0.321814 0.017841 -0.336695 0.312146 0.929172 0.197993 3.437071 -0.080294 -0.181858 0.980041 0.612407 0.000000 0.000000 0.000000 1.000000
0.938579 -0.344566 0.018520 -0.320275 0.334167 0.921010 0.200178 3.442107 -0.086032 -0.181694 0.979584 0.611573 0.000000 0.000000 0.000000 1.000000
0.932412 -0.360816 0.020473 -0.307143 0.349997 0.915667 0.197623 3.443471 -0.090052 -0.177100 0.980064 0.610260 0.000000 0.000000 0.000000 1.000000
0.928125 -0.371548 0.023144 -0.297212 0.360533 0.912613 0.192748 3.442688 -0.092737 -0.170550 0.980975 0.608150 0.000000 0.000000 0.000000 1.000000
0.925712 -0.377320 0.026187 -0.290318 0.366223 0.911484 0.187285 3.440080 -0.094536 -0.163782 0.981956 0.605025 0.000000 0.000000 0.000000 1.000000
0.925526 -0.377461 0.030401 -0.285666 0.366430 0.912943 0.179618 3.431101 -0.095553 -0.155101 0.983267 0.601001 0.000000 0.000000 0.000000 1.000000
0.926492 -0.374737 0.034401 -0.282931 0.363917 0.915491 0.171575 3.419747 -0.095790 -0.146444 0.984570 0.597296 0.000000 0.000000 0.000000 1.000000
0.927329 -0.372463 0.036488 -0.281908 0.361937 0.917356 0.165704 3.411335 -0.095191 -0.140456 0.985500 0.594957 0.000000 0.000000 0.000000 1.000000
0.924859 -0.379033 0.031121 -0.284098 0.368302 0.913055 0.175165 3.424549 -0.094809 -0.150541 0.984047 0.599278 0.000000 0.000000 0.000000 1.000000
0.913892 -0.405899 0.006924 -0.294766 0.393726 0.890381 0.228472 3.495769 -0.098902 -0.206073 0.973526 0.620928 0.000000 0.000000 0.000000 1.000000
0.909525 -0.415580 -0.007498 -0.302238 0.403409 0.878252 0.256776 3.533645 -0.100126 -0.236569 0.966441 0.632955 0.000000 0.000000 0.000000 1.000000
0.907934 -0.418908 -0.013068 -0.305006 0.406746 0.873198 0.268480 3.549648 -0.101058 -0.249077 0.963196 0.638220 0.000000 0.000000 0.000000 1.000000
0.907408 -0.420000 -0.014511 -0.305986 0.407561 0.871061 0.274129 3.556970 -0.102494 -0.254660 0.961584 0.640534 0.000000 0.000000 0.000000 1.000000
0.908324 -0.418033 -0.014011 -0.307548 0.405176 0.871084 0.277568 3.559448 -0.103828 -0.257799 0.960604 0.640955 0.000000 0.000000 0.000000 1.000000
0.911749 -0.410537 -0.013164 -0.312631 0.397411 0.873590 0.280896 3.557480 -0.103819 -0.261338 0.959647 0.639661 0.000000 0.000000 0.000000 1.000000
0.920784 -0.389938 -0.010263 -0.324665 0.377314 0.883682 0.277016 3.535644 -0.098949 -0.258944 0.960811 0.631642 0.000000 0.000000 0.000000 1.000000
0.932558 -0.360968 -0.006150 -0.340338 0.349442 0.898236 0.266571 3.499631 -0.090699 -0.250742 0.963795 0.618983 0.000000 0.000000 0.000000 1.000000
0.943798 -0.330513 -0.002161 -0.355393 0.320366 0.913175 0.251942 3.458949 -0.081297 -0.238475 0.967740 0.605034 0.000000 0.000000 0.000000 1.000000
0.952084 -0.305834 0.000698 -0.365361 0.297065 0.925321 0.235652 3.423111 -0.072716 -0.224153 0.971837 0.593220 0.000000 0.000000 0.000000 1.000000
0.955927 -0.293594 0.002196 -0.366851 0.285895 0.932509 0.220657 3.401268 -0.066831 -0.210304 0.975349 0.586902 0.000000 0.000000 0.000000 1.000000
0.956482 -0.291759 0.004154 -0.365182 0.284493 0.935633 0.208935 3.391628 -0.064846 -0.198660 0.977921 0.584642 0.000000 0.000000 0.000000 1.000000
0.955391 -0.295271 0.006531 -0.362740 0.288281 0.937122 0.196710 3.380340 -0.064203 -0.186052 0.980440 0.581198 0.000000 0.000000 0.000000 1.000000
0.954100 -0.299360 0.008782 -0.360957 0.293006 0.939111 0.179487 3.352690 -0.061979 -0.168675 0.983721 0.570384 0.000000 0.000000 0.000000 1.000000
0.953717 -0.300529 0.010282 -0.371078 0.295208 0.942241 0.158217 3.299579 -0.057237 -0.147859 0.987351 0.467804 0.000000 0.000000 0.000000 1.000000
0.953783 -0.300311 0.010565 -0.377024 0.295324 0.943279 0.151679 3.280285 -0.055516 -0.141549 0.988374 0.414220 0.000000 0.000000 0.000000 1.000000
0.953797 -0.300263 0.010578 -0.377669 0.295304 0.943368 0.151162 3.278742 -0.055368 -0.141054 0.988452 0.409655 0.000000 0.000000 0.000000 1.000000
0.954133 -0.299259 0.008590 -0.380690 0.292745 0.938600 0.182560 3.298172 -0.062696 -0.171672 0.983157 0.498474 0.000000 0.000000 0.000000 1.000000
0.954482 -0.298194 0.006634 -0.385576 0.289953 0.932860 0.213770 3.326241 -0.069933 -0.202116 0.976861 0.620705 0.000000 0.000000 0.000000 1.000000
0.954369 -0.298558 0.006457 -0.391225 0.290448 0.933033 0.212336 3.343498 -0.069420 -0.200771 0.977175 0.675957 0.000000 0.000000 0.000000 1.000000
0.954873 -0.296946 0.006255 -0.400092 0.289378 0.934868 0.205623 3.358456 -0.066907 -0.194534 0.978611 0.709461 0.000000 0.000000 0.000000 1.000000
0.957224 -0.289276 0.006453 -0.414248 0.282838 0.940158 0.190010 3.368063 -0.061032 -0.180056 0.981761 0.726981 0.000000 0.000000 0.000000 1.000000
0.962444 -0.271386 0.007141 -0.435916 0.266707 0.950104 0.161764 3.369118 -0.050685 -0.153784 0.986803 0.733478 0.000000 0.000000 0.000000 1.000000
0.970996 -0.238971 0.007706 -0.467644 0.236458 0.964561 0.117086 3.358596 -0.035413 -0.111867 0.993092 0.733961 0.000000 0.000000 0.000000 1.000000
0.984687 -0.174221 0.006098 -0.512186 0.173614 0.983216 0.056059 3.335755 -0.015762 -0.054142 0.998409 0.699140 0.000000 0.000000 0.000000 1.000000
0.996686 -0.081310 -0.002023 -0.565716 0.081299 0.996677 -0.004898 3.314666 0.002414 0.004718 0.999986 0.616664 0.000000 0.000000 0.000000 1.000000
0.999827 0.009389 -0.016050 -0.618631 -0.010098 0.998950 -0.044672 3.313764 0.015614 0.044827 0.998873 0.518039 0.000000 0.000000 0.000000 1.000000
0.996491 0.078335 -0.029479 -0.659276 -0.079891 0.995232 -0.055945 3.335801 0.024956 0.058104 0.997999 0.429150 0.000000 0.000000 0.000000 1.000000
0.992283 0.118608 -0.036138 -0.677056 -0.120196 0.991706 -0.045512 3.368718 0.030440 0.049504 0.998310 0.369156 0.000000 0.000000 0.000000 1.000000
0.990821 0.130305 -0.035944 -0.677729 -0.131225 0.991048 -0.024535 3.399921 0.032425 0.029027 0.999053 0.347326 0.000000 0.000000 0.000000 1.000000
0.991247 0.127634 -0.033729 -0.675711 -0.127848 0.991784 -0.004276 3.424085 0.032906 0.008551 0.999422 0.341525 0.000000 0.000000 0.000000 1.000000
0.991859 0.123279 -0.031896 -0.673574 -0.123041 0.992357 0.009313 3.439842 0.032801 -0.005313 0.999448 0.328870 0.000000 0.000000 0.000000 1.000000
0.992262 0.120268 -0.030838 -0.672070 -0.119810 0.992662 0.016321 3.448168 0.032575 -0.012500 0.999391 0.313454 0.000000 0.000000 0.000000 1.000000
0.992408 0.119143 -0.030501 -0.671473 -0.118624 0.992770 0.018311 3.450532 0.032462 -0.014554 0.999367 0.305787 0.000000 0.000000 0.000000 1.000000
0.992408 0.119143 -0.030501 -0.671473 -0.118624 0.992770 0.018311 3.450532 0.032462 -0.014554 0.999367 0.305787 0.000000 0.000000 0.000000 1.000000
0.992408 0.119143 -0.030501 -0.671473 -0.118624 0.992770 0.018311 3.450532 0.032462 -0.014554 0.999367 0.305787 0.000000 0.000000 0.000000 1.000000
0.992408 0.119143 -0.030501 -0.671473 -0.118624 0.992770 0.018311 3.450532 0.032462 -0.014554 0.999367 0.305787 0.000000 0.000000 0.000000 1.000000
0.992408 0.119143 -0.030501 -0.671473 -0.118624 0.992770 0.018311 3.450532 0.032462 -0.014554 0.999367 0.305787 0.000000 0.000000 0.000000 1.000000
0.992408 0.119143 -0.030501 -0.671473 -0.118624 0.992770 0.018311 3.450532 0.032462 -0.014554 0.999367 0.305787 0.000000 0.000000 0.000000 1.000000
0.992408 0.119143 -0.030501 -0.671473 -0.118624 0.992770 0.018311 3.450532 0.032462 -0.014554 0.999367 0.305787 0.000000 0.000000 0.000000 1.000000
0.992408 0.119143 -0.030501 -0.671473 -0.118624 0.992770 0.018311 3.450532 0.032462 -0.014554 0.999367 0.305787 0.000000 0.000000 0.000000 1.000000
0.992408 0.119143 -0.030501 -0.671473 -0.118624 0.992770 0.018311 3.450532 0.032462 -0.014554 0.999367 0.305787 0.000000 0.000000 0.000000 1.000000
0.992408 0.119143 -0.030501 -0.671473 -0.118624 0.992770 0.018311 3.450532 0.032462 -0.014554 0.999367 0.305787 0.000000 0.000000 0.000000 1.000000
0.992408 0.119143 -0.030501 -0.671473 -0.118624 0.992770 0.018311 3.450532 0.032462 -0.014554 0.999367 0.305787 0.000000 0.000000 0.000000 1.000000
0.992408 0.119143 -0.030501 -0.671473 -0.118624 0.992770 0.018311 3.450532 0.032462 -0.014554 0.999367 0.305787 0.000000 0.000000 0.000000 1.000000
0.992408 0.119143 -0.030501 -0.671473 -0.118624 0.992770 0.018311 3.450532 0.032462 -0.014554 0.999367 0.305787 0.000000 0.000000 0.000000 1.000000
0.992408 0.119143 -0.030501 -0.671473 -0.118624 0.992770 0.018311 3.450532 0.032462 -0.014554 0.999367 0.305787 0.000000 0.000000 0.000000 1.000000
0.992408 0.119143 -0.030501 -0.671473 -0.118624 0.992770 0.018311 3.450532 0.032462 -0.014554 0.999367 0.305787 0.000000 0.000000 0.000000 1.000000
0.992408 0.119143 -0.030501 -0.671473 -0.118624 0.992770 0.018311 3.450532 0.032462 -0.014554 0.999367 0.305787 0.000000 0.000000 0.000000 1.000000
0.992408 0.119143 -0.030501 -0.671473 -0.118624 0.992770 0.018311 3.450532 0.032462 -0.014554 0.999367 0.305787 0.000000 0.000000 0.000000 1.000000
0.992408 0.119143 -0.030501 -0.671473 -0.118624 0.992770 0.018311 3.450532 0.032462 -0.014554 0.999367 0.305787 0.000000 0.000000 0.000000 1.000000
0.992408 0.119143 -0.030501 -0.671473 -0.118624 0.992770 0.018311 3.450532 0.032462 -0.014554 0.999367 0.305787 0.000000 0.000000 0.000000 1.000000
0.992408 0.119143 -0.030501 -0.671473 -0.118624 0.992770 0.018311 3.450532 0.032462 -0.014554 0.999367 0.305787 0.000000 0.000000 0.000000 1.000000
0.992408 0.119143 -0.030501 -0.671473 -0.118624 0.992770 0.018311 3.450532 0.032462 -0.014554 0.999367 0.305787 0.000000 0.000000 0.000000 1.000000
0.992408 0.119143 -0.030501 -0.671473 -0.118624 0.992770 0.018311 3.450532 0.032462 -0.014554 0.999367 0.305787 0.000000 0.000000 0.000000 1.000000
0.992408 0.119143 -0.030501 -0.671473 -0.118624 0.992770 0.018311 3.450532 0.032462 -0.014554 0.999367 0.305787 0.000000 0.000000 0.000000 1.000000
0.992408 0.119143 -0.030501 -0.671473 -0.118624 0.992770 0.018311 3.450532 0.032462 -0.014554 0.999367 0.305787 0.000000 0.000000 0.000000 1.000000
0.992408 0.119143 -0.030501 -0.671473 -0.118624 0.992770 0.018311 3.450532 0.032462 -0.014554 0.999367 0.305787 0.000000 0.000000 0.000000 1.000000
0.992408 0.119143 -0.030501 -0.671473 -0.118624 0.992770 0.018311 3.450532 0.032462 -0.014554 0.999367 0.305787 0.000000 0.000000 0.000000 1.000000
0.992408 0.119143 -0.030501 -0.671473 -0.118624 0.992770 0.018311 3.450532 0.032462 -0.014554 0.999367 0.305787 0.000000 0.000000 0.000000 1.000000
0.992408 0.119143 -0.030501 -0.671473 -0.118624 0.992770 0.018311 3.450532 0.032462 -0.014554 0.999367 0.305787 0.000000 0.000000 0.000000 1.000000
0.992408 0.119143 -0.030501 -0.671473 -0.118624 0.992770 0.018311 3.450532 0.032462 -0.014554 0.999367 0.305787 0.000000 0.000000 0.000000 1.000000
0.992408 0.119143 -0.030501 -0.671473 -0.118624 0.992770 0.018311 3.450532 0.032462 -0.014554 0.999367 0.305787 0.000000 0.000000 0.000000 1.000000
0.992408 0.119143 -0.030501 -0.671473 -0.118624 0.992770 0.018311 3.450532 0.032462 -0.014554 0.999367 0.305787 0.000000 0.000000 0.000000 1.000000
0.992408 0.119143 -0.030501 -0.671473 -0.118624 0.992770 0.018311 3.450532 0.032462 -0.014554 0.999367 0.305787 0.000000 0.000000 0.000000 1.000000
0.992408 0.119143 -0.030501 -0.671473 -0.118624 0.992770 0.018311 3.450532 0.032462 -0.014554 0.999367 0.305787 0.000000 0.000000 0.000000 1.000000
0.992408 0.119143 -0.030501 -0.671473 -0.118624 0.992770 0.018311 3.450532 0.032462 -0.014554 0.999367 0.305787 0.000000 0.000000 0.000000 1.000000
0.992408 0.119143 -0.030501 -0.671473 -0.118624 0.992770 0.018311 3.450532 0.032462 -0.014554 0.999367 0.305787 0.000000 0.000000 0.000000 1.000000
0.992408 0.119143 -0.030501 -0.671473 -0.118624 0.992770 0.018311 3.450532 0.032462 -0.014554 0.999367 0.305787 0.000000 0.000000 0.000000 1.000000
0.992408 0.119143 -0.030501 -0.671473 -0.118624 0.992770 0.018311 3.450532 0.032462 -0.014554 0.999367 0.305787 0.000000 0.000000 0.000000 1.000000
0.992408 0.119143 -0.030501 -0.671473 -0.118624 0.992770 0.018311 3.450532 0.032462 -0.014554 0.999367 0.305787 0.000000 0.000000 0.000000 1.000000
0.992408 0.119143 -0.030501 -0.671473 -0.118624 0.992770 0.018311 3.450532 0.032462 -0.014554 0.999367 0.305787 0.000000 0.000000 0.000000 1.000000
0.992408 0.119143 -0.030501 -0.671473 -0.118624 0.992770 0.018311 3.450532 0.032462 -0.014554 0.999367 0.305787 0.000000 0.000000 0.000000 1.000000
0.992408 0.119143 -0.030501 -0.671473 -0.118624 0.992770 0.018311 3.450532 0.032462 -0.014554 0.999367 0.305787 0.000000 0.000000 0.000000 1.000000
0.992408 0.119143 -0.030501 -0.671473 -0.118624 0.992770 0.018311 3.450532 0.032462 -0.014554 0.999367 0.305787 0.000000 0.000000 0.000000 1.000000
0.992408 0.119143 -0.030501 -0.671473 -0.118624 0.992770 0.018311 3.450532 0.032462 -0.014554 0.999367 0.305787 0.000000 0.000000 0.000000 1.000000
0.992408 0.119143 -0.030501 -0.671473 -0.118624 0.992770 0.018311 3.450532 0.032462 -0.014554 0.999367 0.305787 0.000000 0.000000 0.000000 1.000000
0.992408 0.119143 -0.030501 -0.671473 -0.118624 0.992770 0.018311 3.450532 0.032462 -0.014554 0.999367 0.305787 0.000000 0.000000 0.000000 1.000000</float_array>
     <technique_common>
      <accessor source="#Armature.003-Matrix-animation-output-transform-array" count="120" stride="16">
       <param type="float4x4"></param>
      </accessor>
     </technique_common>
    </source>
    <source id="Armature.003-Interpolations">
     <Name_array id="Armature.003-Interpolations-array" count="120">
 LINEAR LINEAR LINEAR LINEAR LINEAR LINEAR LINEAR LINEAR LINEAR LINEAR LINEAR
LINEAR LINEAR LINEAR LINEAR LINEAR LINEAR LINEAR LINEAR LINEAR LINEAR LINEAR LINEAR
LINEAR LINEAR LINEAR LINEAR LINEAR LINEAR LINEAR LINEAR LINEAR LINEAR LINEAR LINEAR
LINEAR LINEAR LINEAR LINEAR LINEAR LINEAR LINEAR LINEAR LINEAR LINEAR LINEAR LINEAR
LINEAR LINEAR LINEAR LINEAR LINEAR LINEAR LINEAR LINEAR LINEAR LINEAR LINEAR LINEAR
LINEAR LINEAR LINEAR LINEAR LINEAR LINEAR LINEAR LINEAR LINEAR LINEAR LINEAR LINEAR
LINEAR LINEAR LINEAR LINEAR LINEAR LINEAR LINEAR LINEAR LINEAR LINEAR LINEAR LINEAR
LINEAR LINEAR LINEAR LINEAR LINEAR LINEAR LINEAR LINEAR LINEAR LINEAR LINEAR LINEAR
LINEAR LINEAR LINEAR LINEAR LINEAR LINEAR LINEAR LINEAR LINEAR LINEAR LINEAR LINEAR
LINEAR LINEAR LINEAR LINEAR LINEAR LINEAR LINEAR LINEAR LINEAR LINEAR LINEAR LINEAR
LINEAR</Name_array>
     <technique_common>
      <accessor source="#Armature.003-Interpolations-array" count="120">
       <param type="name"></param>
      </accessor>
     </technique_common>
    </source>
    <sampler id="Armature.003-Matrix-animation-transform">
     <input semantic="INPUT" source="#Armature.003-Matrix-animation-input"></input>
     <input semantic="OUTPUT" source="#Armature.003-Matrix-animation-output-transform"></input>
     <input semantic="INTERPOLATION" source="#Armature.003-Interpolations"></input>
    </sampler>
    <channel source="#Armature.003-Matrix-animation-transform" target="Armature.003/matrix"></channel>
   </animation>
  </animation>
  <animation id="jnt_anim-anim" name="jnt_anim">
   <animation>
    <source id="jnt_anim-Matrix-animation-input">
     <float_array id="jnt_anim-Matrix-animation-input-array" count="120">

0.000000 0.033333 0.066667 0.100000 0.133333 0.166667 0.200000 0.233333 0.266667 0.300000 0.333333 0.366667 0.400000 0.433333 0.466667 0.500000
0.533333 0.566667 0.600000 0.633333 0.666667 0.700000 0.733333 0.766667 0.800000 0.833333 0.866667 0.900000 0.933333 0.966667 1.000000 1.033333
1.066667 1.100000 1.133333 1.166667 1.200000 1.233333 1.266667 1.300000 1.333333 1.366667 1.400000 1.433333 1.466667 1.500000 1.533333 1.566667
1.600000 1.633333 1.666667 1.700000 1.733333 1.766667 1.800000 1.833333 1.866667 1.900000 1.933333 1.966667 2.000000 2.033333 2.066667 2.100000
2.133333 2.166667 2.200000 2.233333 2.266667 2.300000 2.333333 2.366667 2.400000 2.433333 2.466667 2.500000 2.533333 2.566667 2.600000 2.633333
2.666667 2.700000 2.733333 2.766667 2.800000 2.833333 2.866667 2.900000 2.933333 2.966667 3.000000 3.033333 3.066667 3.100000 3.133333 3.166667
3.200000 3.233333 3.266667 3.300000 3.333333 3.366667 3.400000 3.433333 3.466667 3.500000 3.533333 3.566667 3.600000 3.633333 3.666667 3.700000
3.733333 3.766667 3.800000 3.833333 3.866667 3.900000 3.933333 3.966667</float_array>
     <technique_common>
      <accessor source="#jnt_anim-Matrix-animation-input-array" count="120">
       <param name="TIME" type="float"></param>
      </accessor>
     </technique_common>
    </source>
    <source id="jnt_anim-Matrix-animation-output-transform">
     <float_array id="jnt_anim-Matrix-animation-output-transform-array" count="1920">

1.000000 -0.000000 -0.000000 0.000000 0.000000 1.000000 -0.000000 0.000000 0.000000 0.000000 1.000000 0.000000 0.000000 0.000000 0.000000 1.000000
1.000000 -0.000000 -0.000000 0.000000 0.000000 1.000000 -0.000000 0.000000 0.000000 0.000000 1.000000 0.000000 0.000000 0.000000 0.000000 1.000000
1.000000 -0.000000 -0.000000 0.000000 0.000000 1.000000 -0.000000 0.000000 0.000000 0.000000 1.000000 0.000000 0.000000 0.000000 0.000000 1.000000
1.000000 -0.000000 -0.000000 0.000000 0.000000 1.000000 -0.000000 0.000000 0.000000 0.000000 1.000000 0.000000 0.000000 0.000000 0.000000 1.000000
1.000000 -0.000000 -0.000000 0.000000 0.000000 1.000000 -0.000000 0.000000 0.000000 0.000000 1.000000 0.000000 0.000000 0.000000 0.000000 1.000000
1.000000 -0.000000 -0.000000 0.000000 0.000000 1.000000 -0.000000 0.000000 0.000000 0.000000 1.000000 0.000000 0.000000 0.000000 0.000000 1.000000
1.000000 -0.000000 -0.000000 0.000000 0.000000 1.000000 -0.000000 0.000000 0.000000 0.000000 1.000000 0.000000 0.000000 0.000000 0.000000 1.000000
1.000000 -0.000000 -0.000000 0.000000 0.000000 1.000000 -0.000000 0.000000 0.000000 0.000000 1.000000 0.000000 0.000000 0.000000 0.000000 1.000000
1.000000 -0.000000 -0.000000 0.000000 0.000000 1.000000 -0.000000 0.000000 0.000000 0.000000 1.000000 0.000000 0.000000 0.000000 0.000000 1.000000
1.000000 -0.000000 -0.000000 0.000000 0.000000 1.000000 -0.000000 0.000000 0.000000 0.000000 1.000000 0.000000 0.000000 0.000000 0.000000 1.000000
1.000000 -0.000000 -0.000000 0.000000 0.000000 1.000000 -0.000000 0.000000 0.000000 0.000000 1.000000 0.000000 0.000000 0.000000 0.000000 1.000000
1.000000 -0.000000 -0.000000 0.000000 0.000000 1.000000 -0.000000 0.000000 0.000000 0.000000 1.000000 0.000000 0.000000 0.000000 0.000000 1.000000
1.000000 -0.000000 -0.000000 0.000000 0.000000 1.000000 -0.000000 0.000000 0.000000 0.000000 1.000000 0.000000 0.000000 0.000000 0.000000 1.000000
1.000000 -0.000000 -0.000000 0.000000 0.000000 1.000000 -0.000000 0.000000 0.000000 0.000000 1.000000 0.000000 0.000000 0.000000 0.000000 1.000000
1.000000 -0.000000 -0.000000 0.000000 0.000000 1.000000 -0.000000 0.000000 0.000000 0.000000 1.000000 0.000000 0.000000 0.000000 0.000000 1.000000
1.000000 -0.000000 -0.000000 0.000000 0.000000 1.000000 -0.000000 0.000000 0.000000 0.000000 1.000000 0.000000 0.000000 0.000000 0.000000 1.000000
1.000000 -0.000000 -0.000000 0.000000 0.000000 1.000000 -0.000000 0.000000 0.000000 0.000000 1.000000 0.000000 0.000000 0.000000 0.000000 1.000000
1.000000 -0.000000 -0.000000 0.000000 0.000000 1.000000 -0.000000 0.000000 0.000000 0.000000 1.000000 0.000000 0.000000 0.000000 0.000000 1.000000
1.000000 -0.000000 -0.000000 0.000000 0.000000 1.000000 -0.000000 0.000000 0.000000 0.000000 1.000000 0.000000 0.000000 0.000000 0.000000 1.000000
1.000000 -0.000000 -0.000000 0.000000 0.000000 1.000000 -0.000000 0.000000 0.000000 0.000000 1.000000 0.000000 0.000000 0.000000 0.000000 1.000000
1.000000 -0.000000 -0.000000 0.000000 0.000000 1.000000 -0.000000 0.000000 0.000000 0.000000 1.000000 0.000000 0.000000 0.000000 0.000000 1.000000
1.000000 -0.000000 -0.000000 0.000000 0.000000 1.000000 -0.000000 0.000000 0.000000 0.000000 1.000000 0.000000 0.000000 0.000000 0.000000 1.000000
1.000000 -0.000000 -0.000000 0.000000 0.000000 1.000000 -0.000000 0.000000 0.000000 0.000000 1.000000 0.000000 0.000000 0.000000 0.000000 1.000000
1.000000 -0.000000 -0.000000 0.000000 0.000000 1.000000 -0.000000 0.000000 0.000000 0.000000 1.000000 0.000000 0.000000 0.000000 0.000000 1.000000
1.000000 -0.000000 -0.000000 0.000000 0.000000 1.000000 -0.000000 0.000000 0.000000 0.000000 1.000000 0.000000 0.000000 0.000000 0.000000 1.000000
1.000000 -0.000000 -0.000000 0.000000 0.000000 1.000000 -0.000000 0.000000 0.000000 0.000000 1.000000 0.000000 0.000000 0.000000 0.000000 1.000000
1.000000 -0.000000 -0.000000 0.000000 0.000000 1.000000 -0.000000 0.000000 0.000000 0.000000 1.000000 0.000000 0.000000 0.000000 0.000000 1.000000
1.000000 -0.000000 -0.000000 0.000000 0.000000 1.000000 -0.000000 0.000000 0.000000 0.000000 1.000000 0.000000 0.000000 0.000000 0.000000 1.000000
1.000000 -0.000000 -0.000000 0.000000 0.000000 1.000000 -0.000000 0.000000 0.000000 0.000000 1.000000 0.000000 0.000000 0.000000 0.000000 1.000000
1.000000 -0.000000 -0.000000 0.000000 0.000000 1.000000 -0.000000 0.000000 0.000000 0.000000 1.000000 0.000000 0.000000 0.000000 0.000000 1.000000
1.000000 -0.000000 -0.000000 0.000000 0.000000 1.000000 -0.000000 0.000000 0.000000 0.000000 1.000000 0.000000 0.000000 0.000000 0.000000 1.000000
1.000000 -0.000000 -0.000000 0.000000 0.000000 1.000000 -0.000000 0.000000 0.000000 0.000000 1.000000 0.000000 0.000000 0.000000 0.000000 1.000000
1.000000 -0.000000 -0.000000 0.000000 0.000000 1.000000 -0.000000 0.000000 0.000000 0.000000 1.000000 0.000000 0.000000 0.000000 0.000000 1.000000
1.000000 -0.000000 -0.000000 0.000000 0.000000 1.000000 -0.000000 0.000000 0.000000 0.000000 1.000000 0.000000 0.000000 0.000000 0.000000 1.000000
1.000000 -0.000000 -0.000000 0.000000 0.000000 1.000000 -0.000000 0.000000 0.000000 0.000000 1.000000 0.000000 0.000000 0.000000 0.000000 1.000000
1.000000 -0.000000 -0.000000 0.000000 0.000000 1.000000 -0.000000 0.000000 0.000000 0.000000 1.000000 0.000000 0.000000 0.000000 0.000000 1.000000
1.000000 -0.000000 -0.000000 0.000000 0.000000 1.000000 -0.000000 0.000000 0.000000 0.000000 1.000000 0.000000 0.000000 0.000000 0.000000 1.000000
1.000000 -0.000000 -0.000000 0.000000 0.000000 1.000000 -0.000000 0.000000 0.000000 0.000000 1.000000 0.000000 0.000000 0.000000 0.000000 1.000000
1.000000 -0.000000 -0.000000 0.000000 0.000000 1.000000 -0.000000 0.000000 0.000000 0.000000 1.000000 0.000000 0.000000 0.000000 0.000000 1.000000
1.000000 -0.000000 -0.000000 0.000000 0.000000 1.000000 -0.000000 0.000000 0.000000 0.000000 1.000000 0.000000 0.000000 0.000000 0.000000 1.000000
1.000000 -0.000000 -0.000000 0.000000 0.000000 1.000000 -0.000000 0.000000 0.000000 0.000000 1.000000 0.000000 0.000000 0.000000 0.000000 1.000000
1.000000 -0.000000 -0.000000 0.000000 0.000000 1.000000 -0.000000 0.000000 0.000000 0.000000 1.000000 0.000000 0.000000 0.000000 0.000000 1.000000
1.000000 -0.000000 -0.000000 0.000000 0.000000 1.000000 -0.000000 0.000000 0.000000 0.000000 1.000000 0.000000 0.000000 0.000000 0.000000 1.000000
1.000000 -0.000000 -0.000000 0.000000 0.000000 1.000000 -0.000000 0.000000 0.000000 0.000000 1.000000 0.000000 0.000000 0.000000 0.000000 1.000000
1.000000 -0.000000 -0.000000 0.000000 0.000000 1.000000 -0.000000 0.000000 0.000000 0.000000 1.000000 0.000000 0.000000 0.000000 0.000000 1.000000
1.000000 -0.000000 -0.000000 0.000000 0.000000 1.000000 -0.000000 0.000000 0.000000 0.000000 1.000000 0.000000 0.000000 0.000000 0.000000 1.000000
1.000000 -0.000000 -0.000000 0.000000 0.000000 1.000000 -0.000000 0.000000 0.000000 0.000000 1.000000 0.000000 0.000000 0.000000 0.000000 1.000000
1.000000 -0.000000 -0.000000 0.000000 0.000000 1.000000 -0.000000 0.000000 0.000000 0.000000 1.000000 0.000000 0.000000 0.000000 0.000000 1.000000
1.000000 -0.000000 -0.000000 0.000000 0.000000 1.000000 -0.000000 0.000000 0.000000 0.000000 1.000000 0.000000 0.000000 0.000000 0.000000 1.000000
1.000000 -0.000000 -0.000000 0.000000 0.000000 1.000000 -0.000000 0.000000 0.000000 0.000000 1.000000 0.000000 0.000000 0.000000 0.000000 1.000000
1.000000 -0.000000 -0.000000 0.000000 0.000000 1.000000 -0.000000 0.000000 0.000000 0.000000 1.000000 0.000000 0.000000 0.000000 0.000000 1.000000
1.000000 -0.000000 -0.000000 0.000000 0.000000 1.000000 -0.000000 0.000000 0.000000 0.000000 1.000000 0.000000 0.000000 0.000000 0.000000 1.000000
1.000000 -0.000000 -0.000000 0.000000 0.000000 1.000000 -0.000000 0.000000 0.000000 0.000000 1.000000 0.000000 0.000000 0.000000 0.000000 1.000000
1.000000 -0.000000 -0.000000 0.000000 0.000000 1.000000 -0.000000 0.000000 0.000000 0.000000 1.000000 0.000000 0.000000 0.000000 0.000000 1.000000
1.000000 -0.000000 -0.000000 0.000000 0.000000 1.000000 -0.000000 0.000000 0.000000 0.000000 1.000000 0.000000 0.000000 0.000000 0.000000 1.000000
1.000000 -0.000000 -0.000000 0.000000 0.000000 1.000000 -0.000000 0.000000 0.000000 0.000000 1.000000 0.000000 0.000000 0.000000 0.000000 1.000000
1.000000 -0.000000 -0.000000 0.000000 0.000000 1.000000 -0.000000 0.000000 0.000000 0.000000 1.000000 0.000000 0.000000 0.000000 0.000000 1.000000
1.000000 -0.000000 -0.000000 0.000000 0.000000 1.000000 -0.000000 0.000000 0.000000 0.000000 1.000000 0.000000 0.000000 0.000000 0.000000 1.000000
1.000000 -0.000000 -0.000000 0.000000 0.000000 1.000000 -0.000000 0.000000 0.000000 0.000000 1.000000 0.000000 0.000000 0.000000 0.000000 1.000000
1.000000 -0.000000 -0.000000 0.000000 0.000000 1.000000 -0.000000 0.000000 0.000000 0.000000 1.000000 0.000000 0.000000 0.000000 0.000000 1.000000
1.000000 -0.000000 -0.000000 0.000000 0.000000 1.000000 -0.000000 0.000000 0.000000 0.000000 1.000000 0.000000 0.000000 0.000000 0.000000 1.000000
1.000000 -0.000000 -0.000000 0.000000 0.000000 1.000000 -0.000000 0.000000 0.000000 0.000000 1.000000 0.000000 0.000000 0.000000 0.000000 1.000000
1.000000 -0.000000 -0.000000 0.000000 0.000000 1.000000 -0.000000 0.000000 0.000000 0.000000 1.000000 0.000000 0.000000 0.000000 0.000000 1.000000
1.000000 -0.000000 -0.000000 0.000000 0.000000 1.000000 -0.000000 0.000000 0.000000 0.000000 1.000000 0.000000 0.000000 0.000000 0.000000 1.000000
1.000000 -0.000000 -0.000000 0.000000 0.000000 1.000000 -0.000000 0.000000 0.000000 0.000000 1.000000 0.000000 0.000000 0.000000 0.000000 1.000000
1.000000 -0.000000 -0.000000 0.000000 0.000000 1.000000 -0.000000 0.000000 0.000000 0.000000 1.000000 0.000000 0.000000 0.000000 0.000000 1.000000
1.000000 -0.000000 -0.000000 0.000000 0.000000 1.000000 -0.000000 0.000000 0.000000 0.000000 1.000000 0.000000 0.000000 0.000000 0.000000 1.000000
1.000000 -0.000000 -0.000000 0.000000 0.000000 1.000000 -0.000000 0.000000 0.000000 0.000000 1.000000 0.000000 0.000000 0.000000 0.000000 1.000000
1.000000 -0.000000 -0.000000 0.000000 0.000000 1.000000 -0.000000 0.000000 0.000000 0.000000 1.000000 0.000000 0.000000 0.000000 0.000000 1.000000
1.000000 -0.000000 -0.000000 0.000000 0.000000 1.000000 -0.000000 0.000000 0.000000 0.000000 1.000000 0.000000 0.000000 0.000000 0.000000 1.000000
1.000000 -0.000000 -0.000000 0.000000 0.000000 1.000000 -0.000000 0.000000 0.000000 0.000000 1.000000 0.000000 0.000000 0.000000 0.000000 1.000000
1.000000 -0.000000 -0.000000 0.000000 0.000000 1.000000 -0.000000 0.000000 0.000000 0.000000 1.000000 0.000000 0.000000 0.000000 0.000000 1.000000
1.000000 -0.000000 -0.000000 0.000000 0.000000 1.000000 -0.000000 0.000000 0.000000 0.000000 1.000000 0.000000 0.000000 0.000000 0.000000 1.000000
1.000000 -0.000000 -0.000000 0.000000 0.000000 1.000000 -0.000000 0.000000 0.000000 0.000000 1.000000 0.000000 0.000000 0.000000 0.000000 1.000000
1.000000 -0.000000 -0.000000 0.000000 0.000000 1.000000 -0.000000 0.000000 0.000000 0.000000 1.000000 0.000000 0.000000 0.000000 0.000000 1.000000
1.000000 -0.000000 -0.000000 0.000000 0.000000 1.000000 -0.000000 0.000000 0.000000 0.000000 1.000000 0.000000 0.000000 0.000000 0.000000 1.000000
1.000000 -0.000000 -0.000000 0.000000 0.000000 1.000000 -0.000000 0.000000 0.000000 0.000000 1.000000 0.000000 0.000000 0.000000 0.000000 1.000000
1.000000 -0.000000 -0.000000 0.000000 0.000000 1.000000 -0.000000 0.000000 0.000000 0.000000 1.000000 0.000000 0.000000 0.000000 0.000000 1.000000
1.000000 -0.000000 -0.000000 0.000000 0.000000 1.000000 -0.000000 0.000000 0.000000 0.000000 1.000000 0.000000 0.000000 0.000000 0.000000 1.000000
1.000000 -0.000000 -0.000000 0.000000 0.000000 1.000000 -0.000000 0.000000 0.000000 0.000000 1.000000 0.000000 0.000000 0.000000 0.000000 1.000000
1.000000 -0.000000 -0.000000 0.000000 0.000000 1.000000 -0.000000 0.000000 0.000000 0.000000 1.000000 0.000000 0.000000 0.000000 0.000000 1.000000
1.000000 -0.000000 -0.000000 0.000000 0.000000 1.000000 -0.000000 0.000000 0.000000 0.000000 1.000000 0.000000 0.000000 0.000000 0.000000 1.000000
1.000000 -0.000000 -0.000000 0.000000 0.000000 1.000000 -0.000000 0.000000 0.000000 0.000000 1.000000 0.000000 0.000000 0.000000 0.000000 1.000000
1.000000 -0.000000 -0.000000 0.000000 0.000000 1.000000 -0.000000 0.000000 0.000000 0.000000 1.000000 0.000000 0.000000 0.000000 0.000000 1.000000
1.000000 -0.000000 -0.000000 0.000000 0.000000 1.000000 -0.000000 0.000000 0.000000 0.000000 1.000000 0.000000 0.000000 0.000000 0.000000 1.000000
1.000000 -0.000000 -0.000000 0.000000 0.000000 1.000000 -0.000000 0.000000 0.000000 0.000000 1.000000 0.000000 0.000000 0.000000 0.000000 1.000000
1.000000 -0.000000 -0.000000 0.000000 0.000000 1.000000 -0.000000 0.000000 0.000000 0.000000 1.000000 0.000000 0.000000 0.000000 0.000000 1.000000
1.000000 -0.000000 -0.000000 0.000000 0.000000 1.000000 -0.000000 0.000000 0.000000 0.000000 1.000000 0.000000 0.000000 0.000000 0.000000 1.000000
1.000000 -0.000000 -0.000000 0.000000 0.000000 1.000000 -0.000000 0.000000 0.000000 0.000000 1.000000 0.000000 0.000000 0.000000 0.000000 1.000000
1.000000 -0.000000 -0.000000 0.000000 0.000000 1.000000 -0.000000 0.000000 0.000000 0.000000 1.000000 0.000000 0.000000 0.000000 0.000000 1.000000
1.000000 -0.000000 -0.000000 0.000000 0.000000 1.000000 -0.000000 0.000000 0.000000 0.000000 1.000000 0.000000 0.000000 0.000000 0.000000 1.000000
1.000000 -0.000000 -0.000000 0.000000 0.000000 1.000000 -0.000000 0.000000 0.000000 0.000000 1.000000 0.000000 0.000000 0.000000 0.000000 1.000000
1.000000 -0.000000 -0.000000 0.000000 0.000000 1.000000 -0.000000 0.000000 0.000000 0.000000 1.000000 0.000000 0.000000 0.000000 0.000000 1.000000
1.000000 -0.000000 -0.000000 0.000000 0.000000 1.000000 -0.000000 0.000000 0.000000 0.000000 1.000000 0.000000 0.000000 0.000000 0.000000 1.000000
1.000000 -0.000000 -0.000000 0.000000 0.000000 1.000000 -0.000000 0.000000 0.000000 0.000000 1.000000 0.000000 0.000000 0.000000 0.000000 1.000000
1.000000 -0.000000 -0.000000 0.000000 0.000000 1.000000 -0.000000 0.000000 0.000000 0.000000 1.000000 0.000000 0.000000 0.000000 0.000000 1.000000
1.000000 -0.000000 -0.000000 0.000000 0.000000 1.000000 -0.000000 0.000000 0.000000 0.000000 1.000000 0.000000 0.000000 0.000000 0.000000 1.000000
1.000000 -0.000000 -0.000000 0.000000 0.000000 1.000000 -0.000000 0.000000 0.000000 0.000000 1.000000 0.000000 0.000000 0.000000 0.000000 1.000000
1.000000 -0.000000 -0.000000 0.000000 0.000000 1.000000 -0.000000 0.000000 0.000000 0.000000 1.000000 0.000000 0.000000 0.000000 0.000000 1.000000
1.000000 -0.000000 -0.000000 0.000000 0.000000 1.000000 -0.000000 0.000000 0.000000 0.000000 1.000000 0.000000 0.000000 0.000000 0.000000 1.000000
1.000000 -0.000000 -0.000000 0.000000 0.000000 1.000000 -0.000000 0.000000 0.000000 0.000000 1.000000 0.000000 0.000000 0.000000 0.000000 1.000000
1.000000 -0.000000 -0.000000 0.000000 0.000000 1.000000 -0.000000 0.000000 0.000000 0.000000 1.000000 0.000000 0.000000 0.000000 0.000000 1.000000
1.000000 -0.000000 -0.000000 0.000000 0.000000 1.000000 -0.000000 0.000000 0.000000 0.000000 1.000000 0.000000 0.000000 0.000000 0.000000 1.000000
1.000000 -0.000000 -0.000000 0.000000 0.000000 1.000000 -0.000000 0.000000 0.000000 0.000000 1.000000 0.000000 0.000000 0.000000 0.000000 1.000000
1.000000 -0.000000 -0.000000 0.000000 0.000000 1.000000 -0.000000 0.000000 0.000000 0.000000 1.000000 0.000000 0.000000 0.000000 0.000000 1.000000
1.000000 -0.000000 -0.000000 0.000000 0.000000 1.000000 -0.000000 0.000000 0.000000 0.000000 1.000000 0.000000 0.000000 0.000000 0.000000 1.000000
1.000000 -0.000000 -0.000000 0.000000 0.000000 1.000000 -0.000000 0.000000 0.000000 0.000000 1.000000 0.000000 0.000000 0.000000 0.000000 1.000000
1.000000 -0.000000 -0.000000 0.000000 0.000000 1.000000 -0.000000 0.000000 0.000000 0.000000 1.000000 0.000000 0.000000 0.000000 0.000000 1.000000
1.000000 -0.000000 -0.000000 0.000000 0.000000 1.000000 -0.000000 0.000000 0.000000 0.000000 1.000000 0.000000 0.000000 0.000000 0.000000 1.000000
1.000000 -0.000000 -0.000000 0.000000 0.000000 1.000000 -0.000000 0.000000 0.000000 0.000000 1.000000 0.000000 0.000000 0.000000 0.000000 1.000000
1.000000 -0.000000 -0.000000 0.000000 0.000000 1.000000 -0.000000 0.000000 0.000000 0.000000 1.000000 0.000000 0.000000 0.000000 0.000000 1.000000
1.000000 -0.000000 -0.000000 0.000000 0.000000 1.000000 -0.000000 0.000000 0.000000 0.000000 1.000000 0.000000 0.000000 0.000000 0.000000 1.000000
