<?xml version="1.0" encoding="utf-8"?>
<COLLADA xmlns="http://www.collada.org/2005/11/COLLADASchema" version="1.4.1">
  <asset><contributor><author></author><authoring_tool>FBX COLLADA exporter</authoring_tool><comments></comments></contributor><created>2024-05-20T15:10:27Z</created><keywords></keywords><modified>2024-05-20T15:10:27Z</modified><revision></revision><subject></subject><title></title><unit meter="0.010000" name="centimeter"></unit><up_axis>Y_UP</up_axis></asset>
  <library_animations>
    <animation id="Armature-anim" name="Armature"><animation><source id="Armature-Matrix-animation-input"><float_array id="Armature-Matrix-animation-input-array" count="23">

0.000000 0.033333 0.066667 0.100000 0.133333 0.166667 0.200000 0.233333 0.266667 0.300000 0.333333 0.366667 0.400000 0.433333 0.466667 0.500000
0.533333 0.566667 0.600000 0.633333 0.666667 0.700000 0.733333</float_array><technique_common><accessor source="#Armature-Matrix-animation-input-array" count="23"><param name="TIME" type="float"/></accessor></technique_common></source><source id="Armature-Matrix-animation-output-transform"><float_array id="Armature-Matrix-animation-output-transform-array" count="368">

0.117617 -0.273539 0.954643 -0.613521 0.599976 -0.746455 -0.287806 3.405943 0.791325 0.606613 0.076321 -0.665694 0.000000 0.000000 0.000000 1.000000
0.053323 -0.449563 0.891655 -0.626961 0.378435 -0.817221 -0.434667 3.297938 0.924091 0.360610 0.126554 -0.330145 0.000000 0.000000 0.000000 1.000000
-0.136251 -0.651918 0.745947 -0.724727 0.017526 -0.754436 -0.656138 3.168227 0.990520 -0.076326 0.114218 0.128214 0.000000 0.000000 0.000000 1.000000
-0.155843 -0.686606 0.710130 -0.653507 -0.011794 -0.717568 -0.696387 3.388811 0.987712 -0.116903 0.103731 0.403147 0.000000 0.000000 0.000000 1.000000
0.028596 -0.685258 0.727738 -0.412834 0.146059 -0.717358 -0.681222 3.719151 0.988863 0.125774 0.079575 0.479332 0.000000 0.000000 0.000000 1.000000
0.252541 -0.610860 0.750382 -0.166500 0.332006 -0.673730 -0.660197 4.005672 0.908843 0.415858 0.032665 0.392738 0.000000 0.000000 0.000000 1.000000
0.371399 -0.522393 0.767573 -0.026671 0.433816 -0.633281 -0.640904 4.177395 0.820894 0.571016 -0.008577 0.316530 0.000000 0.000000 0.000000 1.000000
0.406810 -0.462100 0.788016 0.032886 0.399634 -0.685673 -0.608395 4.229017 0.821461 0.562419 -0.094268 0.352950 0.000000 0.000000 0.000000 1.000000
0.414051 -0.403366 0.816001 0.069946 0.326654 -0.770898 -0.546821 4.231084 0.849623 0.492961 -0.187430 0.412314 0.000000 0.000000 0.000000 1.000000
0.357577 -0.363609 0.860190 0.098926 0.313668 -0.820818 -0.477357 4.183394 0.879631 0.440506 -0.179453 0.460897 0.000000 0.000000 0.000000 1.000000
0.274357 -0.304003 0.912310 0.125556 0.289335 -0.878655 -0.379800 4.098019 0.917068 0.368164 -0.153106 0.501594 0.000000 0.000000 0.000000 1.000000
0.218209 -0.165168 0.961823 0.179517 0.209267 -0.954727 -0.211426 4.041277 0.953201 0.247412 -0.173766 0.519167 0.000000 0.000000 0.000000 1.000000
0.206012 -0.079741 0.975295 0.230024 0.147757 -0.982710 -0.111558 4.003590 0.967330 0.167089 -0.190668 0.521304 0.000000 0.000000 0.000000 1.000000
0.200837 -0.188001 0.961416 0.213281 0.123723 -0.968685 -0.215268 3.872419 0.971780 0.162182 -0.171288 0.552214 0.000000 0.000000 0.000000 1.000000
0.168130 -0.403571 0.899368 0.152827 0.099463 -0.900753 -0.422787 3.686333 0.980734 0.160537 -0.111303 0.614497 0.000000 0.000000 0.000000 1.000000
0.125996 -0.594663 0.794041 0.064971 0.089173 -0.790389 -0.606079 3.544387 0.988015 0.147171 -0.046558 0.674780 0.000000 0.000000 0.000000 1.000000
0.001058 -0.006706 0.007343 0.018154 0.000887 -0.007291 -0.006786 3.484216 0.009904 0.001369 -0.000176 0.700021 0.000000 0.000000 0.000000 1.000000
0.000915 -0.005318 0.008419 0.008152 0.001225 -0.008330 -0.005395 3.527188 0.009882 0.001525 -0.000111 0.688634 0.000000 0.000000 0.000000 1.000000
0.000472 -0.002466 0.009680 -0.061148 0.001939 -0.009483 -0.002511 3.686245 0.009799 0.001996 0.000031 0.669998 0.000000 0.000000 0.000000 1.000000
-0.000237 -0.000278 0.009993 -0.199233 0.002632 -0.009645 -0.000206 3.792625 0.009645 0.002625 0.000302 0.589819 0.000000 0.000000 0.000000 1.000000
-0.001050 0.000204 0.009943 -0.352589 0.003311 -0.009420 0.000543 3.652030 0.009377 0.003349 0.000922 0.328006 0.000000 0.000000 0.000000 1.000000
-0.001444 -0.000700 0.009870 -0.459187 0.004808 -0.008768 0.000082 3.372985 0.008649 0.004757 0.001602 -0.091636 0.000000 0.000000 0.000000 1.000000
-0.001391 -0.001737 0.009749 -0.510017 0.006074 -0.007925 -0.000545 3.152553 0.007821 0.005846 0.002158 -0.428226 0.000000 0.000000 0.000000 1.000000</float_array><technique_common><accessor source="#Armature-Matrix-animation-output-transform-array" count="23" stride="16"><param type="float4x4"/></accessor></technique_common></source><source id="Armature-Interpolations"><Name_array id="Armature-Interpolations-array" count="23">
 LINEAR LINEAR LINEAR LINEAR LINEAR LINEAR LINEAR LINEAR LINEAR LINEAR LINEAR
LINEAR LINEAR LINEAR LINEAR LINEAR LINEAR LINEAR LINEAR LINEAR LINEAR LINEAR LINEAR</Name_array><technique_common><accessor source="#Armature-Interpolations-array" count="23"><param type="name"/></accessor></technique_common></source><sampler id="Armature-Matrix-animation-transform"><input semantic="INPUT" source="#Armature-Matrix-animation-input"/><input semantic="OUTPUT" source="#Armature-Matrix-animation-output-transform"/><input semantic="INTERPOLATION" source="#Armature-Interpolations"/></sampler><channel source="#Armature-Matrix-animation-transform" target="Armature/matrix"/></animation></animation>
    <animation id="jnt_right_weapon-anim" name="jnt_right_weapon"><animation><source id="jnt_right_weapon-Matrix-animation-input"><float_array id="jnt_right_weapon-Matrix-animation-input-array" count="23">

0.000000 0.033333 0.066667 0.100000 0.133333 0.166667 0.200000 0.233333 0.266667 0.300000 0.333333 0.366667 0.400000 0.433333 0.466667 0.500000
0.533333 0.566667 0.600000 0.633333 0.666667 0.700000 0.733333</float_array><technique_common><accessor source="#jnt_right_weapon-Matrix-animation-input-array" count="23"><param name="TIME" type="float"/></accessor></technique_common></source><source id="jnt_right_weapon-Matrix-animation-output-transform"><float_array id="jnt_right_weapon-Matrix-animation-output-transform-array" count="368">

1.000000 -0.000000 -0.000000 0.000000 0.000000 1.000000 -0.000000 0.000000 0.000000 0.000000 1.000000 0.000000 0.000000 0.000000 0.000000 1.000000
1.000000 -0.000000 -0.000000 0.000000 0.000000 1.000000 -0.000000 0.000000 0.000000 0.000000 1.000000 0.000000 0.000000 0.000000 0.000000 1.000000
1.000000 -0.000000 -0.000000 0.000000 0.000000 1.000000 -0.000000 0.000000 0.000000 0.000000 1.000000 0.000000 0.000000 0.000000 0.000000 1.000000
1.000000 -0.000000 -0.000000 0.000000 0.000000 1.000000 -0.000000 0.000000 0.000000 0.000000 1.000000 0.000000 0.000000 0.000000 0.000000 1.000000
1.000000 -0.000000 -0.000000 0.000000 0.000000 1.000000 -0.000000 0.000000 0.000000 0.000000 1.000000 0.000000 0.000000 0.000000 0.000000 1.000000
1.000000 -0.000000 -0.000000 0.000000 0.000000 1.000000 -0.000000 0.000000 0.000000 0.000000 1.000000 0.000000 0.000000 0.000000 0.000000 1.000000
1.000000 -0.000000 -0.000000 0.000000 0.000000 1.000000 -0.000000 0.000000 0.000000 0.000000 1.000000 0.000000 0.000000 0.000000 0.000000 1.000000
1.000000 -0.000000 -0.000000 0.000000 0.000000 1.000000 -0.000000 0.000000 0.000000 0.000000 1.000000 0.000000 0.000000 0.000000 0.000000 1.000000
1.000000 -0.000000 -0.000000 0.000000 0.000000 1.000000 -0.000000 0.000000 0.000000 0.000000 1.000000 0.000000 0.000000 0.000000 0.000000 1.000000
1.000000 -0.000000 -0.000000 0.000000 0.000000 1.000000 -0.000000 0.000000 0.000000 0.000000 1.000000 0.000000 0.000000 0.000000 0.000000 1.000000
1.000000 -0.000000 -0.000000 0.000000 0.000000 1.000000 -0.000000 0.000000 0.000000 0.000000 1.000000 0.000000 0.000000 0.000000 0.000000 1.000000
1.000000 -0.000000 -0.000000 0.000000 0.000000 1.000000 -0.000000 0.000000 0.000000 0.000000 1.000000 0.000000 0.000000 0.000000 0.000000 1.000000
1.000000 -0.000000 -0.000000 0.000000 0.000000 1.000000 -0.000000 0.000000 0.000000 0.000000 1.000000 0.000000 0.000000 0.000000 0.000000 1.000000
1.000000 -0.000000 -0.000000 0.000000 0.000000 1.000000 -0.000000 0.000000 0.000000 0.000000 1.000000 0.000000 0.000000 0.000000 0.000000 1.000000
1.000000 -0.000000 -0.000000 0.000000 0.000000 1.000000 -0.000000 0.000000 0.000000 0.000000 1.000000 0.000000 0.000000 0.000000 0.000000 1.000000
1.000000 -0.000000 -0.000000 0.000000 0.000000 1.000000 -0.000000 0.000000 0.000000 0.000000 1.000000 0.000000 0.000000 0.000000 0.000000 1.000000
0.000010 -0.000000 -0.000000 0.000000 0.000000 0.000010 -0.000000 0.000000 0.000000 0.000000 0.000010 0.000000 0.000000 0.000000 0.000000 1.000000
0.000010 -0.000000 -0.000000 0.000000 0.000000 0.000010 -0.000000 0.000000 0.000000 0.000000 0.000010 0.000000 0.000000 0.000000 0.000000 1.000000
0.000010 -0.000000 -0.000000 0.000000 0.000000 0.000010 -0.000000 0.000000 0.000000 0.000000 0.000010 0.000000 0.000000 0.000000 0.000000 1.000000
0.000010 -0.000000 -0.000000 0.000000 0.000000 0.000010 -0.000000 0.000000 0.000000 0.000000 0.000010 0.000000 0.000000 0.000000 0.000000 1.000000
0.000010 -0.000000 -0.000000 0.000000 0.000000 0.000010 -0.000000 0.000000 0.000000 0.000000 0.000010 0.000000 0.000000 0.000000 0.000000 1.000000
0.000010 -0.000000 -0.000000 0.000000 0.000000 0.000010 -0.000000 0.000000 0.000000 0.000000 0.000010 0.000000 0.000000 0.000000 0.000000 1.000000
0.000010 -0.000000 -0.000000 0.000000 0.000000 0.000010 -0.000000 0.000000 0.000000 0.000000 0.000010 0.000000 0.000000 0.000000 0.000000 1.000000</float_array><technique_common><accessor source="#jnt_right_weapon-Matrix-animation-output-transform-array" count="23" stride="16"><param type="float4x4"/></accessor></technique_common></source><source id="jnt_right_weapon-Interpolations"><Name_array id="jnt_right_weapon-Interpolations-array" count="23">
 LINEAR LINEAR LINEAR LINEAR LINEAR LINEAR LINEAR LINEAR LINEAR LINEAR LINEAR
LINEAR LINEAR LINEAR LINEAR LINEAR LINEAR LINEAR LINEAR LINEAR LINEAR LINEAR LINEAR</Name_array><technique_common><accessor source="#jnt_right_weapon-Interpolations-array" count="23"><param type="name"/></accessor></technique_common></source><sampler id="jnt_right_weapon-Matrix-animation-transform"><input semantic="INPUT" source="#jnt_right_weapon-Matrix-animation-input"/><input semantic="OUTPUT" source="#jnt_right_weapon-Matrix-animation-output-transform"/><input semantic="INTERPOLATION" source="#jnt_right_weapon-Interpolations"/></sampler><channel source="#jnt_right_weapon-Matrix-animation-transform" target="jnt_right_weapon/matrix"/></animation></animation>
    <animation id="jnt_reload-anim" name="jnt_reload"><animation><source id="jnt_reload-Matrix-animation-input"><float_array id="jnt_reload-Matrix-animation-input-array" count="23">

0.000000 0.033333 0.066667 0.100000 0.133333 0.166667 0.200000 0.233333 0.266667 0.300000 0.333333 0.366667 0.400000 0.433333 0.466667 0.500000
0.533333 0.566667 0.600000 0.633333 0.666667 0.700000 0.733333</float_array><technique_common><accessor source="#jnt_reload-Matrix-animation-input-array" count="23"><param name="TIME" type="float"/></accessor></technique_common></source><source id="jnt_reload-Matrix-animation-output-transform"><float_array id="jnt_reload-Matrix-animation-output-transform-array" count="368">

1.000000 -0.000000 -0.000000 0.000000 -0.000000 -0.000000 1.000000 0.000000 -0.000000 -1.000000 -0.000000 0.000000 0.000000 0.000000 0.000000 1.000000
1.000000 -0.000000 0.000000 0.000000 0.000000 -0.000000 1.000000 0.000000 -0.000000 -1.000000 -0.000000 0.000000 0.000000 0.000000 0.000000 1.000000
1.000000 -0.000000 0.000000 0.000000 0.000000 -0.000000 1.000000 -0.000000 -0.000000 -1.000000 -0.000000 0.000000 0.000000 0.000000 0.000000 1.000000
1.000000 -0.000000 0.000000 0.000000 0.000000 -0.000000 1.000000 0.000000 -0.000000 -1.000000 -0.000000 0.000000 0.000000 0.000000 0.000000 1.000000
1.000000 -0.000000 0.000000 0.000000 0.000000 -0.000000 1.000000 0.000000 -0.000000 -1.000000 -0.000000 0.000000 0.000000 0.000000 0.000000 1.000000
1.000000 -0.000000 -0.000000 0.000000 0.000000 -0.000000 1.000000 0.000000 -0.000000 -1.000000 -0.000000 0.000000 0.000000 0.000000 0.000000 1.000000
1.000000 -0.000000 -0.000000 0.000000 0.000000 -0.000000 1.000000 0.000000 -0.000000 -1.000000 -0.000000 0.000000 0.000000 0.000000 0.000000 1.000000
1.000000 -0.000000 0.000000 0.000000 -0.000000 -0.000000 1.000000 0.000000 -0.000000 -1.000000 -0.000000 0.000000 0.000000 0.000000 0.000000 1.000000
1.000000 -0.000000 -0.000000 0.000000 0.000000 -0.000000 1.000000 0.000000 -0.000000 -1.000000 -0.000000 0.000000 0.000000 0.000000 0.000000 1.000000
1.000000 -0.000000 0.000000 0.000000 0.000000 -0.000000 1.000000 0.000000 -0.000000 -1.000000 -0.000000 0.000000 0.000000 0.000000 0.000000 1.000000
1.000000 -0.000000 -0.000000 -0.000000 -0.000000 -0.000000 1.000000 0.000000 -0.000000 -1.000000 -0.000000 0.000000 0.000000 0.000000 0.000000 1.000000
1.000000 -0.000000 0.000000 -0.000000 0.000000 -0.000000 1.000000 0.000000 -0.000000 -1.000000 -0.000000 0.000000 0.000000 0.000000 0.000000 1.000000
1.000000 -0.000000 0.000000 0.000000 0.000000 -0.000000 1.000000 -0.000000 -0.000000 -1.000000 -0.000000 0.000000 0.000000 0.000000 0.000000 1.000000
1.000000 -0.000000 -0.000000 0.000000 0.000000 -0.000000 1.000000 -0.000000 -0.000000 -1.000000 -0.000000 0.000000 0.000000 0.000000 0.000000 1.000000
1.000000 -0.000000 0.000000 -0.000000 -0.000000 -0.000000 1.000000 -0.000000 -0.000000 -1.000000 -0.000000 0.000000 0.000000 0.000000 0.000000 1.000000
1.000000 -0.000000 -0.000000 0.000000 -0.000000 -0.000000 1.000000 0.000000 -0.000000 -1.000000 -0.000000 0.000000 0.000000 0.000000 0.000000 1.000000
0.000000 -0.000000 -0.000000 0.018154 0.000000 0.000000 -0.000000 3.484216 0.000000 0.000000 0.000000 0.700021 0.000000 0.000000 0.000000 1.000000
0.000000 -0.000000 -0.000000 0.008152 0.000000 0.000000 -0.000000 3.527188 0.000000 0.000000 0.000000 0.688634 0.000000 0.000000 0.000000 1.000000
0.000000 -0.000000 -0.000000 -0.061148 0.000000 0.000000 -0.000000 3.686245 0.000000 -0.000000 0.000000 0.669998 0.000000 0.000000 0.000000 1.000000
-0.000000 -0.000000 -0.000000 -0.199233 0.000000 0.000000 -0.000000 3.792625 0.000000 -0.000000 0.000000 0.589819 0.000000 0.000000 0.000000 1.000000
-0.000000 -0.000000 0.000000 -0.352589 0.000000 -0.000000 -0.000000 3.652030 0.000000 -0.000000 0.000000 0.328006 0.000000 0.000000 0.000000 1.000000
-0.000000 -0.000000 -0.000000 -0.459187 0.000000 -0.000000 -0.000000 3.372985 0.000000 -0.000000 0.000000 -0.091636 0.000000 0.000000 0.000000 1.000000
-0.000000 -0.000000 -0.000000 -0.510017 0.000000 0.000000 -0.000000 3.152553 0.000000 -0.000000 0.000000 -0.428226 0.000000 0.000000 0.000000 1.000000</float_array><technique_common><accessor source="#jnt_reload-Matrix-animation-output-transform-array" count="23" stride="16"><param type="float4x4"/></accessor></technique_common></source><source id="jnt_reload-Interpolations"><Name_array id="jnt_reload-Interpolations-array" count="23">
 LINEAR LINEAR LINEAR LINEAR LINEAR LINEAR LINEAR LINEAR LINEAR LINEAR LINEAR
LINEAR LINEAR LINEAR LINEAR LINEAR LINEAR LINEAR LINEAR LINEAR LINEAR LINEAR LINEAR</Name_array><technique_common><accessor source="#jnt_reload-Interpolations-array" count="23"><param type="name"/></accessor></technique_common></source><sampler id="jnt_reload-Matrix-animation-transform"><input semantic="INPUT" source="#jnt_reload-Matrix-animation-input"/><input semantic="OUTPUT" source="#jnt_reload-Matrix-animation-output-transform"/><input semantic="INTERPOLATION" source="#jnt_reload-Interpolations"/></sampler><channel source="#jnt_reload-Matrix-animation-transform" target="jnt_reload/matrix"/></animation></animation>
    <animation id="jnt_clip-anim" name="jnt_clip"><animation><source id="jnt_clip-Matrix-animation-input"><float_array id="jnt_clip-Matrix-animation-input-array" count="23">

0.000000 0.033333 0.066667 0.100000 0.133333 0.166667 0.200000 0.233333 0.266667 0.300000 0.333333 0.366667 0.400000 0.433333 0.466667 0.500000
0.533333 0.566667 0.600000 0.633333 0.666667 0.700000 0.733333</float_array><technique_common><accessor source="#jnt_clip-Matrix-animation-input-array" count="23"><param name="TIME" type="float"/></accessor></technique_common></source><source id="jnt_clip-Matrix-animation-output-transform"><float_array id="jnt_clip-Matrix-animation-output-transform-array" count="368">

0.000100 -0.000000 0.000000 0.000000 0.000000 0.000100 -0.000000 0.000000 0.000000 0.000000 0.000100 -0.100000 0.000000 0.000000 0.000000 1.000000
0.000100 -0.000000 -0.000000 -0.000000 0.000000 0.000100 -0.000000 0.000000 -0.000000 0.000000 0.000100 -0.100000 0.000000 0.000000 0.000000 1.000000
0.000100 0.000000 0.000000 -0.000000 0.000000 0.000100 -0.000000 0.000000 0.000000 0.000000 0.000100 -0.100000 0.000000 0.000000 0.000000 1.000000
0.000100 -0.000000 -0.000000 0.000000 -0.000000 0.000100 -0.000000 -0.000000 0.000000 0.000000 0.000100 -0.100000 0.000000 0.000000 0.000000 1.000000
0.000100 -0.000000 0.000000 0.000000 0.000000 0.000100 -0.000000 0.000000 0.000000 0.000000 0.000100 -0.100000 0.000000 0.000000 0.000000 1.000000
0.000100 -0.000000 0.000000 0.000000 0.000000 0.000100 -0.000000 0.000000 0.000000 0.000000 0.000100 -0.100000 0.000000 0.000000 0.000000 1.000000
0.000100 0.000000 -0.000000 0.000000 0.000000 0.000100 -0.000000 0.000000 -0.000000 0.000000 0.000100 -0.100000 0.000000 0.000000 0.000000 1.000000
0.000100 0.000000 0.000000 0.000000 0.000000 0.000100 -0.000000 0.000000 -0.000000 0.000000 0.000100 -0.100000 0.000000 0.000000 0.000000 1.000000
1.000000 -0.000000 0.000000 0.000000 -0.000000 1.000000 -0.000000 0.000000 0.000000 0.000000 1.000000 -0.100000 0.000000 0.000000 0.000000 1.000000
1.000000 0.000000 -0.000000 0.000000 0.000000 1.000000 -0.000000 0.000000 -0.000000 0.000000 1.000000 -0.100000 0.000000 0.000000 0.000000 1.000000
1.000000 0.000000 0.000000 0.000000 0.000000 1.000000 -0.000000 0.000000 0.000000 0.000000 1.000000 -0.100000 0.000000 0.000000 0.000000 1.000000
1.000000 0.000000 0.000000 0.000000 -0.000000 1.000000 -0.000000 0.000000 -0.000000 0.000000 1.000000 -0.100000 0.000000 0.000000 0.000000 1.000000
1.000000 0.000000 -0.000000 0.000000 0.000000 1.000000 -0.000000 0.000000 0.000000 0.000000 1.000000 -0.100000 0.000000 0.000000 0.000000 1.000000
1.000000 0.000000 0.000000 0.000000 0.000000 1.000000 -0.000000 -0.000000 0.000000 0.000000 1.000000 -0.100000 0.000000 0.000000 0.000000 1.000000
1.000000 -0.000000 0.000000 0.000000 0.000000 1.000000 -0.000000 0.000000 0.000000 0.000000 1.000000 -0.100000 0.000000 0.000000 0.000000 1.000000
1.000000 -0.000000 0.000000 0.000000 -0.000000 1.000000 -0.000000 -0.000000 -0.000000 0.000000 1.000000 -0.100000 0.000000 0.000000 0.000000 1.000000
0.000000 -0.000000 -0.000000 0.018154 0.000000 0.000000 -0.000000 3.484216 0.000000 0.000000 0.000000 0.700021 0.000000 0.000000 0.000000 1.000000
0.000000 -0.000000 -0.000000 0.008152 0.000000 0.000000 -0.000000 3.527188 0.000000 0.000000 0.000000 0.688634 0.000000 0.000000 0.000000 1.000000
0.000000 -0.000000 -0.000000 -0.061148 0.000000 0.000000 -0.000000 3.686245 0.000000 -0.000000 0.000000 0.669998 0.000000 0.000000 0.000000 1.000000
-0.000000 -0.000000 -0.000000 -0.199233 0.000000 0.000000 -0.000000 3.792625 0.000000 -0.000000 0.000000 0.589819 0.000000 0.000000 0.000000 1.000000
-0.000000 -0.000000 0.000000 -0.352589 0.000000 -0.000000 -0.000000 3.652030 0.000000 -0.000000 0.000000 0.328006 0.000000 0.000000 0.000000 1.000000
-0.000000 -0.000000 -0.000000 -0.459187 0.000000 -0.000000 -0.000000 3.372985 0.000000 -0.000000 0.000000 -0.091636 0.000000 0.000000 0.000000 1.000000
-0.000000 -0.000000 -0.000000 -0.510017 0.000000 0.000000 -0.000000 3.152553 0.000000 -0.000000 0.000000 -0.428226 0.000000 0.000000 0.000000 1.000000</float_array><technique_common><accessor source="#jnt_clip-Matrix-animation-output-transform-array" count="23" stride="16"><param type="float4x4"/></accessor></technique_common></source><source id="jnt_clip-Interpolations"><Name_array id="jnt_clip-Interpolations-array" count="23">
 LINEAR LINEAR LINEAR LINEAR LINEAR LINEAR LINEAR LINEAR LINEAR LINEAR LINEAR
LINEAR LINEAR LINEAR LINEAR LINEAR LINEAR LINEAR LINEAR LINEAR LINEAR LINEAR LINEAR</Name_array><technique_common><accessor source="#jnt_clip-Interpolations-array" count="23"><param type="name"/></accessor></technique_common></source><sampler id="jnt_clip-Matrix-animation-transform"><input semantic="INPUT" source="#jnt_clip-Matrix-animation-input"/><input semantic="OUTPUT" source="#jnt_clip-Matrix-animation-output-transform"/><input semantic="INTERPOLATION" source="#jnt_clip-Interpolations"/></sampler><channel source="#jnt_clip-Matrix-animation-transform" target="jnt_clip/matrix"/></animation></animation>
  </library_animations>
  <library_visual_scenes>
    <visual_scene id="Scene" name="Scene">
      <node name="Armature" id="Armature" sid="Armature"><matrix sid="matrix">0.117617 -0.273539 0.954643 -0.613521 0.599976 -0.746455 -0.287806 3.405943 0.791325 0.606613 0.076321 -0.665694 0.000000 0.000000 0.000000 1.000000</matrix><extra><technique profile="FCOLLADA"><visibility>1.000000</visibility></technique></extra><node name="jnt_right_weapon" id="jnt_right_weapon" sid="jnt_right_weapon" type="JOINT"><matrix sid="matrix">1.000000 -0.000000 -0.000000 0.000000 0.000000 1.000000 -0.000000 0.000000 0.000000 0.000000 1.000000 0.000000 0.000000 0.000000 0.000000 1.000000</matrix><extra><technique profile="FCOLLADA"><visibility>1.000000</visibility></technique></extra><node name="jnt_reload" id="jnt_reload" sid="jnt_reload" type="JOINT"><matrix sid="matrix">1.000000 -0.000000 -0.000000 0.000000 -0.000000 -0.000000 1.000000 0.000000 -0.000000 -1.000000 -0.000000 0.000000 0.000000 0.000000 0.000000 1.000000</matrix><extra><technique profile="FCOLLADA"><visibility>1.000000</visibility></technique></extra><node name="jnt_clip" id="jnt_clip" sid="jnt_clip" type="JOINT"><matrix sid="matrix">0.000100 -0.000000 0.000000 0.000000 0.000000 0.000100 -0.000000 0.000000 0.000000 0.000000 0.000100 -0.100000 0.000000 0.000000 0.000000 1.000000</matrix><extra><technique profile="FCOLLADA"><visibility>1.000000</visibility></technique></extra></node></node></node></node>
      <extra><technique profile="MAX3D"><frame_rate>60.000000</frame_rate></technique><technique profile="FCOLLADA"><start_time>0.000000</start_time><end_time>1.000000</end_time></technique></extra>
    </visual_scene>
  </library_visual_scenes>
  <scene>
    <instance_visual_scene url="#Scene"></instance_visual_scene>
  </scene>
</COLLADA>
