<?xml version="1.0" encoding="utf-8"?>
<COLLADA xmlns="http://www.collada.org/2005/11/COLLADASchema" version="1.4.1">
  <asset><contributor><author></author><authoring_tool>FBX COLLADA exporter</authoring_tool><comments></comments></contributor><created>2024-05-20T17:40:11Z</created><keywords></keywords><modified>2024-05-20T17:40:11Z</modified><revision></revision><subject></subject><title></title><unit meter="0.010000" name="centimeter"></unit><up_axis>Y_UP</up_axis></asset>
  <library_animations>
    <animation id="bolt-anim" name="bolt"><animation><source id="bolt-Matrix-animation-input"><float_array id="bolt-Matrix-animation-input-array" count="158">

0.000000 0.033333 0.066667 0.100000 0.133333 0.166667 0.200000 0.233333 0.266667 0.300000 0.333333 0.366667 0.400000 0.433333 0.466667 0.500000
0.533333 0.566667 0.600000 0.633333 0.666667 0.700000 0.733333 0.766667 0.800000 0.833333 0.866667 0.900000 0.933333 0.966667 1.000000 1.033333
1.066667 1.100000 1.133333 1.166667 1.200000 1.233333 1.266667 1.300000 1.333333 1.366667 1.400000 1.433333 1.466667 1.500000 1.533333 1.566667
1.600000 1.633333 1.666667 1.700000 1.733333 1.766667 1.800000 1.833333 1.866667 1.900000 1.933333 1.966667 2.000000 2.033333 2.066667 2.100000
2.133333 2.166667 2.200000 2.233333 2.266667 2.300000 2.333333 2.366667 2.400000 2.433333 2.466667 2.500000 2.533333 2.566667 2.600000 2.633333
2.666667 2.700000 2.733333 2.766667 2.800000 2.833333 2.866667 2.900000 2.933333 2.966667 3.000000 3.033333 3.066667 3.100000 3.133333 3.166667
3.200000 3.233333 3.266667 3.300000 3.333333 3.366667 3.400000 3.433333 3.466667 3.500000 3.533333 3.566667 3.600000 3.633333 3.666667 3.700000
3.733333 3.766667 3.800000 3.833333 3.866667 3.900000 3.933333 3.966667 4.000000 4.033333 4.066667 4.100000 4.133333 4.166667 4.200000 4.233333
4.266667 4.300000 4.333333 4.366667 4.400000 4.433333 4.466667 4.500000 4.533333 4.566667 4.600000 4.633333 4.666667 4.700000 4.733333 4.766667
4.800000 4.833333 4.866667 4.900000 4.933333 4.966667 5.000000 5.033333 5.066667 5.100000 5.133333 5.166667 5.200000 5.233333</float_array><technique_common><accessor source="#bolt-Matrix-animation-input-array" count="158"><param name="TIME" type="float"/></accessor></technique_common></source><source id="bolt-Matrix-animation-output-transform"><float_array id="bolt-Matrix-animation-output-transform-array" count="2528">

0.955481 0.172189 0.239616 -0.099694 -0.211060 0.966331 0.147204 3.863726 -0.206202 -0.191224 0.959642 0.887796 0.000000 0.000000 0.000000 1.000000
0.956805 0.175004 0.232177 -0.112716 -0.210444 0.967864 0.137713 3.853654 -0.200616 -0.180626 0.962874 0.897180 0.000000 0.000000 0.000000 1.000000
0.960296 0.181525 0.211870 -0.148248 -0.208969 0.971130 0.115109 3.829731 -0.184858 -0.154813 0.970494 0.921885 0.000000 0.000000 0.000000 1.000000
0.965053 0.188813 0.181747 -0.200693 -0.207241 0.974309 0.088239 3.801030 -0.160417 -0.122822 0.979377 0.956326 0.000000 0.000000 0.000000 1.000000
0.970133 0.194382 0.145148 -0.264358 -0.205537 0.976418 0.066142 3.776871 -0.128868 -0.094000 0.987195 0.995106 0.000000 0.000000 0.000000 1.000000
0.974765 0.196639 0.105712 -0.333152 -0.203449 0.977375 0.057948 3.766382 -0.091926 -0.077993 0.992705 1.032665 0.000000 0.000000 0.000000 1.000000
0.978180 0.196800 0.066657 -0.400820 -0.200881 0.977701 0.061320 3.779281 -0.053103 -0.073372 0.995888 1.067385 0.000000 0.000000 0.000000 1.000000
0.979968 0.196779 0.030813 -0.461904 -0.198450 0.977842 0.066747 3.810742 -0.016996 -0.071525 0.997292 1.099093 0.000000 0.000000 0.000000 1.000000
0.980465 0.196711 0.001312 -0.511845 -0.196286 0.977862 0.072597 3.848393 0.012997 -0.071436 0.997359 1.125031 0.000000 0.000000 0.000000 1.000000
0.980301 0.196638 -0.018765 -0.546266 -0.194663 0.977829 0.077266 3.879983 0.033542 -0.072091 0.996833 1.142585 0.000000 0.000000 0.000000 1.000000
0.980147 0.196536 -0.026370 -0.560734 -0.193939 0.977821 0.079160 3.893160 0.041343 -0.072475 0.996512 1.148901 0.000000 0.000000 0.000000 1.000000
0.980146 0.196513 -0.026580 -0.562714 -0.193939 0.977894 0.078248 3.891106 0.041369 -0.071539 0.996578 1.148525 0.000000 0.000000 0.000000 1.000000
0.979959 0.197404 -0.026878 -0.563001 -0.195061 0.978146 0.072068 3.877074 0.040517 -0.065381 0.997036 1.149571 0.000000 0.000000 0.000000 1.000000
0.978676 0.203493 -0.028159 -0.560520 -0.201905 0.978087 0.050923 3.827281 0.037904 -0.044152 0.998304 1.164095 0.000000 0.000000 0.000000 1.000000
0.973955 0.224519 -0.031817 -0.550636 -0.224498 0.974472 0.004283 3.712499 0.031967 0.002971 0.999483 1.235425 0.000000 0.000000 0.000000 1.000000
0.970790 0.237464 -0.034452 -0.544439 -0.238305 0.970930 -0.022747 3.644980 0.028049 0.030293 0.999147 1.335724 0.000000 0.000000 0.000000 1.000000
0.972912 0.228713 -0.033780 -0.547960 -0.229528 0.973046 -0.022594 3.642734 0.027701 0.029735 0.999173 1.439441 0.000000 0.000000 0.000000 1.000000
0.980103 0.195897 -0.032128 -0.560764 -0.196662 0.980215 -0.022678 3.634424 0.027050 0.028545 0.999226 1.531714 0.000000 0.000000 0.000000 1.000000
0.991235 0.128700 -0.029970 -0.585441 -0.129428 0.991310 -0.023772 3.616848 0.026650 0.027442 0.999268 1.588993 0.000000 0.000000 0.000000 1.000000
0.999428 0.020083 -0.027377 -0.621777 -0.020809 0.999439 -0.026483 3.586416 0.026830 0.027037 0.999274 1.595135 0.000000 0.000000 0.000000 1.000000
0.998334 -0.051950 -0.025301 -0.647627 0.051226 0.998288 -0.028471 3.568234 0.026736 0.027128 0.999274 1.584389 0.000000 0.000000 0.000000 1.000000
0.999122 -0.033324 -0.025584 -0.652261 0.032572 0.999047 -0.029266 3.583787 0.026535 0.028407 0.999244 1.573376 0.000000 0.000000 0.000000 1.000000
0.999633 0.007398 -0.026215 -0.649169 -0.008213 0.999488 -0.031141 3.610133 0.025971 0.031345 0.999171 1.562778 0.000000 0.000000 0.000000 1.000000
0.998504 0.047847 -0.026630 -0.640315 -0.048725 0.998262 -0.033336 3.640964 0.024988 0.034584 0.999089 1.549703 0.000000 0.000000 0.000000 1.000000
0.996664 0.077382 -0.026104 -0.632133 -0.078264 0.996337 -0.034652 3.675510 0.023327 0.036579 0.999058 1.534038 0.000000 0.000000 0.000000 1.000000
0.994941 0.097163 -0.025711 -0.626759 -0.097996 0.994631 -0.033437 3.708276 0.022325 0.035788 0.999109 1.517374 0.000000 0.000000 0.000000 1.000000
0.993802 0.108179 -0.025755 -0.625000 -0.108800 0.993778 -0.024070 3.734233 0.022991 0.026723 0.999378 1.499681 0.000000 0.000000 0.000000 1.000000
0.993345 0.112313 -0.025707 -0.625956 -0.112536 0.993626 -0.007419 3.752841 0.024710 0.010262 0.999641 1.481921 0.000000 0.000000 0.000000 1.000000
0.993315 0.112587 -0.025650 -0.627894 -0.112404 0.993633 0.008469 3.763941 0.026440 -0.005529 0.999635 1.466023 0.000000 0.000000 0.000000 1.000000
0.993381 0.112009 -0.025642 -0.629178 -0.111636 0.993634 0.015551 3.767633 0.027220 -0.012586 0.999549 1.454407 0.000000 0.000000 0.000000 1.000000
0.993380 0.112006 -0.025669 -0.629519 -0.111647 0.993641 0.015029 3.766503 0.027189 -0.012063 0.999557 1.446472 0.000000 0.000000 0.000000 1.000000
0.993379 0.111999 -0.025737 -0.629802 -0.111676 0.993657 0.013640 3.763504 0.027101 -0.010675 0.999575 1.440140 0.000000 0.000000 0.000000 1.000000
0.993378 0.111989 -0.025822 -0.629979 -0.111720 0.993678 0.011647 3.759149 0.026963 -0.008685 0.999598 1.435064 0.000000 0.000000 0.000000 1.000000
0.993377 0.111977 -0.025926 -0.630130 -0.111769 0.993697 0.009323 3.754099 0.026806 -0.006363 0.999620 1.431309 0.000000 0.000000 0.000000 1.000000
0.993376 0.111964 -0.026032 -0.630234 -0.111820 0.993711 0.006932 3.748902 0.026644 -0.003975 0.999636 1.428625 0.000000 0.000000 0.000000 1.000000
0.993374 0.111953 -0.026129 -0.630300 -0.111866 0.993718 0.004740 3.744139 0.026495 -0.001786 0.999647 1.426851 0.000000 0.000000 0.000000 1.000000
0.993374 0.111943 -0.026205 -0.630337 -0.111902 0.993721 0.003016 3.740391 0.026378 -0.000064 0.999651 1.425832 0.000000 0.000000 0.000000 1.000000
0.993373 0.111937 -0.026249 -0.630354 -0.111923 0.993721 0.002027 3.738241 0.026311 0.000925 0.999653 1.425406 0.000000 0.000000 0.000000 1.000000
0.993373 0.111936 -0.026255 -0.630356 -0.111925 0.993721 0.001890 3.737945 0.026302 0.001061 0.999652 1.425360 0.000000 0.000000 0.000000 1.000000
0.993373 0.111936 -0.026255 -0.630356 -0.111925 0.993721 0.001890 3.737945 0.026302 0.001061 0.999652 1.425360 0.000000 0.000000 0.000000 1.000000
0.993373 0.111936 -0.026255 -0.630356 -0.111925 0.993721 0.001890 3.737945 0.026302 0.001061 0.999652 1.425360 0.000000 0.000000 0.000000 1.000000
0.993373 0.111936 -0.026255 -0.630356 -0.111925 0.993721 0.001890 3.737945 0.026302 0.001061 0.999652 1.425360 0.000000 0.000000 0.000000 1.000000
0.993373 0.111936 -0.026255 -0.630356 -0.111925 0.993721 0.001890 3.737945 0.026302 0.001061 0.999652 1.425360 0.000000 0.000000 0.000000 1.000000
0.993373 0.111936 -0.026255 -0.630356 -0.111925 0.993721 0.001890 3.737945 0.026302 0.001061 0.999652 1.425360 0.000000 0.000000 0.000000 1.000000
0.993373 0.111936 -0.026255 -0.630356 -0.111925 0.993721 0.001890 3.737945 0.026302 0.001061 0.999652 1.425360 0.000000 0.000000 0.000000 1.000000
0.993373 0.111936 -0.026255 -0.630356 -0.111925 0.993721 0.001890 3.737945 0.026302 0.001061 0.999652 1.425360 0.000000 0.000000 0.000000 1.000000
0.993373 0.111936 -0.026255 -0.630356 -0.111925 0.993721 0.001890 3.737945 0.026302 0.001061 0.999652 1.425360 0.000000 0.000000 0.000000 1.000000
0.993373 0.111936 -0.026255 -0.630356 -0.111925 0.993721 0.001890 3.737945 0.026302 0.001061 0.999652 1.425360 0.000000 0.000000 0.000000 1.000000
0.993373 0.111936 -0.026255 -0.630356 -0.111925 0.993721 0.001890 3.737945 0.026302 0.001061 0.999652 1.425360 0.000000 0.000000 0.000000 1.000000
0.993373 0.111936 -0.026255 -0.630356 -0.111925 0.993721 0.001890 3.737945 0.026302 0.001061 0.999652 1.425360 0.000000 0.000000 0.000000 1.000000
0.993373 0.111936 -0.026255 -0.630356 -0.111925 0.993721 0.001890 3.737945 0.026302 0.001061 0.999652 1.425360 0.000000 0.000000 0.000000 1.000000
0.993373 0.111936 -0.026255 -0.630356 -0.111925 0.993721 0.001890 3.737945 0.026302 0.001061 0.999652 1.425360 0.000000 0.000000 0.000000 1.000000
0.993373 0.111936 -0.026255 -0.630356 -0.111925 0.993721 0.001890 3.737945 0.026302 0.001061 0.999652 1.425360 0.000000 0.000000 0.000000 1.000000
0.993373 0.111936 -0.026255 -0.630356 -0.111925 0.993721 0.001890 3.737945 0.026302 0.001061 0.999652 1.425360 0.000000 0.000000 0.000000 1.000000
0.993373 0.111936 -0.026255 -0.630356 -0.111925 0.993721 0.001890 3.737945 0.026302 0.001061 0.999652 1.425360 0.000000 0.000000 0.000000 1.000000
0.993373 0.111936 -0.026255 -0.630356 -0.111925 0.993721 0.001890 3.737945 0.026302 0.001061 0.999652 1.425360 0.000000 0.000000 0.000000 1.000000
0.993373 0.111936 -0.026255 -0.630356 -0.111925 0.993721 0.001890 3.737945 0.026302 0.001061 0.999652 1.425360 0.000000 0.000000 0.000000 1.000000
0.993373 0.111936 -0.026255 -0.630356 -0.111925 0.993721 0.001890 3.737945 0.026302 0.001061 0.999652 1.425360 0.000000 0.000000 0.000000 1.000000
0.993373 0.111936 -0.026255 -0.630356 -0.111925 0.993721 0.001890 3.737945 0.026302 0.001061 0.999652 1.425360 0.000000 0.000000 0.000000 1.000000
0.993373 0.111936 -0.026255 -0.630356 -0.111925 0.993721 0.001890 3.737945 0.026302 0.001061 0.999652 1.425360 0.000000 0.000000 0.000000 1.000000
0.993373 0.111936 -0.026255 -0.630356 -0.111925 0.993721 0.001890 3.737945 0.026302 0.001061 0.999652 1.425360 0.000000 0.000000 0.000000 1.000000
0.993373 0.111936 -0.026255 -0.630356 -0.111925 0.993721 0.001890 3.737945 0.026302 0.001061 0.999652 1.425360 0.000000 0.000000 0.000000 1.000000
0.993373 0.111936 -0.026255 -0.630356 -0.111925 0.993721 0.001890 3.737945 0.026302 0.001061 0.999652 1.425360 0.000000 0.000000 0.000000 1.000000
0.993373 0.111936 -0.026255 -0.630356 -0.111925 0.993721 0.001890 3.737945 0.026302 0.001061 0.999652 1.425360 0.000000 0.000000 0.000000 1.000000
0.993373 0.111936 -0.026255 -0.630356 -0.111925 0.993721 0.001890 3.737945 0.026302 0.001061 0.999652 1.425360 0.000000 0.000000 0.000000 1.000000
0.993373 0.111936 -0.026255 -0.630356 -0.111925 0.993721 0.001890 3.737945 0.026302 0.001061 0.999652 1.425360 0.000000 0.000000 0.000000 1.000000
0.993373 0.111936 -0.026255 -0.630356 -0.111925 0.993721 0.001890 3.737945 0.026302 0.001061 0.999652 1.425360 0.000000 0.000000 0.000000 1.000000
0.993373 0.111936 -0.026255 -0.630356 -0.111925 0.993721 0.001890 3.737945 0.026302 0.001061 0.999652 1.425360 0.000000 0.000000 0.000000 1.000000
0.993373 0.111936 -0.026255 -0.630356 -0.111925 0.993721 0.001890 3.737945 0.026302 0.001061 0.999652 1.425360 0.000000 0.000000 0.000000 1.000000
0.993373 0.111936 -0.026255 -0.630356 -0.111925 0.993721 0.001890 3.737945 0.026302 0.001061 0.999652 1.425360 0.000000 0.000000 0.000000 1.000000
0.993373 0.111936 -0.026255 -0.630356 -0.111925 0.993721 0.001890 3.737945 0.026302 0.001061 0.999652 1.425360 0.000000 0.000000 0.000000 1.000000
0.993373 0.111936 -0.026255 -0.630356 -0.111925 0.993721 0.001890 3.737945 0.026302 0.001061 0.999652 1.425360 0.000000 0.000000 0.000000 1.000000
0.993373 0.111936 -0.026255 -0.630356 -0.111925 0.993721 0.001890 3.737945 0.026302 0.001061 0.999652 1.425360 0.000000 0.000000 0.000000 1.000000
0.993373 0.111936 -0.026255 -0.630356 -0.111925 0.993721 0.001890 3.737945 0.026302 0.001061 0.999652 1.425360 0.000000 0.000000 0.000000 1.000000
0.993373 0.111936 -0.026255 -0.630356 -0.111925 0.993721 0.001890 3.737945 0.026302 0.001061 0.999652 1.425360 0.000000 0.000000 0.000000 1.000000
0.993373 0.111936 -0.026255 -0.630356 -0.111925 0.993721 0.001890 3.737945 0.026302 0.001061 0.999652 1.425360 0.000000 0.000000 0.000000 1.000000
0.993373 0.111936 -0.026255 -0.630356 -0.111925 0.993721 0.001890 3.737945 0.026302 0.001061 0.999652 1.425360 0.000000 0.000000 0.000000 1.000000
0.993373 0.111936 -0.026255 -0.630356 -0.111925 0.993721 0.001890 3.737945 0.026302 0.001061 0.999652 1.425360 0.000000 0.000000 0.000000 1.000000
0.993373 0.111936 -0.026255 -0.630356 -0.111925 0.993721 0.001890 3.737945 0.026302 0.001061 0.999652 1.425360 0.000000 0.000000 0.000000 1.000000
0.993373 0.111936 -0.026255 -0.630356 -0.111925 0.993721 0.001890 3.737945 0.026302 0.001061 0.999652 1.425360 0.000000 0.000000 0.000000 1.000000
0.993373 0.111936 -0.026255 -0.630356 -0.111925 0.993721 0.001890 3.737945 0.026302 0.001061 0.999652 1.425360 0.000000 0.000000 0.000000 1.000000
0.993373 0.111936 -0.026255 -0.630356 -0.111925 0.993721 0.001890 3.737945 0.026302 0.001061 0.999652 1.425360 0.000000 0.000000 0.000000 1.000000
0.993373 0.111936 -0.026255 -0.630356 -0.111925 0.993721 0.001890 3.737945 0.026302 0.001061 0.999652 1.425360 0.000000 0.000000 0.000000 1.000000
0.993373 0.111936 -0.026255 -0.630356 -0.111925 0.993721 0.001890 3.737945 0.026302 0.001061 0.999652 1.425360 0.000000 0.000000 0.000000 1.000000
0.993373 0.111936 -0.026255 -0.630356 -0.111925 0.993721 0.001890 3.737945 0.026302 0.001061 0.999652 1.425360 0.000000 0.000000 0.000000 1.000000
0.993373 0.111936 -0.026255 -0.630356 -0.111925 0.993721 0.001890 3.737945 0.026302 0.001061 0.999652 1.425360 0.000000 0.000000 0.000000 1.000000
0.993373 0.111936 -0.026255 -0.630356 -0.111925 0.993721 0.001890 3.737945 0.026302 0.001061 0.999652 1.425360 0.000000 0.000000 0.000000 1.000000
0.993373 0.111936 -0.026255 -0.630356 -0.111925 0.993721 0.001890 3.737945 0.026302 0.001061 0.999652 1.425360 0.000000 0.000000 0.000000 1.000000
0.993373 0.111936 -0.026255 -0.630356 -0.111925 0.993721 0.001890 3.737945 0.026302 0.001061 0.999652 1.425360 0.000000 0.000000 0.000000 1.000000
0.993373 0.111936 -0.026255 -0.630356 -0.111925 0.993721 0.001890 3.737945 0.026302 0.001061 0.999652 1.425360 0.000000 0.000000 0.000000 1.000000
0.993373 0.111936 -0.026255 -0.630356 -0.111925 0.993721 0.001890 3.737945 0.026302 0.001061 0.999652 1.425360 0.000000 0.000000 0.000000 1.000000
0.993373 0.111936 -0.026255 -0.630356 -0.111925 0.993721 0.001890 3.737945 0.026302 0.001061 0.999652 1.425360 0.000000 0.000000 0.000000 1.000000
0.993373 0.111936 -0.026255 -0.630356 -0.111925 0.993721 0.001890 3.737945 0.026302 0.001061 0.999652 1.425360 0.000000 0.000000 0.000000 1.000000
0.993373 0.111936 -0.026255 -0.630356 -0.111925 0.993721 0.001890 3.737945 0.026302 0.001061 0.999652 1.425360 0.000000 0.000000 0.000000 1.000000
0.993373 0.111936 -0.026255 -0.630356 -0.111925 0.993721 0.001890 3.737945 0.026302 0.001061 0.999652 1.425360 0.000000 0.000000 0.000000 1.000000
0.993373 0.111936 -0.026255 -0.630356 -0.111925 0.993721 0.001890 3.737945 0.026302 0.001061 0.999652 1.425360 0.000000 0.000000 0.000000 1.000000
0.993373 0.111936 -0.026255 -0.630356 -0.111925 0.993721 0.001890 3.737945 0.026302 0.001061 0.999652 1.425360 0.000000 0.000000 0.000000 1.000000
0.993373 0.111936 -0.026255 -0.630356 -0.111925 0.993721 0.001890 3.737945 0.026302 0.001061 0.999652 1.425360 0.000000 0.000000 0.000000 1.000000
0.993373 0.111936 -0.026255 -0.630356 -0.111925 0.993721 0.001890 3.737945 0.026302 0.001061 0.999652 1.425360 0.000000 0.000000 0.000000 1.000000
0.993373 0.111936 -0.026255 -0.630356 -0.111925 0.993721 0.001890 3.737945 0.026302 0.001061 0.999652 1.425360 0.000000 0.000000 0.000000 1.000000
0.993373 0.111936 -0.026255 -0.630356 -0.111925 0.993721 0.001890 3.737945 0.026302 0.001061 0.999652 1.425360 0.000000 0.000000 0.000000 1.000000
0.993373 0.111936 -0.026255 -0.630356 -0.111925 0.993721 0.001890 3.737945 0.026302 0.001061 0.999652 1.425360 0.000000 0.000000 0.000000 1.000000
0.993373 0.111936 -0.026255 -0.630356 -0.111925 0.993721 0.001890 3.737945 0.026302 0.001061 0.999652 1.425360 0.000000 0.000000 0.000000 1.000000
0.993373 0.111936 -0.026255 -0.630356 -0.111925 0.993721 0.001890 3.737945 0.026302 0.001061 0.999652 1.425360 0.000000 0.000000 0.000000 1.000000
0.993373 0.111936 -0.026255 -0.630356 -0.111925 0.993721 0.001890 3.737945 0.026302 0.001061 0.999652 1.425360 0.000000 0.000000 0.000000 1.000000
0.993373 0.111936 -0.026255 -0.630356 -0.111925 0.993721 0.001890 3.737945 0.026302 0.001061 0.999652 1.425360 0.000000 0.000000 0.000000 1.000000
0.993373 0.111936 -0.026255 -0.630356 -0.111925 0.993721 0.001890 3.737945 0.026302 0.001061 0.999652 1.425360 0.000000 0.000000 0.000000 1.000000
0.993373 0.111936 -0.026255 -0.630356 -0.111925 0.993721 0.001890 3.737945 0.026302 0.001061 0.999652 1.425360 0.000000 0.000000 0.000000 1.000000
0.993373 0.111936 -0.026255 -0.630356 -0.111925 0.993721 0.001890 3.737945 0.026302 0.001061 0.999652 1.425360 0.000000 0.000000 0.000000 1.000000
0.993373 0.111936 -0.026255 -0.630356 -0.111925 0.993721 0.001890 3.737945 0.026302 0.001061 0.999652 1.425360 0.000000 0.000000 0.000000 1.000000
0.993373 0.111936 -0.026255 -0.630356 -0.111925 0.993721 0.001890 3.737945 0.026302 0.001061 0.999652 1.425360 0.000000 0.000000 0.000000 1.000000
0.993373 0.111936 -0.026255 -0.630356 -0.111925 0.993721 0.001890 3.737945 0.026302 0.001061 0.999652 1.425360 0.000000 0.000000 0.000000 1.000000
0.993373 0.111936 -0.026255 -0.630356 -0.111925 0.993721 0.001890 3.737945 0.026302 0.001061 0.999652 1.425360 0.000000 0.000000 0.000000 1.000000
0.993373 0.111936 -0.026255 -0.630356 -0.111925 0.993721 0.001890 3.737945 0.026302 0.001061 0.999652 1.425360 0.000000 0.000000 0.000000 1.000000
0.993373 0.111936 -0.026255 -0.630356 -0.111925 0.993721 0.001890 3.737945 0.026302 0.001061 0.999652 1.425360 0.000000 0.000000 0.000000 1.000000
0.993373 0.111936 -0.026255 -0.630356 -0.111925 0.993721 0.001890 3.737945 0.026302 0.001061 0.999652 1.425360 0.000000 0.000000 0.000000 1.000000
0.993373 0.111936 -0.026255 -0.630356 -0.111925 0.993721 0.001890 3.737945 0.026302 0.001061 0.999652 1.425360 0.000000 0.000000 0.000000 1.000000
0.993373 0.111936 -0.026255 -0.630356 -0.111925 0.993721 0.001890 3.737945 0.026302 0.001061 0.999652 1.425360 0.000000 0.000000 0.000000 1.000000
0.993373 0.111936 -0.026255 -0.630356 -0.111925 0.993721 0.001890 3.737945 0.026302 0.001061 0.999652 1.425360 0.000000 0.000000 0.000000 1.000000
0.993373 0.111936 -0.026255 -0.630356 -0.111925 0.993721 0.001890 3.737945 0.026302 0.001061 0.999652 1.425360 0.000000 0.000000 0.000000 1.000000
0.993373 0.111936 -0.026255 -0.630356 -0.111925 0.993721 0.001890 3.737945 0.026302 0.001061 0.999652 1.425360 0.000000 0.000000 0.000000 1.000000
0.993373 0.111936 -0.026255 -0.630356 -0.111925 0.993721 0.001890 3.737945 0.026302 0.001061 0.999652 1.425360 0.000000 0.000000 0.000000 1.000000
0.993373 0.111936 -0.026255 -0.630356 -0.111925 0.993721 0.001890 3.737945 0.026302 0.001061 0.999652 1.425360 0.000000 0.000000 0.000000 1.000000
0.993373 0.111936 -0.026255 -0.630356 -0.111925 0.993721 0.001890 3.737945 0.026302 0.001061 0.999652 1.425360 0.000000 0.000000 0.000000 1.000000
0.993373 0.111936 -0.026255 -0.630356 -0.111925 0.993721 0.001890 3.737945 0.026302 0.001061 0.999652 1.425360 0.000000 0.000000 0.000000 1.000000
0.993373 0.111936 -0.026255 -0.630356 -0.111925 0.993721 0.001890 3.737945 0.026302 0.001061 0.999652 1.425360 0.000000 0.000000 0.000000 1.000000
0.993373 0.111936 -0.026255 -0.630356 -0.111925 0.993721 0.001890 3.737945 0.026302 0.001061 0.999652 1.425360 0.000000 0.000000 0.000000 1.000000
0.993373 0.111936 -0.026255 -0.630356 -0.111925 0.993721 0.001890 3.737945 0.026302 0.001061 0.999652 1.425360 0.000000 0.000000 0.000000 1.000000
0.993373 0.111936 -0.026255 -0.630356 -0.111925 0.993721 0.001890 3.737945 0.026302 0.001061 0.999652 1.425360 0.000000 0.000000 0.000000 1.000000
0.993373 0.111936 -0.026255 -0.630356 -0.111925 0.993721 0.001890 3.737945 0.026302 0.001061 0.999652 1.425360 0.000000 0.000000 0.000000 1.000000
0.993373 0.111936 -0.026255 -0.630356 -0.111925 0.993721 0.001890 3.737945 0.026302 0.001061 0.999652 1.425360 0.000000 0.000000 0.000000 1.000000
0.993373 0.111936 -0.026255 -0.630356 -0.111925 0.993721 0.001890 3.737945 0.026302 0.001061 0.999652 1.425360 0.000000 0.000000 0.000000 1.000000
0.993373 0.111936 -0.026255 -0.630356 -0.111925 0.993721 0.001890 3.737945 0.026302 0.001061 0.999652 1.425360 0.000000 0.000000 0.000000 1.000000
0.993373 0.111936 -0.026255 -0.630356 -0.111925 0.993721 0.001890 3.737945 0.026302 0.001061 0.999652 1.425360 0.000000 0.000000 0.000000 1.000000
0.993373 0.111936 -0.026255 -0.630356 -0.111925 0.993721 0.001890 3.737945 0.026302 0.001061 0.999652 1.425360 0.000000 0.000000 0.000000 1.000000
0.993373 0.111936 -0.026255 -0.630356 -0.111925 0.993721 0.001890 3.737945 0.026302 0.001061 0.999652 1.425360 0.000000 0.000000 0.000000 1.000000
0.993373 0.111936 -0.026255 -0.630356 -0.111925 0.993721 0.001890 3.737945 0.026302 0.001061 0.999652 1.425360 0.000000 0.000000 0.000000 1.000000
0.993373 0.111936 -0.026255 -0.630356 -0.111925 0.993721 0.001890 3.737945 0.026302 0.001061 0.999652 1.425360 0.000000 0.000000 0.000000 1.000000
0.993373 0.111936 -0.026255 -0.630356 -0.111925 0.993721 0.001890 3.737945 0.026302 0.001061 0.999652 1.425360 0.000000 0.000000 0.000000 1.000000
0.993373 0.111936 -0.026255 -0.630356 -0.111925 0.993721 0.001890 3.737945 0.026302 0.001061 0.999652 1.425360 0.000000 0.000000 0.000000 1.000000
0.993373 0.111936 -0.026255 -0.630356 -0.111925 0.993721 0.001890 3.737945 0.026302 0.001061 0.999652 1.425360 0.000000 0.000000 0.000000 1.000000
0.993373 0.111936 -0.026255 -0.630356 -0.111925 0.993721 0.001890 3.737945 0.026302 0.001061 0.999652 1.425360 0.000000 0.000000 0.000000 1.000000
0.993373 0.111936 -0.026255 -0.630356 -0.111925 0.993721 0.001890 3.737945 0.026302 0.001061 0.999652 1.425360 0.000000 0.000000 0.000000 1.000000
0.993373 0.111936 -0.026255 -0.630356 -0.111925 0.993721 0.001890 3.737945 0.026302 0.001061 0.999652 1.425360 0.000000 0.000000 0.000000 1.000000
0.993373 0.111936 -0.026255 -0.630356 -0.111925 0.993721 0.001890 3.737945 0.026302 0.001061 0.999652 1.425360 0.000000 0.000000 0.000000 1.000000
0.993373 0.111936 -0.026255 -0.630356 -0.111925 0.993721 0.001890 3.737945 0.026302 0.001061 0.999652 1.425360 0.000000 0.000000 0.000000 1.000000
0.993373 0.111936 -0.026255 -0.630356 -0.111925 0.993721 0.001890 3.737945 0.026302 0.001061 0.999652 1.425360 0.000000 0.000000 0.000000 1.000000
0.993373 0.111936 -0.026255 -0.630356 -0.111925 0.993721 0.001890 3.737945 0.026302 0.001061 0.999652 1.425360 0.000000 0.000000 0.000000 1.000000
0.993373 0.111936 -0.026255 -0.630356 -0.111925 0.993721 0.001890 3.737945 0.026302 0.001061 0.999652 1.425360 0.000000 0.000000 0.000000 1.000000
0.993373 0.111936 -0.026255 -0.630356 -0.111925 0.993721 0.001890 3.737945 0.026302 0.001061 0.999652 1.425360 0.000000 0.000000 0.000000 1.000000
0.993373 0.111936 -0.026255 -0.630356 -0.111925 0.993721 0.001890 3.737945 0.026302 0.001061 0.999652 1.425360 0.000000 0.000000 0.000000 1.000000
0.993373 0.111936 -0.026255 -0.630356 -0.111925 0.993721 0.001890 3.737945 0.026302 0.001061 0.999652 1.425360 0.000000 0.000000 0.000000 1.000000
0.993373 0.111936 -0.026255 -0.630356 -0.111925 0.993721 0.001890 3.737945 0.026302 0.001061 0.999652 1.425360 0.000000 0.000000 0.000000 1.000000
0.993373 0.111936 -0.026255 -0.630356 -0.111925 0.993721 0.001890 3.737945 0.026302 0.001061 0.999652 1.425360 0.000000 0.000000 0.000000 1.000000
0.993373 0.111936 -0.026255 -0.630356 -0.111925 0.993721 0.001890 3.737945 0.026302 0.001061 0.999652 1.425360 0.000000 0.000000 0.000000 1.000000
0.993373 0.111936 -0.026255 -0.630356 -0.111925 0.993721 0.001890 3.737945 0.026302 0.001061 0.999652 1.425360 0.000000 0.000000 0.000000 1.000000
0.993373 0.111936 -0.026255 -0.630356 -0.111925 0.993721 0.001890 3.737945 0.026302 0.001061 0.999652 1.425360 0.000000 0.000000 0.000000 1.000000
0.993373 0.111936 -0.026255 -0.630356 -0.111925 0.993721 0.001890 3.737945 0.026302 0.001061 0.999652 1.425360 0.000000 0.000000 0.000000 1.000000</float_array><technique_common><accessor source="#bolt-Matrix-animation-output-transform-array" count="158" stride="16"><param type="float4x4"/></accessor></technique_common></source><source id="bolt-Interpolations"><Name_array id="bolt-Interpolations-array" count="158">
 LINEAR LINEAR LINEAR LINEAR LINEAR LINEAR LINEAR LINEAR LINEAR LINEAR LINEAR
LINEAR LINEAR LINEAR LINEAR LINEAR LINEAR LINEAR LINEAR LINEAR LINEAR LINEAR LINEAR
LINEAR LINEAR LINEAR LINEAR LINEAR LINEAR LINEAR LINEAR LINEAR LINEAR LINEAR LINEAR
LINEAR LINEAR LINEAR LINEAR LINEAR LINEAR LINEAR LINEAR LINEAR LINEAR LINEAR LINEAR
LINEAR LINEAR LINEAR LINEAR LINEAR LINEAR LINEAR LINEAR LINEAR LINEAR LINEAR LINEAR
LINEAR LINEAR LINEAR LINEAR LINEAR LINEAR LINEAR LINEAR LINEAR LINEAR LINEAR LINEAR
LINEAR LINEAR LINEAR LINEAR LINEAR LINEAR LINEAR LINEAR LINEAR LINEAR LINEAR LINEAR
LINEAR LINEAR LINEAR LINEAR LINEAR LINEAR LINEAR LINEAR LINEAR LINEAR LINEAR LINEAR
LINEAR LINEAR LINEAR LINEAR LINEAR LINEAR LINEAR LINEAR LINEAR LINEAR LINEAR LINEAR
LINEAR LINEAR LINEAR LINEAR LINEAR LINEAR LINEAR LINEAR LINEAR LINEAR LINEAR LINEAR
LINEAR LINEAR LINEAR LINEAR LINEAR LINEAR LINEAR LINEAR LINEAR LINEAR LINEAR LINEAR
LINEAR LINEAR LINEAR LINEAR LINEAR LINEAR LINEAR LINEAR LINEAR LINEAR LINEAR LINEAR
LINEAR LINEAR LINEAR LINEAR LINEAR LINEAR LINEAR LINEAR LINEAR LINEAR LINEAR LINEAR
LINEAR LINEAR LINEAR</Name_array><technique_common><accessor source="#bolt-Interpolations-array" count="158"><param type="name"/></accessor></technique_common></source><sampler id="bolt-Matrix-animation-transform"><input semantic="INPUT" source="#bolt-Matrix-animation-input"/><input semantic="OUTPUT" source="#bolt-Matrix-animation-output-transform"/><input semantic="INTERPOLATION" source="#bolt-Interpolations"/></sampler><channel source="#bolt-Matrix-animation-transform" target="bolt/matrix"/></animation></animation>
    <animation id="jnt_bolt-anim" name="jnt_bolt"><animation><source id="jnt_bolt-Matrix-animation-input"><float_array id="jnt_bolt-Matrix-animation-input-array" count="158">

0.000000 0.033333 0.066667 0.100000 0.133333 0.166667 0.200000 0.233333 0.266667 0.300000 0.333333 0.366667 0.400000 0.433333 0.466667 0.500000
0.533333 0.566667 0.600000 0.633333 0.666667 0.700000 0.733333 0.766667 0.800000 0.833333 0.866667 0.900000 0.933333 0.966667 1.000000 1.033333
1.066667 1.100000 1.133333 1.166667 1.200000 1.233333 1.266667 1.300000 1.333333 1.366667 1.400000 1.433333 1.466667 1.500000 1.533333 1.566667
1.600000 1.633333 1.666667 1.700000 1.733333 1.766667 1.800000 1.833333 1.866667 1.900000 1.933333 1.966667 2.000000 2.033333 2.066667 2.100000
2.133333 2.166667 2.200000 2.233333 2.266667 2.300000 2.333333 2.366667 2.400000 2.433333 2.466667 2.500000 2.533333 2.566667 2.600000 2.633333
2.666667 2.700000 2.733333 2.766667 2.800000 2.833333 2.866667 2.900000 2.933333 2.966667 3.000000 3.033333 3.066667 3.100000 3.133333 3.166667
3.200000 3.233333 3.266667 3.300000 3.333333 3.366667 3.400000 3.433333 3.466667 3.500000 3.533333 3.566667 3.600000 3.633333 3.666667 3.700000
3.733333 3.766667 3.800000 3.833333 3.866667 3.900000 3.933333 3.966667 4.000000 4.033333 4.066667 4.100000 4.133333 4.166667 4.200000 4.233333
4.266667 4.300000 4.333333 4.366667 4.400000 4.433333 4.466667 4.500000 4.533333 4.566667 4.600000 4.633333 4.666667 4.700000 4.733333 4.766667
4.800000 4.833333 4.866667 4.900000 4.933333 4.966667 5.000000 5.033333 5.066667 5.100000 5.133333 5.166667 5.200000 5.233333</float_array><technique_common><accessor source="#jnt_bolt-Matrix-animation-input-array" count="158"><param name="TIME" type="float"/></accessor></technique_common></source><source id="jnt_bolt-Matrix-animation-output-transform"><float_array id="jnt_bolt-Matrix-animation-output-transform-array" count="2528">

1.000000 -0.000000 -0.000001 0.000000 0.000000 1.000000 0.000000 0.000000 0.000001 -0.000000 1.000000 0.000000 0.000000 0.000000 0.000000 1.000000
1.000000 0.000000 -0.000001 0.000000 0.000000 1.000000 0.000000 0.000000 0.000001 -0.000000 1.000000 0.000000 0.000000 0.000000 0.000000 1.000000
1.000000 -0.000000 -0.000001 0.000000 0.000000 1.000000 0.000000 0.000000 0.000001 -0.000000 1.000000 0.000000 0.000000 0.000000 0.000000 1.000000
1.000000 0.000000 -0.000001 0.000000 0.000000 1.000000 0.000000 0.000000 0.000001 -0.000000 1.000000 0.000000 0.000000 0.000000 0.000000 1.000000
1.000000 -0.000000 -0.000001 0.000000 0.000000 1.000000 0.000000 0.000000 0.000001 -0.000000 1.000000 0.000000 0.000000 0.000000 0.000000 1.000000
1.000000 -0.000000 -0.000001 0.000000 0.000000 1.000000 0.000000 0.000000 0.000001 -0.000000 1.000000 0.000000 0.000000 0.000000 0.000000 1.000000
1.000000 -0.000000 -0.000001 0.000000 0.000000 1.000000 0.000000 0.000000 0.000001 -0.000000 1.000000 0.000000 0.000000 0.000000 0.000000 1.000000
1.000000 0.000000 -0.000001 0.000000 0.000000 1.000000 0.000000 0.000000 0.000001 -0.000000 1.000000 0.000000 0.000000 0.000000 0.000000 1.000000
1.000000 0.000000 -0.000001 0.000000 0.000000 1.000000 0.000000 0.000000 0.000001 -0.000000 1.000000 0.000000 0.000000 0.000000 0.000000 1.000000
1.000000 -0.000000 -0.000001 0.000000 0.000000 1.000000 0.000000 0.000000 0.000001 -0.000000 1.000000 0.000000 0.000000 0.000000 0.000000 1.000000
1.000000 -0.000000 -0.000001 0.000000 0.000000 1.000000 0.000000 0.000000 0.000001 -0.000000 1.000000 0.000000 0.000000 0.000000 0.000000 1.000000
1.000000 -0.000000 -0.000001 0.000000 0.000000 1.000000 0.000000 0.000000 0.000001 -0.000000 1.000000 0.000000 0.000000 0.000000 0.000000 1.000000
1.000000 -0.000000 -0.000001 0.000000 0.000000 1.000000 0.000000 0.000000 0.000001 -0.000000 1.000000 0.000000 0.000000 0.000000 0.000000 1.000000
1.000000 -0.000000 -0.000001 0.000000 0.000000 1.000000 0.000000 0.000000 0.000001 -0.000000 1.000000 0.000000 0.000000 0.000000 0.000000 1.000000
1.000000 0.000000 -0.000001 0.000000 0.000000 1.000000 0.000000 0.000000 0.000001 -0.000000 1.000000 0.000000 0.000000 0.000000 0.000000 1.000000
1.000000 0.000000 -0.000001 0.000000 0.000000 1.000000 0.000000 0.000000 0.000001 -0.000000 1.000000 0.000000 0.000000 0.000000 0.000000 1.000000
1.000000 0.000000 -0.000001 0.000000 0.000000 1.000000 0.000000 0.000000 0.000001 -0.000000 1.000000 0.000000 0.000000 0.000000 0.000000 1.000000
1.000000 -0.000000 -0.000001 0.000000 0.000000 1.000000 0.000000 0.000000 0.000001 -0.000000 1.000000 0.000000 0.000000 0.000000 0.000000 1.000000
1.000000 0.000000 -0.000001 0.000000 0.000000 1.000000 0.000000 0.000000 0.000001 -0.000000 1.000000 0.000000 0.000000 0.000000 0.000000 1.000000
1.000000 -0.000000 -0.000001 0.000000 0.000000 1.000000 0.000000 0.000000 0.000001 -0.000000 1.000000 0.000000 0.000000 0.000000 0.000000 1.000000
1.000000 0.000000 -0.000001 0.000000 0.000000 1.000000 0.000000 0.000000 0.000001 -0.000000 1.000000 0.000000 0.000000 0.000000 0.000000 1.000000
1.000000 -0.000000 -0.000001 0.000000 0.000000 1.000000 0.000000 0.000000 0.000001 -0.000000 1.000000 0.000000 0.000000 0.000000 0.000000 1.000000
1.000000 -0.000000 -0.000001 0.000000 0.000000 1.000000 0.000000 0.000000 0.000001 -0.000000 1.000000 0.000000 0.000000 0.000000 0.000000 1.000000
1.000000 -0.000000 -0.000001 0.000000 0.000000 1.000000 0.000000 0.000000 0.000001 -0.000000 1.000000 0.000000 0.000000 0.000000 0.000000 1.000000
1.000000 -0.000000 -0.000001 0.000000 0.000000 1.000000 0.000000 0.000000 0.000001 -0.000000 1.000000 0.000000 0.000000 0.000000 0.000000 1.000000
1.000000 -0.000000 -0.000001 0.000000 0.000000 1.000000 0.000000 0.000000 0.000001 -0.000000 1.000000 0.000000 0.000000 0.000000 0.000000 1.000000
1.000000 -0.000000 -0.000001 0.000000 0.000000 1.000000 0.000000 0.000000 0.000001 -0.000000 1.000000 0.000000 0.000000 0.000000 0.000000 1.000000
1.000000 0.000000 -0.000001 0.000000 0.000000 1.000000 0.000000 0.000000 0.000001 -0.000000 1.000000 0.000000 0.000000 0.000000 0.000000 1.000000
1.000000 0.000000 -0.000001 0.000000 0.000000 1.000000 0.000000 0.000000 0.000001 -0.000000 1.000000 0.000000 0.000000 0.000000 0.000000 1.000000
1.000000 0.000000 -0.000001 0.000000 0.000000 1.000000 0.000000 0.000000 0.000001 -0.000000 1.000000 0.000000 0.000000 0.000000 0.000000 1.000000
1.000000 -0.000000 -0.000001 0.000000 0.000000 1.000000 0.000000 0.000000 0.000001 -0.000000 1.000000 0.000000 0.000000 0.000000 0.000000 1.000000
1.000000 -0.000000 -0.000001 0.000000 0.000000 1.000000 0.000000 0.000000 0.000001 -0.000000 1.000000 0.000000 0.000000 0.000000 0.000000 1.000000
1.000000 0.000000 -0.000001 0.000000 0.000000 1.000000 0.000000 0.000000 0.000001 -0.000000 1.000000 0.000000 0.000000 0.000000 0.000000 1.000000
1.000000 0.000000 -0.000001 0.000000 0.000000 1.000000 0.000000 0.000000 0.000001 -0.000000 1.000000 0.000000 0.000000 0.000000 0.000000 1.000000
1.000000 -0.000000 -0.000001 0.000000 0.000000 1.000000 0.000000 0.000000 0.000001 -0.000000 1.000000 0.000000 0.000000 0.000000 0.000000 1.000000
1.000000 -0.000000 -0.000001 0.000000 0.000000 1.000000 0.000000 0.000000 0.000001 -0.000000 1.000000 0.000000 0.000000 0.000000 0.000000 1.000000
1.000000 -0.000000 -0.000001 0.000000 0.000000 1.000000 0.000000 0.000000 0.000001 -0.000000 1.000000 0.000000 0.000000 0.000000 0.000000 1.000000
1.000000 0.000000 -0.000001 0.000000 0.000000 1.000000 0.000000 0.000000 0.000001 -0.000000 1.000000 0.000000 0.000000 0.000000 0.000000 1.000000
1.000000 -0.000000 -0.000001 0.000000 0.000000 1.000000 0.000000 0.000000 0.000001 -0.000000 1.000000 0.000000 0.000000 0.000000 0.000000 1.000000
1.000000 -0.000000 -0.000001 0.000000 0.000000 1.000000 0.000000 0.000000 0.000001 -0.000000 1.000000 0.000000 0.000000 0.000000 0.000000 1.000000
1.000000 -0.000000 -0.000001 0.000000 0.000000 1.000000 0.000000 0.000000 0.000001 -0.000000 1.000000 0.000000 0.000000 0.000000 0.000000 1.000000
1.000000 -0.000000 -0.000001 0.000000 0.000000 1.000000 0.000000 0.000000 0.000001 -0.000000 1.000000 0.000000 0.000000 0.000000 0.000000 1.000000
1.000000 -0.000000 -0.000001 0.000000 0.000000 1.000000 0.000000 0.000000 0.000001 -0.000000 1.000000 0.000000 0.000000 0.000000 0.000000 1.000000
1.000000 -0.000000 -0.000001 0.000000 0.000000 1.000000 0.000000 0.000000 0.000001 -0.000000 1.000000 0.000000 0.000000 0.000000 0.000000 1.000000
1.000000 -0.000000 -0.000001 0.000000 0.000000 1.000000 0.000000 0.000000 0.000001 -0.000000 1.000000 0.000000 0.000000 0.000000 0.000000 1.000000
1.000000 -0.000000 -0.000001 0.000000 0.000000 1.000000 0.000000 0.000000 0.000001 -0.000000 1.000000 0.000000 0.000000 0.000000 0.000000 1.000000
1.000000 -0.000000 -0.000001 0.000000 0.000000 1.000000 0.000000 0.000000 0.000001 -0.000000 1.000000 0.000000 0.000000 0.000000 0.000000 1.000000
1.000000 -0.000000 -0.000001 0.000000 0.000000 1.000000 0.000000 0.000000 0.000001 -0.000000 1.000000 0.000000 0.000000 0.000000 0.000000 1.000000
1.000000 -0.000000 -0.000001 0.000000 0.000000 1.000000 0.000000 0.000000 0.000001 -0.000000 1.000000 0.000000 0.000000 0.000000 0.000000 1.000000
1.000000 -0.000000 -0.000001 0.000000 0.000000 1.000000 0.000000 0.000000 0.000001 -0.000000 1.000000 0.000000 0.000000 0.000000 0.000000 1.000000
1.000000 -0.000000 -0.000001 0.000000 0.000000 1.000000 0.000000 0.000000 0.000001 -0.000000 1.000000 0.000000 0.000000 0.000000 0.000000 1.000000
1.000000 -0.000000 -0.000001 0.000000 0.000000 1.000000 0.000000 0.000000 0.000001 -0.000000 1.000000 0.000000 0.000000 0.000000 0.000000 1.000000
1.000000 -0.000000 -0.000001 0.000000 0.000000 1.000000 0.000000 0.000000 0.000001 -0.000000 1.000000 0.000000 0.000000 0.000000 0.000000 1.000000
1.000000 -0.000000 -0.000001 0.000000 0.000000 1.000000 0.000000 0.000000 0.000001 -0.000000 1.000000 0.000000 0.000000 0.000000 0.000000 1.000000
1.000000 -0.000000 -0.000001 0.000000 0.000000 1.000000 0.000000 0.000000 0.000001 -0.000000 1.000000 0.000000 0.000000 0.000000 0.000000 1.000000
1.000000 -0.000000 -0.000001 0.000000 0.000000 1.000000 0.000000 0.000000 0.000001 -0.000000 1.000000 0.000000 0.000000 0.000000 0.000000 1.000000
1.000000 -0.000000 -0.000001 0.000000 0.000000 1.000000 0.000000 0.000000 0.000001 -0.000000 1.000000 0.000000 0.000000 0.000000 0.000000 1.000000
1.000000 -0.000000 -0.000001 0.000000 0.000000 1.000000 0.000000 0.000000 0.000001 -0.000000 1.000000 0.000000 0.000000 0.000000 0.000000 1.000000
1.000000 -0.000000 -0.000001 0.000000 0.000000 1.000000 0.000000 0.000000 0.000001 -0.000000 1.000000 0.000000 0.000000 0.000000 0.000000 1.000000
1.000000 -0.000000 -0.000001 0.000000 0.000000 1.000000 0.000000 0.000000 0.000001 -0.000000 1.000000 0.000000 0.000000 0.000000 0.000000 1.000000
1.000000 -0.000000 -0.000001 0.000000 0.000000 1.000000 0.000000 0.000000 0.000001 -0.000000 1.000000 0.000000 0.000000 0.000000 0.000000 1.000000
1.000000 -0.000000 -0.000001 0.000000 0.000000 1.000000 0.000000 0.000000 0.000001 -0.000000 1.000000 0.000000 0.000000 0.000000 0.000000 1.000000
1.000000 -0.000000 -0.000001 0.000000 0.000000 1.000000 0.000000 0.000000 0.000001 -0.000000 1.000000 0.000000 0.000000 0.000000 0.000000 1.000000
1.000000 -0.000000 -0.000001 0.000000 0.000000 1.000000 0.000000 0.000000 0.000001 -0.000000 1.000000 0.000000 0.000000 0.000000 0.000000 1.000000
1.000000 -0.000000 -0.000001 0.000000 0.000000 1.000000 0.000000 0.000000 0.000001 -0.000000 1.000000 0.000000 0.000000 0.000000 0.000000 1.000000
1.000000 -0.000000 -0.000001 0.000000 0.000000 1.000000 0.000000 0.000000 0.000001 -0.000000 1.000000 0.000000 0.000000 0.000000 0.000000 1.000000
1.000000 -0.000000 -0.000001 0.000000 0.000000 1.000000 0.000000 0.000000 0.000001 -0.000000 1.000000 0.000000 0.000000 0.000000 0.000000 1.000000
1.000000 -0.000000 -0.000001 0.000000 0.000000 1.000000 0.000000 0.000000 0.000001 -0.000000 1.000000 0.000000 0.000000 0.000000 0.000000 1.000000
1.000000 -0.000000 -0.000001 0.000000 0.000000 1.000000 0.000000 0.000000 0.000001 -0.000000 1.000000 0.000000 0.000000 0.000000 0.000000 1.000000
1.000000 -0.000000 -0.000001 0.000000 0.000000 1.000000 0.000000 0.000000 0.000001 -0.000000 1.000000 0.000000 0.000000 0.000000 0.000000 1.000000
1.000000 -0.000000 -0.000001 0.000000 0.000000 1.000000 0.000000 0.000000 0.000001 -0.000000 1.000000 0.000000 0.000000 0.000000 0.000000 1.000000
