<?xml version="1.0" encoding="utf-8"?>
<COLLADA xmlns="http://www.collada.org/2005/11/COLLADASchema" version="1.4.1">
  <asset><contributor><author></author><authoring_tool>FBX COLLADA exporter</authoring_tool><comments></comments></contributor><created>2023-03-02T22:37:43Z</created><keywords></keywords><modified>2023-03-02T22:37:43Z</modified><revision></revision><subject></subject><title></title><unit meter="0.010000" name="centimeter"></unit><up_axis>Y_UP</up_axis></asset>
  <library_animations>
    <animation id="jnt_left_arm-anim" name="jnt_left_arm"><animation><source id="jnt_left_arm-Matrix-animation-input"><float_array id="jnt_left_arm-Matrix-animation-input-array" count="48">

0.000000 0.033333 0.066667 0.100000 0.133333 0.166667 0.200000 0.233333 0.266667 0.300000 0.333333 0.366667 0.400000 0.433333 0.466667 0.500000
0.533333 0.566667 0.600000 0.633333 0.666667 0.700000 0.733333 0.766667 0.800000 0.833333 0.866667 0.900000 0.933333 0.966667 1.000000 1.033333
1.066667 1.100000 1.133333 1.166667 1.200000 1.233333 1.266667 1.300000 1.333333 1.366667 1.400000 1.433333 1.466667 1.500000 1.533333 1.566667</float_array><technique_common><accessor source="#jnt_left_arm-Matrix-animation-input-array" count="48"><param name="TIME" type="float"/></accessor></technique_common></source><source id="jnt_left_arm-Matrix-animation-output-transform"><float_array id="jnt_left_arm-Matrix-animation-output-transform-array" count="768">

0.326672 -0.802262 0.499660 -0.525417 0.866970 0.464875 0.179597 -0.032447 -0.376364 0.374521 0.847399 0.009491 0.000000 0.000000 0.000000 1.000000
0.267350 -0.827478 0.493764 -0.525417 0.887983 0.410546 0.207217 -0.032447 -0.374181 0.383055 0.844546 0.009491 0.000000 0.000000 0.000000 1.000000
0.109811 -0.880264 0.461601 -0.525417 0.943992 0.237748 0.228814 -0.032447 -0.311162 0.410620 0.857070 0.009491 0.000000 0.000000 0.000000 1.000000
-0.086422 -0.901422 0.424227 -0.525417 0.987098 -0.019862 0.158886 -0.032447 -0.134797 0.432484 0.891509 0.009491 0.000000 0.000000 0.000000 1.000000
-0.255240 -0.865842 0.430313 -0.525417 0.962080 -0.271717 0.023927 -0.032447 0.096206 0.420103 0.902363 0.009491 0.000000 0.000000 0.000000 1.000000
-0.348873 -0.814538 0.463481 -0.525417 0.899504 -0.429834 -0.078330 -0.032447 0.263023 0.389575 0.882638 0.009491 0.000000 0.000000 0.000000 1.000000
-0.386645 -0.783865 0.485861 -0.525417 0.857284 -0.499696 -0.123966 -0.032447 0.339956 0.368590 0.865200 0.009491 0.000000 0.000000 0.000000 1.000000
-0.399617 -0.772038 0.494231 -0.525417 0.840494 -0.523789 -0.138620 -0.032447 0.365893 0.360003 0.858208 0.009491 0.000000 0.000000 0.000000 1.000000
-0.402048 -0.769826 0.495706 -0.525417 0.837401 -0.528102 -0.140955 -0.032447 0.370295 0.358434 0.856976 0.009491 0.000000 0.000000 0.000000 1.000000
-0.405044 -0.767163 0.497394 -0.525417 0.833745 -0.533194 -0.143437 -0.032447 0.375248 0.356601 0.855585 0.009491 0.000000 0.000000 0.000000 1.000000
-0.408553 -0.763913 0.499521 -0.525417 0.829218 -0.539353 -0.146619 -0.032447 0.381422 0.354310 0.853804 0.009491 0.000000 0.000000 0.000000 1.000000
-0.411142 -0.761307 0.501373 -0.525417 0.825447 -0.544297 -0.149593 -0.032447 0.386783 0.352352 0.852202 0.009491 0.000000 0.000000 0.000000 1.000000
-0.411370 -0.760645 0.502190 -0.525417 0.824174 -0.545712 -0.151444 -0.032447 0.389246 0.351592 0.851393 0.009491 0.000000 0.000000 0.000000 1.000000
-0.409049 -0.761650 0.502561 -0.525417 0.825216 -0.543832 -0.152531 -0.032447 0.389484 0.352328 0.850980 0.009491 0.000000 0.000000 0.000000 1.000000
-0.405586 -0.762877 0.503506 -0.525417 0.826732 -0.541128 -0.153930 -0.032447 0.389891 0.353832 0.850169 0.009491 0.000000 0.000000 0.000000 1.000000
-0.401517 -0.764225 0.504721 -0.525417 0.828517 -0.537956 -0.155445 -0.032447 0.390313 0.355756 0.849172 0.009491 0.000000 0.000000 0.000000 1.000000
-0.397481 -0.765505 0.505975 -0.525417 0.830178 -0.534904 -0.157108 -0.032447 0.390915 0.357602 0.848119 0.009491 0.000000 0.000000 0.000000 1.000000
-0.393866 -0.766727 0.506950 -0.525417 0.831580 -0.532206 -0.158845 -0.032447 0.391593 0.359006 0.847213 0.009491 0.000000 0.000000 0.000000 1.000000
-0.391145 -0.767836 0.507378 -0.525417 0.832443 -0.530280 -0.160754 -0.032447 0.392486 0.359485 0.846596 0.009491 0.000000 0.000000 0.000000 1.000000
-0.386238 -0.771951 0.504888 -0.525417 0.833698 -0.526362 -0.167009 -0.032447 0.394677 0.356419 0.846875 0.009491 0.000000 0.000000 0.000000 1.000000
-0.376520 -0.780821 0.498549 -0.525417 0.836693 -0.517650 -0.178841 -0.032447 0.397717 0.349795 0.848213 0.009491 0.000000 0.000000 0.000000 1.000000
-0.363273 -0.791895 0.490851 -0.525417 0.841562 -0.504954 -0.191821 -0.032447 0.399760 0.343398 0.849865 0.009491 0.000000 0.000000 0.000000 1.000000
-0.347293 -0.803464 0.483562 -0.525417 0.848544 -0.488765 -0.202689 -0.032447 0.399202 0.339930 0.851519 0.009491 0.000000 0.000000 0.000000 1.000000
-0.327750 -0.815545 0.476933 -0.525417 0.859059 -0.467350 -0.208812 -0.032447 0.393191 0.341275 0.853776 0.009491 0.000000 0.000000 0.000000 1.000000
-0.301500 -0.829613 0.469935 -0.525417 0.876000 -0.435623 -0.207019 -0.032447 0.376461 0.349247 0.858082 0.009491 0.000000 0.000000 0.000000 1.000000
-0.262576 -0.846719 0.462732 -0.525417 0.901646 -0.386095 -0.194851 -0.032447 0.343642 0.366057 0.864819 0.009491 0.000000 0.000000 0.000000 1.000000
-0.208512 -0.864328 0.457667 -0.525417 0.931977 -0.317489 -0.174988 -0.032447 0.296552 0.390048 0.871734 0.009491 0.000000 0.000000 0.000000 1.000000
-0.140644 -0.878568 0.456440 -0.525417 0.960420 -0.233033 -0.152611 -0.032447 0.240445 0.416909 0.876569 0.009491 0.000000 0.000000 0.000000 1.000000
-0.060634 -0.886042 0.459623 -0.525417 0.981709 -0.136194 -0.133043 -0.032447 0.180480 0.443148 0.878093 0.009491 0.000000 0.000000 0.000000 1.000000
0.028393 -0.884278 0.466097 -0.525417 0.992299 -0.031311 -0.119851 -0.032447 0.120576 0.465909 0.876579 0.009491 0.000000 0.000000 0.000000 1.000000
0.121376 -0.872442 0.473405 -0.525417 0.990705 0.076966 -0.112164 -0.032447 0.061421 0.482618 0.873675 0.009491 0.000000 0.000000 0.000000 1.000000
0.211320 -0.851774 0.479400 -0.525417 0.977418 0.184306 -0.103380 -0.032447 -0.000299 0.490420 0.871486 0.009491 0.000000 0.000000 0.000000 1.000000
0.290718 -0.825255 0.484187 -0.525417 0.954200 0.287411 -0.083058 -0.032447 -0.070617 0.486157 0.871014 0.009491 0.000000 0.000000 0.000000 1.000000
0.353789 -0.796410 0.490473 -0.525417 0.922379 0.384023 -0.041770 -0.032447 -0.155087 0.467179 0.870455 0.009491 0.000000 0.000000 0.000000 1.000000
0.396621 -0.768757 0.501700 -0.525417 0.881993 0.470656 0.023927 -0.032447 -0.254523 0.433006 0.864711 0.009491 0.000000 0.000000 0.000000 1.000000
0.417171 -0.745681 0.519545 -0.525417 0.833058 0.542264 0.109381 -0.032447 -0.363295 0.387180 0.847413 0.009491 0.000000 0.000000 0.000000 1.000000
0.416501 -0.729276 0.542847 -0.525417 0.777188 0.595419 0.203605 -0.032447 -0.471706 0.337092 0.814777 0.009491 0.000000 0.000000 0.000000 1.000000
0.404276 -0.717111 0.567726 -0.525417 0.718459 0.633107 0.288085 -0.032447 -0.566021 0.291421 0.771164 0.009491 0.000000 0.000000 0.000000 1.000000
0.389421 -0.706316 0.591159 -0.525417 0.662211 0.660800 0.353298 -0.032447 -0.640179 0.253890 0.725060 0.009491 0.000000 0.000000 0.000000 1.000000
0.373442 -0.697339 0.611767 -0.525417 0.613731 0.680243 0.400754 -0.032447 -0.695613 0.225802 0.682010 0.009491 0.000000 0.000000 0.000000 1.000000
0.359478 -0.689760 0.628495 -0.525417 0.577195 0.693574 0.431047 -0.032447 -0.733227 0.207812 0.647451 0.009491 0.000000 0.000000 0.000000 1.000000
0.346164 -0.684987 0.641065 -0.525417 0.555156 0.700395 0.448608 -0.032447 -0.756289 0.200599 0.622726 0.009491 0.000000 0.000000 0.000000 1.000000
0.332795 -0.683949 0.649201 -0.525417 0.548763 0.700329 0.456507 -0.032447 -0.766882 0.204334 0.608392 0.009491 0.000000 0.000000 0.000000 1.000000
0.319360 -0.686950 0.652770 -0.525417 0.558464 0.692946 0.456009 -0.032447 -0.765591 0.218917 0.604936 0.009491 0.000000 0.000000 0.000000 1.000000
0.305373 -0.694180 0.651814 -0.525417 0.584138 0.677149 0.447495 -0.032447 -0.752018 0.244096 0.612280 0.009491 0.000000 0.000000 0.000000 1.000000
0.289502 -0.705990 0.646349 -0.525417 0.626024 0.650471 0.430095 -0.032447 -0.724075 0.280116 0.630279 0.009491 0.000000 0.000000 0.000000 1.000000
0.264959 -0.725059 0.635677 -0.525417 0.691048 0.602548 0.399235 -0.032447 -0.672496 0.333502 0.660702 0.009491 0.000000 0.000000 0.000000 1.000000
0.247351 -0.740581 0.624786 -0.525417 0.746177 0.556936 0.364748 -0.032447 -0.618092 0.375980 0.690363 0.009491 0.000000 0.000000 0.000000 1.000000</float_array><technique_common><accessor source="#jnt_left_arm-Matrix-animation-output-transform-array" count="48" stride="16"><param type="float4x4"/></accessor></technique_common></source><source id="jnt_left_arm-Interpolations"><Name_array id="jnt_left_arm-Interpolations-array" count="48">
 LINEAR LINEAR LINEAR LINEAR LINEAR LINEAR LINEAR LINEAR LINEAR LINEAR LINEAR
LINEAR LINEAR LINEAR LINEAR LINEAR LINEAR LINEAR LINEAR LINEAR LINEAR LINEAR LINEAR
LINEAR LINEAR LINEAR LINEAR LINEAR LINEAR LINEAR LINEAR LINEAR LINEAR LINEAR LINEAR
LINEAR LINEAR LINEAR LINEAR LINEAR LINEAR LINEAR LINEAR LINEAR LINEAR LINEAR LINEAR
LINEAR</Name_array><technique_common><accessor source="#jnt_left_arm-Interpolations-array" count="48"><param type="name"/></accessor></technique_common></source><sampler id="jnt_left_arm-Matrix-animation-transform"><input semantic="INPUT" source="#jnt_left_arm-Matrix-animation-input"/><input semantic="OUTPUT" source="#jnt_left_arm-Matrix-animation-output-transform"/><input semantic="INTERPOLATION" source="#jnt_left_arm-Interpolations"/></sampler><channel source="#jnt_left_arm-Matrix-animation-transform" target="jnt_left_arm/matrix"/></animation></animation>
    <animation id="jnt_left_armroll-anim" name="jnt_left_armroll"><animation><source id="jnt_left_armroll-Matrix-animation-input"><float_array id="jnt_left_armroll-Matrix-animation-input-array" count="48">

0.000000 0.033333 0.066667 0.100000 0.133333 0.166667 0.200000 0.233333 0.266667 0.300000 0.333333 0.366667 0.400000 0.433333 0.466667 0.500000
0.533333 0.566667 0.600000 0.633333 0.666667 0.700000 0.733333 0.766667 0.800000 0.833333 0.866667 0.900000 0.933333 0.966667 1.000000 1.033333
1.066667 1.100000 1.133333 1.166667 1.200000 1.233333 1.266667 1.300000 1.333333 1.366667 1.400000 1.433333 1.466667 1.500000 1.533333 1.566667</float_array><technique_common><accessor source="#jnt_left_armroll-Matrix-animation-input-array" count="48"><param name="TIME" type="float"/></accessor></technique_common></source><source id="jnt_left_armroll-Matrix-animation-output-transform"><float_array id="jnt_left_armroll-Matrix-animation-output-transform-array" count="768">

1.000000 -0.000000 -0.000000 -0.421995 0.000000 1.000000 0.000000 0.000002 -0.000000 -0.000000 1.000000 -0.000003 0.000000 0.000000 0.000000 1.000000
1.000000 -0.000000 0.000000 -0.421995 0.000000 1.000000 0.000000 0.000002 -0.000000 -0.000000 1.000000 -0.000004 0.000000 0.000000 0.000000 1.000000
1.000000 -0.000000 0.000000 -0.421995 0.000000 1.000000 0.000000 0.000002 -0.000000 -0.000000 1.000000 -0.000004 0.000000 0.000000 0.000000 1.000000
1.000000 -0.000000 0.000000 -0.421995 0.000000 1.000000 0.000000 0.000002 -0.000000 -0.000000 1.000000 -0.000004 0.000000 0.000000 0.000000 1.000000
1.000000 -0.000000 0.000000 -0.421995 0.000000 1.000000 0.000000 0.000002 -0.000000 -0.000000 1.000000 -0.000004 0.000000 0.000000 0.000000 1.000000
1.000000 -0.000000 -0.000000 -0.421995 0.000000 1.000000 -0.000000 0.000002 0.000000 0.000000 1.000000 -0.000004 0.000000 0.000000 0.000000 1.000000
1.000000 -0.000000 0.000000 -0.421995 0.000000 1.000000 -0.000000 0.000002 -0.000000 0.000000 1.000000 -0.000004 0.000000 0.000000 0.000000 1.000000
1.000000 -0.000000 -0.000000 -0.421995 0.000000 1.000000 0.000000 0.000002 0.000000 -0.000000 1.000000 -0.000004 0.000000 0.000000 0.000000 1.000000
1.000000 -0.000000 0.000000 -0.421995 0.000000 1.000000 0.000000 0.000002 -0.000000 -0.000000 1.000000 -0.000004 0.000000 0.000000 0.000000 1.000000
1.000000 -0.000000 0.000000 -0.421995 0.000000 1.000000 0.000000 0.000002 -0.000000 -0.000000 1.000000 -0.000003 0.000000 0.000000 0.000000 1.000000
1.000000 -0.000000 -0.000000 -0.421995 0.000000 1.000000 0.000000 0.000002 0.000000 -0.000000 1.000000 -0.000003 0.000000 0.000000 0.000000 1.000000
1.000000 -0.000000 -0.000000 -0.421995 0.000000 1.000000 0.000000 0.000002 0.000000 -0.000000 1.000000 -0.000004 0.000000 0.000000 0.000000 1.000000
1.000000 -0.000000 0.000000 -0.421995 0.000000 1.000000 0.000000 0.000002 -0.000000 -0.000000 1.000000 -0.000004 0.000000 0.000000 0.000000 1.000000
1.000000 -0.000000 -0.000000 -0.421995 0.000000 1.000000 -0.000000 0.000002 0.000000 0.000000 1.000000 -0.000004 0.000000 0.000000 0.000000 1.000000
1.000000 -0.000000 0.000000 -0.421995 0.000000 1.000000 0.000000 0.000002 -0.000000 -0.000000 1.000000 -0.000004 0.000000 0.000000 0.000000 1.000000
1.000000 -0.000000 0.000000 -0.421995 0.000000 1.000000 0.000000 0.000002 -0.000000 -0.000000 1.000000 -0.000004 0.000000 0.000000 0.000000 1.000000
1.000000 -0.000000 0.000000 -0.421995 0.000000 1.000000 -0.000000 0.000002 -0.000000 0.000000 1.000000 -0.000004 0.000000 0.000000 0.000000 1.000000
1.000000 -0.000000 0.000000 -0.421995 0.000000 1.000000 0.000000 0.000002 -0.000000 -0.000000 1.000000 -0.000004 0.000000 0.000000 0.000000 1.000000
1.000000 -0.000000 -0.000000 -0.421995 0.000000 1.000000 0.000000 0.000002 0.000000 -0.000000 1.000000 -0.000004 0.000000 0.000000 0.000000 1.000000
1.000000 -0.000000 -0.000000 -0.421995 0.000000 1.000000 -0.000000 0.000002 0.000000 0.000000 1.000000 -0.000004 0.000000 0.000000 0.000000 1.000000
1.000000 -0.000000 0.000000 -0.421995 0.000000 1.000000 0.000000 0.000002 -0.000000 -0.000000 1.000000 -0.000004 0.000000 0.000000 0.000000 1.000000
1.000000 -0.000000 -0.000000 -0.421995 0.000000 1.000000 -0.000000 0.000002 0.000000 0.000000 1.000000 -0.000004 0.000000 0.000000 0.000000 1.000000
1.000000 -0.000000 0.000000 -0.421995 0.000000 1.000000 -0.000000 0.000002 -0.000000 0.000000 1.000000 -0.000003 0.000000 0.000000 0.000000 1.000000
1.000000 -0.000000 -0.000000 -0.421995 0.000000 1.000000 -0.000000 0.000002 0.000000 0.000000 1.000000 -0.000004 0.000000 0.000000 0.000000 1.000000
1.000000 -0.000000 -0.000000 -0.421995 0.000000 1.000000 -0.000000 0.000002 0.000000 0.000000 1.000000 -0.000004 0.000000 0.000000 0.000000 1.000000
1.000000 -0.000000 0.000000 -0.421995 0.000000 1.000000 -0.000000 0.000002 -0.000000 0.000000 1.000000 -0.000004 0.000000 0.000000 0.000000 1.000000
1.000000 -0.000000 0.000000 -0.421995 0.000000 1.000000 0.000000 0.000002 -0.000000 -0.000000 1.000000 -0.000004 0.000000 0.000000 0.000000 1.000000
1.000000 -0.000000 -0.000000 -0.421995 0.000000 1.000000 0.000000 0.000002 0.000000 -0.000000 1.000000 -0.000004 0.000000 0.000000 0.000000 1.000000
1.000000 -0.000000 0.000000 -0.421995 0.000000 1.000000 0.000000 0.000002 -0.000000 -0.000000 1.000000 -0.000004 0.000000 0.000000 0.000000 1.000000
1.000000 -0.000000 0.000000 -0.421995 0.000000 1.000000 -0.000000 0.000002 -0.000000 0.000000 1.000000 -0.000004 0.000000 0.000000 0.000000 1.000000
1.000000 -0.000000 0.000000 -0.421995 0.000000 1.000000 0.000000 0.000002 -0.000000 -0.000000 1.000000 -0.000004 0.000000 0.000000 0.000000 1.000000
1.000000 -0.000000 -0.000000 -0.421995 0.000000 1.000000 0.000000 0.000002 0.000000 -0.000000 1.000000 -0.000003 0.000000 0.000000 0.000000 1.000000
1.000000 -0.000000 0.000000 -0.421995 0.000000 1.000000 0.000000 0.000002 -0.000000 -0.000000 1.000000 -0.000004 0.000000 0.000000 0.000000 1.000000
1.000000 -0.000000 0.000000 -0.421995 0.000000 1.000000 0.000000 0.000002 -0.000000 -0.000000 1.000000 -0.000005 0.000000 0.000000 0.000000 1.000000
1.000000 -0.000000 0.000000 -0.421995 0.000000 1.000000 -0.000000 0.000002 -0.000000 0.000000 1.000000 -0.000004 0.000000 0.000000 0.000000 1.000000
1.000000 -0.000000 0.000000 -0.421995 0.000000 1.000000 0.000000 0.000002 -0.000000 -0.000000 1.000000 -0.000004 0.000000 0.000000 0.000000 1.000000
1.000000 -0.000000 -0.000000 -0.421995 0.000000 1.000000 0.000000 0.000002 0.000000 -0.000000 1.000000 -0.000004 0.000000 0.000000 0.000000 1.000000
1.000000 -0.000000 0.000000 -0.421995 0.000000 1.000000 -0.000000 0.000002 -0.000000 0.000000 1.000000 -0.000003 0.000000 0.000000 0.000000 1.000000
1.000000 -0.000000 -0.000000 -0.421995 0.000000 1.000000 0.000000 0.000002 0.000000 -0.000000 1.000000 -0.000004 0.000000 0.000000 0.000000 1.000000
1.000000 -0.000000 0.000000 -0.421995 0.000000 1.000000 0.000000 0.000002 -0.000000 -0.000000 1.000000 -0.000004 0.000000 0.000000 0.000000 1.000000
1.000000 -0.000000 0.000000 -0.421995 0.000000 1.000000 0.000000 0.000002 -0.000000 -0.000000 1.000000 -0.000004 0.000000 0.000000 0.000000 1.000000
1.000000 -0.000000 -0.000000 -0.421995 0.000000 1.000000 -0.000000 0.000002 0.000000 0.000000 1.000000 -0.000004 0.000000 0.000000 0.000000 1.000000
1.000000 -0.000000 0.000000 -0.421995 0.000000 1.000000 -0.000000 0.000002 -0.000000 0.000000 1.000000 -0.000004 0.000000 0.000000 0.000000 1.000000
1.000000 -0.000000 0.000000 -0.421995 0.000000 1.000000 -0.000000 0.000002 -0.000000 0.000000 1.000000 -0.000004 0.000000 0.000000 0.000000 1.000000
1.000000 -0.000000 -0.000000 -0.421995 0.000000 1.000000 0.000000 0.000002 0.000000 -0.000000 1.000000 -0.000004 0.000000 0.000000 0.000000 1.000000
1.000000 -0.000000 0.000000 -0.421995 0.000000 1.000000 -0.000000 0.000002 -0.000000 0.000000 1.000000 -0.000004 0.000000 0.000000 0.000000 1.000000
1.000000 -0.000000 -0.000000 -0.421995 0.000000 1.000000 0.000000 0.000002 0.000000 -0.000000 1.000000 -0.000004 0.000000 0.000000 0.000000 1.000000
1.000000 -0.000000 -0.000000 -0.421995 0.000000 1.000000 0.000000 0.000002 0.000000 -0.000000 1.000000 -0.000004 0.000000 0.000000 0.000000 1.000000</float_array><technique_common><accessor source="#jnt_left_armroll-Matrix-animation-output-transform-array" count="48" stride="16"><param type="float4x4"/></accessor></technique_common></source><source id="jnt_left_armroll-Interpolations"><Name_array id="jnt_left_armroll-Interpolations-array" count="48">
 LINEAR LINEAR LINEAR LINEAR LINEAR LINEAR LINEAR LINEAR LINEAR LINEAR LINEAR
LINEAR LINEAR LINEAR LINEAR LINEAR LINEAR LINEAR LINEAR LINEAR LINEAR LINEAR LINEAR
LINEAR LINEAR LINEAR LINEAR LINEAR LINEAR LINEAR LINEAR LINEAR LINEAR LINEAR LINEAR
LINEAR LINEAR LINEAR LINEAR LINEAR LINEAR LINEAR LINEAR LINEAR LINEAR LINEAR LINEAR
LINEAR</Name_array><technique_common><accessor source="#jnt_left_armroll-Interpolations-array" count="48"><param type="name"/></accessor></technique_common></source><sampler id="jnt_left_armroll-Matrix-animation-transform"><input semantic="INPUT" source="#jnt_left_armroll-Matrix-animation-input"/><input semantic="OUTPUT" source="#jnt_left_armroll-Matrix-animation-output-transform"/><input semantic="INTERPOLATION" source="#jnt_left_armroll-Interpolations"/></sampler><channel source="#jnt_left_armroll-Matrix-animation-transform" target="jnt_left_armroll/matrix"/></animation></animation>
    <animation id="jnt_left_forearm-anim" name="jnt_left_forearm"><animation><source id="jnt_left_forearm-Matrix-animation-input"><float_array id="jnt_left_forearm-Matrix-animation-input-array" count="48">

0.000000 0.033333 0.066667 0.100000 0.133333 0.166667 0.200000 0.233333 0.266667 0.300000 0.333333 0.366667 0.400000 0.433333 0.466667 0.500000
0.533333 0.566667 0.600000 0.633333 0.666667 0.700000 0.733333 0.766667 0.800000 0.833333 0.866667 0.900000 0.933333 0.966667 1.000000 1.033333
1.066667 1.100000 1.133333 1.166667 1.200000 1.233333 1.266667 1.300000 1.333333 1.366667 1.400000 1.433333 1.466667 1.500000 1.533333 1.566667</float_array><technique_common><accessor source="#jnt_left_forearm-Matrix-animation-input-array" count="48"><param name="TIME" type="float"/></accessor></technique_common></source><source id="jnt_left_forearm-Matrix-animation-output-transform"><float_array id="jnt_left_forearm-Matrix-animation-output-transform-array" count="768">

0.295291 -0.770552 -0.564848 -0.843981 0.932343 0.361530 -0.005781 0.000001 0.208664 -0.524924 0.825175 0.000003 0.000000 0.000000 0.000000 1.000000
0.261316 -0.724765 -0.637519 -0.843981 0.921679 0.383555 -0.058254 0.000001 0.286744 -0.572365 0.768229 0.000003 0.000000 0.000000 0.000000 1.000000
0.235687 -0.611688 -0.755175 -0.843981 0.875204 0.471390 -0.108676 0.000001 0.422458 -0.635318 0.646452 0.000003 0.000000 0.000000 0.000000 1.000000
0.315299 -0.498204 -0.807700 -0.843981 0.809198 0.585776 -0.045434 0.000001 0.495767 -0.639264 0.587840 0.000003 0.000000 0.000000 0.000000 1.000000
0.495802 -0.414993 -0.762864 -0.843981 0.727465 0.678243 0.103836 0.000001 0.474316 -0.606438 0.638167 0.000003 0.000000 0.000000 0.000000 1.000000
0.653902 -0.361302 -0.664735 -0.843981 0.640449 0.732088 0.232102 0.000001 0.402786 -0.577501 0.710110 0.000003 0.000000 0.000000 0.000000 1.000000
0.731072 -0.331868 -0.596152 -0.843981 0.583921 0.756292 0.295057 0.000001 0.352945 -0.563813 0.746689 0.000003 0.000000 0.000000 0.000000 1.000000
0.757717 -0.319268 -0.569150 -0.843981 0.560449 0.765155 0.316915 0.000001 0.334307 -0.559112 0.758704 0.000003 0.000000 0.000000 0.000000 1.000000
0.762374 -0.316752 -0.564318 -0.843981 0.555955 0.766887 0.320622 0.000001 0.331210 -0.558169 0.760754 0.000003 0.000000 0.000000 0.000000 1.000000
0.767804 -0.313564 -0.558708 -0.843981 0.550441 0.769104 0.324797 0.000001 0.327860 -0.556916 0.763120 0.000003 0.000000 0.000000 0.000000 1.000000
0.774399 -0.309780 -0.551672 -0.843981 0.543756 0.771647 0.329985 0.000001 0.323474 -0.555514 0.766008 0.000004 0.000000 0.000000 0.000000 1.000000
0.779870 -0.306927 -0.545526 -0.843981 0.538403 0.773443 0.334527 0.000001 0.319258 -0.554600 0.768435 0.000003 0.000000 0.000000 0.000000 1.000000
0.781884 -0.306644 -0.542796 -0.843981 0.537082 0.773405 0.336730 0.000001 0.316545 -0.554810 0.769406 0.000003 0.000000 0.000000 0.000000 1.000000
0.780677 -0.309838 -0.542719 -0.843981 0.540169 0.771269 0.336692 0.000001 0.314263 -0.556007 0.769477 0.000003 0.000000 0.000000 0.000000 1.000000
0.778865 -0.315163 -0.542256 -0.843981 0.544912 0.768123 0.336240 0.000001 0.310549 -0.557367 0.770000 0.000003 0.000000 0.000000 0.000000 1.000000
0.776618 -0.321607 -0.541695 -0.843981 0.550552 0.764428 0.335471 0.000001 0.306197 -0.558764 0.770731 0.000003 0.000000 0.000000 0.000000 1.000000
0.774559 -0.327973 -0.540825 -0.843981 0.555940 0.760801 0.334832 0.000001 0.301645 -0.560013 0.771619 0.000003 0.000000 0.000000 0.000000 1.000000
0.772814 -0.333484 -0.539950 -0.843981 0.560559 0.757591 0.334408 0.000001 0.297541 -0.561110 0.772415 0.000003 0.000000 0.000000 0.000000 1.000000
0.771864 -0.337220 -0.538988 -0.843981 0.563590 0.755275 0.334553 0.000001 0.294267 -0.561997 0.773024 0.000003 0.000000 0.000000 0.000000 1.000000
0.778897 -0.336184 -0.529433 -0.843981 0.556753 0.759262 0.336967 0.000001 0.288696 -0.557226 0.778559 0.000003 0.000000 0.000000 0.000000 1.000000
0.797184 -0.329145 -0.506123 -0.843981 0.535841 0.771971 0.341958 0.000001 0.278158 -0.543805 0.791772 0.000003 0.000000 0.000000 0.000000 1.000000
0.821616 -0.317596 -0.473370 -0.843981 0.505685 0.789377 0.348089 0.000001 0.263116 -0.525371 0.809169 0.000003 0.000000 0.000000 0.000000 1.000000
0.847477 -0.303237 -0.435696 -0.843981 0.471039 0.808030 0.353848 0.000001 0.244756 -0.505108 0.827623 0.000003 0.000000 0.000000 0.000000 1.000000
0.869044 -0.290116 -0.400744 -0.843981 0.439612 0.824403 0.356511 0.000001 0.226945 -0.485996 0.843981 0.000003 0.000000 0.000000 0.000000 1.000000
0.879174 -0.286325 -0.380883 -0.843981 0.424235 0.834316 0.352053 0.000001 0.216975 -0.471099 0.854978 0.000003 0.000000 0.000000 0.000000 1.000000
0.870572 -0.304720 -0.386329 -0.843981 0.440370 0.832779 0.335489 0.000001 0.219497 -0.462195 0.859184 0.000003 0.000000 0.000000 0.000000 1.000000
0.843277 -0.348350 -0.409313 -0.843981 0.486834 0.817756 0.307028 0.000001 0.227765 -0.458177 0.859184 0.000003 0.000000 0.000000 0.000000 1.000000
0.800638 -0.411582 -0.435407 -0.843981 0.552458 0.788386 0.270626 0.000001 0.231883 -0.457217 0.858593 0.000003 0.000000 0.000000 0.000000 1.000000
0.746027 -0.488683 -0.452363 -0.843981 0.627355 0.743577 0.231339 0.000001 0.223316 -0.456378 0.861307 0.000003 0.000000 0.000000 0.000000 1.000000
0.683505 -0.572365 -0.453011 -0.843981 0.702520 0.684331 0.195335 0.000001 0.198207 -0.451762 0.869842 0.000003 0.000000 0.000000 0.000000 1.000000
0.616843 -0.653670 -0.438429 -0.843981 0.770552 0.615096 0.167050 0.000001 0.160481 -0.440876 0.883105 0.000003 0.000000 0.000000 0.000000 1.000000
0.549832 -0.722941 -0.418379 -0.843981 0.826305 0.543988 0.145937 0.000001 0.122089 -0.425949 0.896472 0.000004 0.000000 0.000000 0.000000 1.000000
0.486866 -0.772537 -0.407613 -0.843981 0.867867 0.480642 0.125660 0.000001 0.098839 -0.414934 0.904467 0.000003 0.000000 0.000000 0.000000 1.000000
0.431660 -0.798915 -0.418813 -0.843981 0.896103 0.432966 0.097677 0.000001 0.103296 -0.417462 0.902804 0.000003 0.000000 0.000000 0.000000 1.000000
0.387573 -0.801102 -0.456094 -0.843981 0.911237 0.407758 0.058135 0.000001 0.139404 -0.438142 0.888030 0.000003 0.000000 0.000000 0.000000 1.000000
0.358198 -0.779598 -0.513733 -0.843981 0.911601 0.410900 0.012062 0.000001 0.201689 -0.472639 0.857865 0.000004 0.000000 0.000000 0.000000 1.000000
0.346354 -0.737434 -0.579854 -0.843981 0.895867 0.443390 -0.028774 0.000001 0.278320 -0.509505 0.814212 0.000004 0.000000 0.000000 0.000000 1.000000
0.353624 -0.687576 -0.634184 -0.843981 0.868754 0.492734 -0.049796 0.000001 0.346723 -0.533341 0.771577 0.000004 0.000000 0.000000 0.000000 1.000000
0.379725 -0.640507 -0.667502 -0.843981 0.836428 0.545966 -0.048064 0.000001 0.395219 -0.540066 0.743055 0.000004 0.000000 0.000000 0.000000 1.000000
0.424673 -0.595617 -0.681831 -0.843981 0.798936 0.600799 -0.027221 0.000001 0.425857 -0.533179 0.731003 0.000003 0.000000 0.000000 0.000000 1.000000
0.487117 -0.553920 -0.675196 -0.843981 0.756587 0.653824 0.009449 0.000001 0.436226 -0.515447 0.737578 0.000003 0.000000 0.000000 0.000000 1.000000
0.564145 -0.510073 -0.649282 -0.843981 0.705093 0.706789 0.057388 0.000001 0.429633 -0.490179 0.758380 0.000003 0.000000 0.000000 0.000000 1.000000
0.651144 -0.459488 -0.604055 -0.843981 0.640428 0.759743 0.112437 0.000001 0.407263 -0.460066 0.788971 0.000003 0.000000 0.000000 0.000000 1.000000
0.742766 -0.399208 -0.537524 -0.843981 0.559456 0.811095 0.170689 0.000001 0.367842 -0.427502 0.825793 0.000003 0.000000 0.000000 0.000000 1.000000
0.832594 -0.326473 -0.447440 -0.843981 0.459119 0.858671 0.227801 0.000001 0.309833 -0.395094 0.864814 0.000003 0.000000 0.000000 0.000000 1.000000
0.913478 -0.237617 -0.330297 -0.843981 0.335008 0.899932 0.279091 0.000001 0.230928 -0.365595 0.901672 0.000003 0.000000 0.000000 0.000000 1.000000
0.978686 -0.114751 -0.170314 -0.843981 0.164893 0.933426 0.318631 0.000001 0.122412 -0.339923 0.932452 0.000003 0.000000 0.000000 0.000000 1.000000
0.999638 -0.014356 -0.022733 -0.843981 0.021041 0.944080 0.329043 0.000001 0.016737 -0.329403 0.944041 0.000004 0.000000 0.000000 0.000000 1.000000</float_array><technique_common><accessor source="#jnt_left_forearm-Matrix-animation-output-transform-array" count="48" stride="16"><param type="float4x4"/></accessor></technique_common></source><source id="jnt_left_forearm-Interpolations"><Name_array id="jnt_left_forearm-Interpolations-array" count="48">
 LINEAR LINEAR LINEAR LINEAR LINEAR LINEAR LINEAR LINEAR LINEAR LINEAR LINEAR
LINEAR LINEAR LINEAR LINEAR LINEAR LINEAR LINEAR LINEAR LINEAR LINEAR LINEAR LINEAR
LINEAR LINEAR LINEAR LINEAR LINEAR LINEAR LINEAR LINEAR LINEAR LINEAR LINEAR LINEAR
LINEAR LINEAR LINEAR LINEAR LINEAR LINEAR LINEAR LINEAR LINEAR LINEAR LINEAR LINEAR
LINEAR</Name_array><technique_common><accessor source="#jnt_left_forearm-Interpolations-array" count="48"><param type="name"/></accessor></technique_common></source><sampler id="jnt_left_forearm-Matrix-animation-transform"><input semantic="INPUT" source="#jnt_left_forearm-Matrix-animation-input"/><input semantic="OUTPUT" source="#jnt_left_forearm-Matrix-animation-output-transform"/><input semantic="INTERPOLATION" source="#jnt_left_forearm-Interpolations"/></sampler><channel source="#jnt_left_forearm-Matrix-animation-transform" target="jnt_left_forearm/matrix"/></animation></animation>
    <animation id="jnt_left_forearmroll-anim" name="jnt_left_forearmroll"><animation><source id="jnt_left_forearmroll-Matrix-animation-input"><float_array id="jnt_left_forearmroll-Matrix-animation-input-array" count="48">

0.000200 0.033533 0.066867 0.100200 0.133533 0.166867 0.200200 0.233533 0.266867 0.300200 0.333533 0.366867 0.400200 0.433533 0.466867 0.500200
0.533533 0.566867 0.600200 0.633533 0.666867 0.700200 0.733533 0.766867 0.800200 0.833533 0.866867 0.900200 0.933533 0.966867 1.000200 1.033533
1.066867 1.100200 1.133533 1.166867 1.200200 1.233533 1.266867 1.300200 1.333533 1.366867 1.400200 1.433533 1.466867 1.500200 1.533533 1.566867</float_array><technique_common><accessor source="#jnt_left_forearmroll-Matrix-animation-input-array" count="48"><param name="TIME" type="float"/></accessor></technique_common></source><source id="jnt_left_forearmroll-Matrix-animation-output-transform"><float_array id="jnt_left_forearmroll-Matrix-animation-output-transform-array" count="768">

1.000000 0.000001 -0.000000 -0.487001 -0.000001 1.000000 -0.000000 0.000000 0.000000 0.000000 1.000000 -0.000005 0.000000 0.000000 0.000000 1.000000
1.000000 0.000001 -0.000000 -0.487001 -0.000001 1.000000 -0.000000 0.000000 0.000000 0.000000 1.000000 -0.000004 0.000000 0.000000 0.000000 1.000000
1.000000 0.000001 -0.000000 -0.487001 -0.000001 1.000000 -0.000000 0.000000 0.000000 0.000000 1.000000 -0.000004 0.000000 0.000000 0.000000 1.000000
1.000000 0.000001 -0.000000 -0.487001 -0.000001 1.000000 -0.000000 0.000000 0.000000 0.000000 1.000000 -0.000004 0.000000 0.000000 0.000000 1.000000
1.000000 0.000001 -0.000000 -0.487001 -0.000001 1.000000 -0.000000 0.000000 0.000000 0.000000 1.000000 -0.000004 0.000000 0.000000 0.000000 1.000000
1.000000 0.000001 -0.000000 -0.487001 -0.000001 1.000000 -0.000000 0.000000 0.000000 0.000000 1.000000 -0.000004 0.000000 0.000000 0.000000 1.000000
1.000000 0.000001 -0.000000 -0.487001 -0.000001 1.000000 -0.000000 -0.000000 0.000000 0.000000 1.000000 -0.000003 0.000000 0.000000 0.000000 1.000000
1.000000 0.000001 -0.000000 -0.487001 -0.000001 1.000000 -0.000000 -0.000001 0.000000 0.000000 1.000000 -0.000003 0.000000 0.000000 0.000000 1.000000
1.000000 0.000001 -0.000000 -0.487001 -0.000001 1.000000 -0.000000 -0.000001 0.000000 0.000000 1.000000 -0.000003 0.000000 0.000000 0.000000 1.000000
1.000000 0.000001 -0.000000 -0.487001 -0.000001 1.000000 -0.000000 -0.000000 0.000000 0.000000 1.000000 -0.000004 0.000000 0.000000 0.000000 1.000000
1.000000 0.000001 -0.000000 -0.487001 -0.000001 1.000000 -0.000000 -0.000001 0.000000 0.000000 1.000000 -0.000004 0.000000 0.000000 0.000000 1.000000
1.000000 0.000001 -0.000000 -0.487001 -0.000001 1.000000 -0.000000 -0.000000 0.000000 0.000000 1.000000 -0.000003 0.000000 0.000000 0.000000 1.000000
1.000000 0.000001 -0.000000 -0.487001 -0.000001 1.000000 -0.000000 -0.000000 0.000000 0.000000 1.000000 -0.000003 0.000000 0.000000 0.000000 1.000000
1.000000 0.000001 -0.000000 -0.487001 -0.000001 1.000000 -0.000000 -0.000001 0.000000 0.000000 1.000000 -0.000004 0.000000 0.000000 0.000000 1.000000
1.000000 0.000001 -0.000000 -0.487001 -0.000001 1.000000 -0.000000 -0.000000 0.000000 0.000000 1.000000 -0.000003 0.000000 0.000000 0.000000 1.000000
1.000000 0.000001 -0.000000 -0.487001 -0.000001 1.000000 -0.000000 -0.000001 0.000000 0.000000 1.000000 -0.000003 0.000000 0.000000 0.000000 1.000000
1.000000 0.000001 -0.000000 -0.487001 -0.000001 1.000000 -0.000000 0.000000 0.000000 0.000000 1.000000 -0.000004 0.000000 0.000000 0.000000 1.000000
1.000000 0.000001 -0.000000 -0.487001 -0.000001 1.000000 -0.000000 -0.000000 0.000000 0.000000 1.000000 -0.000004 0.000000 0.000000 0.000000 1.000000
1.000000 0.000001 -0.000000 -0.487001 -0.000001 1.000000 -0.000000 -0.000001 0.000000 0.000000 1.000000 -0.000004 0.000000 0.000000 0.000000 1.000000
1.000000 0.000001 -0.000000 -0.487001 -0.000001 1.000000 -0.000000 -0.000000 0.000000 0.000000 1.000000 -0.000004 0.000000 0.000000 0.000000 1.000000
1.000000 0.000001 -0.000000 -0.487001 -0.000001 1.000000 -0.000000 -0.000000 0.000000 0.000000 1.000000 -0.000004 0.000000 0.000000 0.000000 1.000000
1.000000 0.000001 -0.000000 -0.487001 -0.000001 1.000000 -0.000000 0.000000 0.000000 0.000000 1.000000 -0.000004 0.000000 0.000000 0.000000 1.000000
1.000000 0.000001 -0.000000 -0.487001 -0.000001 1.000000 -0.000000 0.000000 0.000000 0.000000 1.000000 -0.000004 0.000000 0.000000 0.000000 1.000000
1.000000 0.000001 -0.000000 -0.487001 -0.000001 1.000000 -0.000000 -0.000001 0.000000 0.000000 1.000000 -0.000003 0.000000 0.000000 0.000000 1.000000
1.000000 0.000001 -0.000000 -0.487001 -0.000001 1.000000 -0.000000 -0.000001 0.000000 0.000000 1.000000 -0.000004 0.000000 0.000000 0.000000 1.000000
1.000000 0.000001 -0.000000 -0.487001 -0.000001 1.000000 -0.000000 -0.000000 0.000000 0.000000 1.000000 -0.000003 0.000000 0.000000 0.000000 1.000000
1.000000 0.000001 -0.000000 -0.487001 -0.000001 1.000000 -0.000000 -0.000000 0.000000 0.000000 1.000000 -0.000004 0.000000 0.000000 0.000000 1.000000
1.000000 0.000001 -0.000000 -0.487001 -0.000001 1.000000 -0.000000 -0.000000 0.000000 0.000000 1.000000 -0.000004 0.000000 0.000000 0.000000 1.000000
1.000000 0.000001 -0.000000 -0.487001 -0.000001 1.000000 -0.000000 0.000000 0.000000 0.000000 1.000000 -0.000004 0.000000 0.000000 0.000000 1.000000
1.000000 0.000001 -0.000000 -0.487001 -0.000001 1.000000 -0.000000 0.000000 0.000000 0.000000 1.000000 -0.000004 0.000000 0.000000 0.000000 1.000000
1.000000 0.000001 -0.000000 -0.487001 -0.000001 1.000000 -0.000000 -0.000001 0.000000 0.000000 1.000000 -0.000004 0.000000 0.000000 0.000000 1.000000
1.000000 0.000001 -0.000000 -0.487001 -0.000001 1.000000 -0.000000 -0.000001 0.000000 0.000000 1.000000 -0.000004 0.000000 0.000000 0.000000 1.000000
1.000000 0.000001 -0.000000 -0.487001 -0.000001 1.000000 -0.000000 -0.000001 0.000000 0.000000 1.000000 -0.000003 0.000000 0.000000 0.000000 1.000000
1.000000 0.000001 -0.000000 -0.487001 -0.000001 1.000000 -0.000000 -0.000001 0.000000 0.000000 1.000000 -0.000003 0.000000 0.000000 0.000000 1.000000
1.000000 0.000001 -0.000000 -0.487001 -0.000001 1.000000 -0.000000 -0.000001 0.000000 0.000000 1.000000 -0.000004 0.000000 0.000000 0.000000 1.000000
1.000000 0.000001 -0.000000 -0.487001 -0.000001 1.000000 -0.000000 -0.000001 0.000000 0.000000 1.000000 -0.000004 0.000000 0.000000 0.000000 1.000000
1.000000 0.000001 -0.000000 -0.487001 -0.000001 1.000000 -0.000000 -0.000001 0.000000 0.000000 1.000000 -0.000004 0.000000 0.000000 0.000000 1.000000
1.000000 0.000001 -0.000000 -0.487001 -0.000001 1.000000 -0.000000 -0.000001 0.000000 0.000000 1.000000 -0.000004 0.000000 0.000000 0.000000 1.000000
1.000000 0.000001 -0.000000 -0.487001 -0.000001 1.000000 -0.000000 -0.000001 0.000000 0.000000 1.000000 -0.000004 0.000000 0.000000 0.000000 1.000000
1.000000 0.000001 -0.000000 -0.487001 -0.000001 1.000000 -0.000000 -0.000001 0.000000 0.000000 1.000000 -0.000004 0.000000 0.000000 0.000000 1.000000
1.000000 0.000001 -0.000000 -0.487001 -0.000001 1.000000 -0.000000 -0.000001 0.000000 0.000000 1.000000 -0.000004 0.000000 0.000000 0.000000 1.000000
1.000000 0.000001 -0.000000 -0.487001 -0.000001 1.000000 -0.000000 -0.000001 0.000000 0.000000 1.000000 -0.000004 0.000000 0.000000 0.000000 1.000000
1.000000 0.000001 -0.000000 -0.487001 -0.000001 1.000000 -0.000000 -0.000001 0.000000 0.000000 1.000000 -0.000004 0.000000 0.000000 0.000000 1.000000
1.000000 0.000001 -0.000000 -0.487001 -0.000001 1.000000 -0.000000 -0.000001 0.000000 0.000000 1.000000 -0.000004 0.000000 0.000000 0.000000 1.000000
1.000000 0.000001 -0.000000 -0.487001 -0.000001 1.000000 -0.000000 -0.000001 0.000000 0.000000 1.000000 -0.000004 0.000000 0.000000 0.000000 1.000000
1.000000 0.000001 -0.000000 -0.487001 -0.000001 1.000000 -0.000000 -0.000001 0.000000 0.000000 1.000000 -0.000003 0.000000 0.000000 0.000000 1.000000
1.000000 0.000001 -0.000000 -0.487001 -0.000001 1.000000 -0.000000 -0.000001 0.000000 0.000000 1.000000 -0.000004 0.000000 0.000000 0.000000 1.000000
1.000000 0.000001 -0.000000 -0.487001 -0.000001 1.000000 -0.000000 -0.000001 0.000000 0.000000 1.000000 -0.000004 0.000000 0.000000 0.000000 1.000000</float_array><technique_common><accessor source="#jnt_left_forearmroll-Matrix-animation-output-transform-array" count="48" stride="16"><param type="float4x4"/></accessor></technique_common></source><source id="jnt_left_forearmroll-Interpolations"><Name_array id="jnt_left_forearmroll-Interpolations-array" count="48">
 LINEAR LINEAR LINEAR LINEAR LINEAR LINEAR LINEAR LINEAR LINEAR LINEAR LINEAR
LINEAR LINEAR LINEAR LINEAR LINEAR LINEAR LINEAR LINEAR LINEAR LINEAR LINEAR LINEAR
LINEAR LINEAR LINEAR LINEAR LINEAR LINEAR LINEAR LINEAR LINEAR LINEAR LINEAR LINEAR
LINEAR LINEAR LINEAR LINEAR LINEAR LINEAR LINEAR LINEAR LINEAR LINEAR LINEAR LINEAR
LINEAR</Name_array><technique_common><accessor source="#jnt_left_forearmroll-Interpolations-array" count="48"><param type="name"/></accessor></technique_common></source><sampler id="jnt_left_forearmroll-Matrix-animation-transform"><input semantic="INPUT" source="#jnt_left_forearmroll-Matrix-animation-input"/><input semantic="OUTPUT" source="#jnt_left_forearmroll-Matrix-animation-output-transform"/><input semantic="INTERPOLATION" source="#jnt_left_forearmroll-Interpolations"/></sampler><channel source="#jnt_left_forearmroll-Matrix-animation-transform" target="jnt_left_forearmroll/matrix"/></animation></animation>
    <animation id="jnt_left_hand-anim" name="jnt_left_hand"><animation><source id="jnt_left_hand-Matrix-animation-input"><float_array id="jnt_left_hand-Matrix-animation-input-array" count="48">

0.000000 0.033333 0.066667 0.100000 0.133333 0.166667 0.200000 0.233333 0.266667 0.300000 0.333333 0.366667 0.400000 0.433333 0.466667 0.500000
0.533333 0.566667 0.600000 0.633333 0.666667 0.700000 0.733333 0.766667 0.800000 0.833333 0.866667 0.900000 0.933333 0.966667 1.000000 1.033333
1.066667 1.100000 1.133333 1.166667 1.200000 1.233333 1.266667 1.300000 1.333333 1.366667 1.400000 1.433333 1.466667 1.500000 1.533333 1.566667</float_array><technique_common><accessor source="#jnt_left_hand-Matrix-animation-input-array" count="48"><param name="TIME" type="float"/></accessor></technique_common></source><source id="jnt_left_hand-Matrix-animation-output-transform"><float_array id="jnt_left_hand-Matrix-animation-output-transform-array" count="768">

0.863139 0.403662 0.303395 -0.975262 -0.497300 0.783806 0.371943 -0.000001 -0.087664 -0.471917 0.877274 -0.000001 0.000000 0.000000 0.000000 1.000000
0.880386 0.369087 0.297817 -0.975262 -0.465481 0.792726 0.393590 -0.000001 -0.090818 -0.485140 0.869708 -0.000001 0.000000 0.000000 0.000000 1.000000
0.929493 0.284394 0.234869 -0.975262 -0.363311 0.815787 0.449997 -0.000001 -0.063626 -0.503599 0.861592 -0.000001 0.000000 0.000000 0.000000 1.000000
0.977255 0.198267 0.075250 -0.975262 -0.208634 0.835291 0.508686 -0.000001 0.038000 -0.512815 0.857658 -0.000001 0.000000 0.000000 0.000000 1.000000
0.981390 0.141439 -0.129880 -0.975262 -0.050281 0.842044 0.537060 -0.000001 0.185326 -0.520535 0.833486 -0.000001 0.000000 0.000000 0.000000 1.000000
0.956930 0.110186 -0.268597 -0.975262 0.053505 0.842395 0.536197 -0.000001 0.285347 -0.527474 0.800218 -0.000001 0.000000 0.000000 0.000000 1.000000
0.938990 0.094915 -0.330590 -0.975262 0.101639 0.841670 0.530340 -0.000001 0.328585 -0.531584 0.780673 -0.000001 0.000000 0.000000 0.000000 1.000000
