<?xml version="1.0" encoding="utf-8"?>
<COLLADA xmlns="http://www.collada.org/2005/11/COLLADASchema" version="1.4.1">
  <asset><contributor><author></author><authoring_tool>FBX COLLADA exporter</authoring_tool><comments></comments></contributor><created>2023-03-12T20:53:12Z</created><keywords></keywords><modified>2023-03-12T20:53:12Z</modified><revision></revision><subject></subject><title></title><unit meter="0.010000" name="centimeter"></unit><up_axis>Y_UP</up_axis></asset>
  <library_animations>
    <animation id="Character-anim" name="Character"><animation><source id="Character-Matrix-animation-input"><float_array id="Character-Matrix-animation-input-array" count="18">

0.000000 0.033333 0.066667 0.100000 0.133333 0.166667 0.200000 0.233333 0.266667 0.300000 0.333333 0.366667 0.400000 0.433333 0.466667 0.500000
0.533333 0.566667</float_array><technique_common><accessor source="#Character-Matrix-animation-input-array" count="18"><param name="TIME" type="float"/></accessor></technique_common></source><source id="Character-Matrix-animation-output-transform"><float_array id="Character-Matrix-animation-output-transform-array" count="288">

1.000000 0.000000 0.000000 0.000000 0.000000 1.000000 -0.000000 0.000000 0.000000 0.000000 1.000000 0.000000 0.000000 0.000000 0.000000 1.000000
1.000000 0.000000 0.000000 0.000000 0.000000 1.000000 -0.000000 0.000000 0.000000 0.000000 1.000000 0.000000 0.000000 0.000000 0.000000 1.000000
1.000000 0.000000 0.000000 0.000000 0.000000 1.000000 -0.000000 0.000000 0.000000 0.000000 1.000000 0.000000 0.000000 0.000000 0.000000 1.000000
1.000000 0.000000 0.000000 0.000000 0.000000 1.000000 -0.000000 0.000000 0.000000 0.000000 1.000000 0.000000 0.000000 0.000000 0.000000 1.000000
1.000000 0.000000 0.000000 0.000000 0.000000 1.000000 -0.000000 0.000000 0.000000 0.000000 1.000000 0.000000 0.000000 0.000000 0.000000 1.000000
1.000000 0.000000 0.000000 0.000000 0.000000 1.000000 -0.000000 0.000000 0.000000 0.000000 1.000000 0.000000 0.000000 0.000000 0.000000 1.000000
1.000000 0.000000 0.000000 0.000000 0.000000 1.000000 -0.000000 0.000000 0.000000 0.000000 1.000000 0.000000 0.000000 0.000000 0.000000 1.000000
1.000000 0.000000 0.000000 0.000000 0.000000 1.000000 -0.000000 0.000000 0.000000 0.000000 1.000000 0.000000 0.000000 0.000000 0.000000 1.000000
1.000000 0.000000 0.000000 0.000000 0.000000 1.000000 -0.000000 0.000000 0.000000 0.000000 1.000000 0.000000 0.000000 0.000000 0.000000 1.000000
1.000000 0.000000 0.000000 0.000000 0.000000 1.000000 -0.000000 0.000000 0.000000 0.000000 1.000000 0.000000 0.000000 0.000000 0.000000 1.000000
1.000000 0.000000 0.000000 0.000000 0.000000 1.000000 -0.000000 0.000000 0.000000 0.000000 1.000000 0.000000 0.000000 0.000000 0.000000 1.000000
1.000000 0.000000 0.000000 0.000000 0.000000 1.000000 -0.000000 0.000000 0.000000 0.000000 1.000000 0.000000 0.000000 0.000000 0.000000 1.000000
1.000000 0.000000 0.000000 0.000000 0.000000 1.000000 -0.000000 0.000000 0.000000 0.000000 1.000000 0.000000 0.000000 0.000000 0.000000 1.000000
1.000000 0.000000 0.000000 0.000000 0.000000 1.000000 -0.000000 0.000000 0.000000 0.000000 1.000000 0.000000 0.000000 0.000000 0.000000 1.000000
1.000000 0.000000 0.000000 0.000000 0.000000 1.000000 -0.000000 0.000000 0.000000 0.000000 1.000000 0.000000 0.000000 0.000000 0.000000 1.000000
1.000000 0.000000 0.000000 0.000000 0.000000 1.000000 -0.000000 0.000000 0.000000 0.000000 1.000000 0.000000 0.000000 0.000000 0.000000 1.000000
1.000000 0.000000 0.000000 0.000000 0.000000 1.000000 -0.000000 0.000000 0.000000 0.000000 1.000000 0.000000 0.000000 0.000000 0.000000 1.000000
1.000000 0.000000 0.000000 0.000000 0.000000 1.000000 -0.000000 0.000000 0.000000 0.000000 1.000000 0.000000 0.000000 0.000000 0.000000 1.000000</float_array><technique_common><accessor source="#Character-Matrix-animation-output-transform-array" count="18" stride="16"><param type="float4x4"/></accessor></technique_common></source><source id="Character-Interpolations"><Name_array id="Character-Interpolations-array" count="18">
 LINEAR LINEAR LINEAR LINEAR LINEAR LINEAR LINEAR LINEAR LINEAR LINEAR LINEAR
LINEAR LINEAR LINEAR LINEAR LINEAR LINEAR LINEAR</Name_array><technique_common><accessor source="#Character-Interpolations-array" count="18"><param type="name"/></accessor></technique_common></source><sampler id="Character-Matrix-animation-transform"><input semantic="INPUT" source="#Character-Matrix-animation-input"/><input semantic="OUTPUT" source="#Character-Matrix-animation-output-transform"/><input semantic="INTERPOLATION" source="#Character-Interpolations"/></sampler><channel source="#Character-Matrix-animation-transform" target="Character/matrix"/></animation></animation>
    <animation id="HIK_root_jnt-anim" name="HIK_root_jnt"><animation><source id="HIK_root_jnt-Matrix-animation-input"><float_array id="HIK_root_jnt-Matrix-animation-input-array" count="18">

0.000000 0.033333 0.066667 0.100000 0.133333 0.166667 0.200000 0.233333 0.266667 0.300000 0.333333 0.366667 0.400000 0.433333 0.466667 0.500000
0.533333 0.566667</float_array><technique_common><accessor source="#HIK_root_jnt-Matrix-animation-input-array" count="18"><param name="TIME" type="float"/></accessor></technique_common></source><source id="HIK_root_jnt-Matrix-animation-output-transform"><float_array id="HIK_root_jnt-Matrix-animation-output-transform-array" count="288">

1.000000 0.000000 0.000000 0.000000 0.000000 1.000000 -0.000000 0.000000 0.000000 0.000000 1.000000 0.000000 0.000000 0.000000 0.000000 1.000000
1.000000 0.000000 0.000000 0.000000 0.000000 1.000000 -0.000000 0.000000 0.000000 0.000000 1.000000 0.000000 0.000000 0.000000 0.000000 1.000000
1.000000 0.000000 0.000000 0.000000 0.000000 1.000000 -0.000000 0.000000 0.000000 0.000000 1.000000 0.000000 0.000000 0.000000 0.000000 1.000000
1.000000 0.000000 0.000000 0.000000 0.000000 1.000000 -0.000000 0.000000 0.000000 0.000000 1.000000 0.000000 0.000000 0.000000 0.000000 1.000000
1.000000 0.000000 0.000000 0.000000 0.000000 1.000000 -0.000000 0.000000 0.000000 0.000000 1.000000 0.000000 0.000000 0.000000 0.000000 1.000000
1.000000 0.000000 0.000000 0.000000 0.000000 1.000000 -0.000000 0.000000 0.000000 0.000000 1.000000 0.000000 0.000000 0.000000 0.000000 1.000000
1.000000 0.000000 0.000000 0.000000 0.000000 1.000000 -0.000000 0.000000 0.000000 0.000000 1.000000 0.000000 0.000000 0.000000 0.000000 1.000000
1.000000 0.000000 0.000000 0.000000 0.000000 1.000000 -0.000000 0.000000 0.000000 0.000000 1.000000 0.000000 0.000000 0.000000 0.000000 1.000000
1.000000 0.000000 0.000000 0.000000 0.000000 1.000000 -0.000000 0.000000 0.000000 0.000000 1.000000 0.000000 0.000000 0.000000 0.000000 1.000000
1.000000 0.000000 0.000000 0.000000 0.000000 1.000000 -0.000000 0.000000 0.000000 0.000000 1.000000 0.000000 0.000000 0.000000 0.000000 1.000000
1.000000 0.000000 0.000000 0.000000 0.000000 1.000000 -0.000000 0.000000 0.000000 0.000000 1.000000 0.000000 0.000000 0.000000 0.000000 1.000000
1.000000 0.000000 0.000000 0.000000 0.000000 1.000000 -0.000000 0.000000 0.000000 0.000000 1.000000 0.000000 0.000000 0.000000 0.000000 1.000000
1.000000 0.000000 0.000000 0.000000 0.000000 1.000000 -0.000000 0.000000 0.000000 0.000000 1.000000 0.000000 0.000000 0.000000 0.000000 1.000000
1.000000 0.000000 0.000000 0.000000 0.000000 1.000000 -0.000000 0.000000 0.000000 0.000000 1.000000 0.000000 0.000000 0.000000 0.000000 1.000000
1.000000 0.000000 0.000000 0.000000 0.000000 1.000000 -0.000000 0.000000 0.000000 0.000000 1.000000 0.000000 0.000000 0.000000 0.000000 1.000000
1.000000 0.000000 0.000000 0.000000 0.000000 1.000000 -0.000000 0.000000 0.000000 0.000000 1.000000 0.000000 0.000000 0.000000 0.000000 1.000000
1.000000 0.000000 0.000000 0.000000 0.000000 1.000000 -0.000000 0.000000 0.000000 0.000000 1.000000 0.000000 0.000000 0.000000 0.000000 1.000000
1.000000 0.000000 0.000000 0.000000 0.000000 1.000000 -0.000000 0.000000 0.000000 0.000000 1.000000 0.000000 0.000000 0.000000 0.000000 1.000000</float_array><technique_common><accessor source="#HIK_root_jnt-Matrix-animation-output-transform-array" count="18" stride="16"><param type="float4x4"/></accessor></technique_common></source><source id="HIK_root_jnt-Interpolations"><Name_array id="HIK_root_jnt-Interpolations-array" count="18">
 LINEAR LINEAR LINEAR LINEAR LINEAR LINEAR LINEAR LINEAR LINEAR LINEAR LINEAR
LINEAR LINEAR LINEAR LINEAR LINEAR LINEAR LINEAR</Name_array><technique_common><accessor source="#HIK_root_jnt-Interpolations-array" count="18"><param type="name"/></accessor></technique_common></source><sampler id="HIK_root_jnt-Matrix-animation-transform"><input semantic="INPUT" source="#HIK_root_jnt-Matrix-animation-input"/><input semantic="OUTPUT" source="#HIK_root_jnt-Matrix-animation-output-transform"/><input semantic="INTERPOLATION" source="#HIK_root_jnt-Interpolations"/></sampler><channel source="#HIK_root_jnt-Matrix-animation-transform" target="HIK_root_jnt/matrix"/></animation></animation>
    <animation id="root_jnt-anim" name="root_jnt"><animation><source id="root_jnt-Matrix-animation-input"><float_array id="root_jnt-Matrix-animation-input-array" count="18">

0.000000 0.033333 0.066667 0.100000 0.133333 0.166667 0.200000 0.233333 0.266667 0.300000 0.333333 0.366667 0.400000 0.433333 0.466667 0.500000
0.533333 0.566667</float_array><technique_common><accessor source="#root_jnt-Matrix-animation-input-array" count="18"><param name="TIME" type="float"/></accessor></technique_common></source><source id="root_jnt-Matrix-animation-output-transform"><float_array id="root_jnt-Matrix-animation-output-transform-array" count="288">

1.000000 0.000000 0.000000 0.000000 0.000000 1.000000 -0.000000 0.000000 0.000000 0.000000 1.000000 0.000000 0.000000 0.000000 0.000000 1.000000
1.000000 0.000000 0.000000 0.000000 0.000000 1.000000 -0.000000 0.000000 0.000000 0.000000 1.000000 0.000000 0.000000 0.000000 0.000000 1.000000
1.000000 0.000000 0.000000 0.000000 0.000000 1.000000 -0.000000 0.000000 0.000000 0.000000 1.000000 0.000000 0.000000 0.000000 0.000000 1.000000
1.000000 0.000000 0.000000 0.000000 0.000000 1.000000 -0.000000 0.000000 0.000000 0.000000 1.000000 0.000000 0.000000 0.000000 0.000000 1.000000
1.000000 0.000000 0.000000 0.000000 0.000000 1.000000 -0.000000 0.000000 0.000000 0.000000 1.000000 0.000000 0.000000 0.000000 0.000000 1.000000
1.000000 0.000000 0.000000 0.000000 0.000000 1.000000 -0.000000 0.000000 0.000000 0.000000 1.000000 0.000000 0.000000 0.000000 0.000000 1.000000
1.000000 0.000000 0.000000 0.000000 0.000000 1.000000 -0.000000 0.000000 0.000000 0.000000 1.000000 0.000000 0.000000 0.000000 0.000000 1.000000
1.000000 0.000000 0.000000 0.000000 0.000000 1.000000 -0.000000 0.000000 0.000000 0.000000 1.000000 0.000000 0.000000 0.000000 0.000000 1.000000
1.000000 0.000000 0.000000 0.000000 0.000000 1.000000 -0.000000 0.000000 0.000000 0.000000 1.000000 0.000000 0.000000 0.000000 0.000000 1.000000
1.000000 0.000000 0.000000 0.000000 0.000000 1.000000 -0.000000 0.000000 0.000000 0.000000 1.000000 0.000000 0.000000 0.000000 0.000000 1.000000
1.000000 0.000000 0.000000 0.000000 0.000000 1.000000 -0.000000 0.000000 0.000000 0.000000 1.000000 0.000000 0.000000 0.000000 0.000000 1.000000
1.000000 0.000000 0.000000 0.000000 0.000000 1.000000 -0.000000 0.000000 0.000000 0.000000 1.000000 0.000000 0.000000 0.000000 0.000000 1.000000
1.000000 0.000000 0.000000 0.000000 0.000000 1.000000 -0.000000 0.000000 0.000000 0.000000 1.000000 0.000000 0.000000 0.000000 0.000000 1.000000
1.000000 0.000000 0.000000 0.000000 0.000000 1.000000 -0.000000 0.000000 0.000000 0.000000 1.000000 0.000000 0.000000 0.000000 0.000000 1.000000
1.000000 0.000000 0.000000 0.000000 0.000000 1.000000 -0.000000 0.000000 0.000000 0.000000 1.000000 0.000000 0.000000 0.000000 0.000000 1.000000
1.000000 0.000000 0.000000 0.000000 0.000000 1.000000 -0.000000 0.000000 0.000000 0.000000 1.000000 0.000000 0.000000 0.000000 0.000000 1.000000
1.000000 0.000000 0.000000 0.000000 0.000000 1.000000 -0.000000 0.000000 0.000000 0.000000 1.000000 0.000000 0.000000 0.000000 0.000000 1.000000
1.000000 0.000000 0.000000 0.000000 0.000000 1.000000 -0.000000 0.000000 0.000000 0.000000 1.000000 0.000000 0.000000 0.000000 0.000000 1.000000</float_array><technique_common><accessor source="#root_jnt-Matrix-animation-output-transform-array" count="18" stride="16"><param type="float4x4"/></accessor></technique_common></source><source id="root_jnt-Interpolations"><Name_array id="root_jnt-Interpolations-array" count="18">
 LINEAR LINEAR LINEAR LINEAR LINEAR LINEAR LINEAR LINEAR LINEAR LINEAR LINEAR
LINEAR LINEAR LINEAR LINEAR LINEAR LINEAR LINEAR</Name_array><technique_common><accessor source="#root_jnt-Interpolations-array" count="18"><param type="name"/></accessor></technique_common></source><sampler id="root_jnt-Matrix-animation-transform"><input semantic="INPUT" source="#root_jnt-Matrix-animation-input"/><input semantic="OUTPUT" source="#root_jnt-Matrix-animation-output-transform"/><input semantic="INTERPOLATION" source="#root_jnt-Interpolations"/></sampler><channel source="#root_jnt-Matrix-animation-transform" target="root_jnt/matrix"/></animation></animation>
    <animation id="jnt_hips-anim" name="jnt_hips"><animation><source id="jnt_hips-Matrix-animation-input"><float_array id="jnt_hips-Matrix-animation-input-array" count="18">

0.000000 0.033333 0.066667 0.100000 0.133333 0.166667 0.200000 0.233333 0.266667 0.300000 0.333333 0.366667 0.400000 0.433333 0.466667 0.500000
0.533333 0.566667</float_array><technique_common><accessor source="#jnt_hips-Matrix-animation-input-array" count="18"><param name="TIME" type="float"/></accessor></technique_common></source><source id="jnt_hips-Matrix-animation-output-transform"><float_array id="jnt_hips-Matrix-animation-output-transform-array" count="288">

0.980913 0.022726 -0.193116 -0.000000 -0.029314 0.999079 -0.031327 1.941480 0.192226 0.036390 0.980676 -0.247371 0.000000 0.000000 0.000000 1.000000
0.980916 0.022506 -0.193127 -0.000000 -0.029109 0.999082 -0.031419 1.941480 0.192242 0.036441 0.980671 -0.247371 0.000000 0.000000 0.000000 1.000000
0.980983 0.022800 -0.192751 -0.000000 -0.029372 0.999078 -0.031307 1.941480 0.191860 0.036374 0.980748 -0.247371 0.000000 0.000000 0.000000 1.000000
0.981180 0.024461 -0.191538 -0.000000 -0.031040 0.999024 -0.031420 1.941480 0.190583 0.036774 0.980982 -0.247371 0.000000 0.000000 0.000000 1.000000
0.981252 0.025396 -0.191048 -0.000000 -0.031776 0.999032 -0.030405 1.941480 0.190091 0.035906 0.981110 -0.247371 0.000000 0.000000 0.000000 1.000000
0.981043 0.023988 -0.192300 -0.000000 -0.029856 0.999171 -0.027673 1.941480 0.191477 0.032890 0.980946 -0.247371 0.000000 0.000000 0.000000 1.000000
0.980738 0.021523 -0.194139 -0.000000 -0.026932 0.999318 -0.025265 1.941480 0.193463 0.030007 0.980649 -0.247371 0.000000 0.000000 0.000000 1.000000
0.980575 0.020158 -0.195107 -0.000000 -0.025334 0.999389 -0.024073 1.941480 0.194503 0.028548 0.980486 -0.247371 0.000000 0.000000 0.000000 1.000000
0.980660 0.020287 -0.194663 -0.000000 -0.025569 0.999369 -0.024663 1.941480 0.194040 0.029164 0.980560 -0.247371 0.000000 0.000000 0.000000 1.000000
0.980831 0.020416 -0.193787 -0.000000 -0.026020 0.999312 -0.026419 1.941480 0.193115 0.030955 0.980688 -0.247371 0.000000 0.000000 0.000000 1.000000
0.980953 0.020478 -0.193161 -0.000000 -0.026346 0.999265 -0.027859 1.941480 0.192448 0.032417 0.980772 -0.247371 0.000000 0.000000 0.000000 1.000000
0.980933 0.020927 -0.193216 -0.000000 -0.026622 0.999283 -0.026923 1.941480 0.192514 0.031553 0.980787 -0.247371 0.000000 0.000000 0.000000 1.000000
0.980815 0.021495 -0.193752 -0.000000 -0.026914 0.999315 -0.025382 1.941480 0.193074 0.030109 0.980722 -0.247371 0.000000 0.000000 0.000000 1.000000
0.980702 0.021691 -0.194300 -0.000000 -0.027274 0.999287 -0.026101 1.941480 0.193595 0.030897 0.980595 -0.247371 0.000000 0.000000 0.000000 1.000000
0.980626 0.021863 -0.194666 -0.000000 -0.027848 0.999218 -0.028062 1.941480 0.193900 0.032939 0.980468 -0.247371 0.000000 0.000000 0.000000 1.000000
0.980612 0.022209 -0.194696 -0.000000 -0.028573 0.999143 -0.029941 1.941480 0.193864 0.034923 0.980407 -0.247371 0.000000 0.000000 0.000000 1.000000
0.980705 0.022627 -0.194179 -0.000000 -0.029143 0.999102 -0.030769 1.941480 0.193309 0.035835 0.980483 -0.247371 0.000000 0.000000 0.000000 1.000000
0.980844 0.022789 -0.193455 -0.000000 -0.029347 0.999085 -0.031103 1.941480 0.192570 0.036184 0.980616 -0.247371 0.000000 0.000000 0.000000 1.000000</float_array><technique_common><accessor source="#jnt_hips-Matrix-animation-output-transform-array" count="18" stride="16"><param type="float4x4"/></accessor></technique_common></source><source id="jnt_hips-Interpolations"><Name_array id="jnt_hips-Interpolations-array" count="18">
 LINEAR LINEAR LINEAR LINEAR LINEAR LINEAR LINEAR LINEAR LINEAR LINEAR LINEAR
LINEAR LINEAR LINEAR LINEAR LINEAR LINEAR LINEAR</Name_array><technique_common><accessor source="#jnt_hips-Interpolations-array" count="18"><param type="name"/></accessor></technique_common></source><sampler id="jnt_hips-Matrix-animation-transform"><input semantic="INPUT" source="#jnt_hips-Matrix-animation-input"/><input semantic="OUTPUT" source="#jnt_hips-Matrix-animation-output-transform"/><input semantic="INTERPOLATION" source="#jnt_hips-Interpolations"/></sampler><channel source="#jnt_hips-Matrix-animation-transform" target="jnt_hips/matrix"/></animation></animation>
    <animation id="jnt_height-anim" name="jnt_height"><animation><source id="jnt_height-Matrix-animation-input"><float_array id="jnt_height-Matrix-animation-input-array" count="18">

0.000000 0.033333 0.066667 0.100000 0.133333 0.166667 0.200000 0.233333 0.266667 0.300000 0.333333 0.366667 0.400000 0.433333 0.466667 0.500000
0.533333 0.566667</float_array><technique_common><accessor source="#jnt_height-Matrix-animation-input-array" count="18"><param name="TIME" type="float"/></accessor></technique_common></source><source id="jnt_height-Matrix-animation-output-transform"><float_array id="jnt_height-Matrix-animation-output-transform-array" count="288">

0.999357 0.029747 0.020022 -0.000000 -0.029111 0.999085 -0.031332 -0.000000 -0.020936 0.030729 0.999308 0.000000 0.000000 0.000000 0.000000 1.000000
0.999363 0.029548 0.020001 0.000000 -0.028910 0.999088 -0.031426 -0.000000 -0.020912 0.030828 0.999306 0.000000 0.000000 0.000000 0.000000 1.000000
0.999348 0.029820 0.020378 -0.000000 -0.029174 0.999083 -0.031317 -0.000000 -0.021294 0.030702 0.999302 -0.000000 0.000000 0.000000 0.000000 1.000000
0.999269 0.031505 0.021646 -0.000000 -0.030817 0.999031 -0.031430 -0.000000 -0.022615 0.030740 0.999272 -0.000000 0.000000 0.000000 0.000000 1.000000
0.999235 0.032214 0.022190 -0.000000 -0.031533 0.999040 -0.030410 -0.000000 -0.023148 0.029687 0.999291 0.000000 0.000000 0.000000 0.000000 1.000000
0.999324 0.030210 0.020925 0.000000 -0.029626 0.999178 -0.027667 -0.000000 -0.021744 0.027029 0.999398 0.000000 0.000000 0.000000 0.000000 1.000000
0.999448 0.027209 0.019043 0.000000 -0.026725 0.999324 -0.025251 0.000000 -0.019717 0.024728 0.999500 0.000000 0.000000 0.000000 0.000000 1.000000
0.999510 0.025573 0.018052 -0.000000 -0.025136 0.999394 -0.024055 -0.000000 -0.018656 0.023590 0.999548 0.000000 0.000000 0.000000 0.000000 1.000000
0.999495 0.025826 0.018501 -0.000000 -0.025367 0.999374 -0.024647 0.000000 -0.019126 0.024166 0.999525 0.000000 0.000000 0.000000 0.000000 1.000000
0.999466 0.026329 0.019376 0.000000 -0.025813 0.999318 -0.026408 -0.000000 -0.020058 0.025894 0.999463 -0.000000 0.000000 0.000000 0.000000 1.000000
0.999444 0.026703 0.019987 -0.000000 -0.026142 0.999270 -0.027854 -0.000000 -0.020717 0.027316 0.999412 0.000000 0.000000 0.000000 0.000000 1.000000
0.999438 0.026974 0.019910 0.000000 -0.026433 0.999288 -0.026925 -0.000000 -0.020623 0.026383 0.999439 0.000000 0.000000 0.000000 0.000000 1.000000
0.999441 0.027240 0.019349 -0.000000 -0.026745 0.999320 -0.025389 -0.000000 -0.020028 0.024857 0.999490 0.000000 0.000000 0.000000 0.000000 1.000000
0.999442 0.027612 0.018772 0.000000 -0.027118 0.999291 -0.026113 0.000000 -0.019480 0.025589 0.999483 0.000000 0.000000 0.000000 0.000000 1.000000
0.999433 0.028220 0.018382 -0.000000 -0.027698 0.999222 -0.028076 -0.000000 -0.019160 0.027551 0.999437 0.000000 0.000000 0.000000 0.000000 1.000000
0.999412 0.028978 0.018345 0.000000 -0.028421 0.999147 -0.029956 -0.000000 -0.019198 0.029417 0.999383 -0.000000 0.000000 0.000000 0.000000 1.000000
0.999384 0.029566 0.018890 0.000000 -0.028976 0.999106 -0.030783 -0.000000 -0.019783 0.030217 0.999347 -0.000000 0.000000 0.000000 0.000000 1.000000
0.999363 0.029778 0.019660 0.000000 -0.029158 0.999090 -0.031111 -0.000000 -0.020568 0.030518 0.999322 -0.000000 0.000000 0.000000 0.000000 1.000000</float_array><technique_common><accessor source="#jnt_height-Matrix-animation-output-transform-array" count="18" stride="16"><param type="float4x4"/></accessor></technique_common></source><source id="jnt_height-Interpolations"><Name_array id="jnt_height-Interpolations-array" count="18">
 LINEAR LINEAR LINEAR LINEAR LINEAR LINEAR LINEAR LINEAR LINEAR LINEAR LINEAR
LINEAR LINEAR LINEAR LINEAR LINEAR LINEAR LINEAR</Name_array><technique_common><accessor source="#jnt_height-Interpolations-array" count="18"><param type="name"/></accessor></technique_common></source><sampler id="jnt_height-Matrix-animation-transform"><input semantic="INPUT" source="#jnt_height-Matrix-animation-input"/><input semantic="OUTPUT" source="#jnt_height-Matrix-animation-output-transform"/><input semantic="INTERPOLATION" source="#jnt_height-Interpolations"/></sampler><channel source="#jnt_height-Matrix-animation-transform" target="jnt_height/matrix"/></animation></animation>
    <animation id="jnt_spine1-anim" name="jnt_spine1"><animation><source id="jnt_spine1-Matrix-animation-input"><float_array id="jnt_spine1-Matrix-animation-input-array" count="18">

0.000000 0.033333 0.066667 0.100000 0.133333 0.166667 0.200000 0.233333 0.266667 0.300000 0.333333 0.366667 0.400000 0.433333 0.466667 0.500000
0.533333 0.566667</float_array><technique_common><accessor source="#jnt_spine1-Matrix-animation-input-array" count="18"><param name="TIME" type="float"/></accessor></technique_common></source><source id="jnt_spine1-Matrix-animation-output-transform"><float_array id="jnt_spine1-Matrix-animation-output-transform-array" count="288">

0.030545 0.019400 0.999345 -0.005844 0.999534 -0.000477 -0.030542 0.209026 -0.000115 0.999812 -0.019406 0.038786 0.000000 0.000000 0.000000 1.000000
0.029819 0.019276 0.999370 -0.005844 0.999556 -0.000275 -0.029820 0.209026 -0.000300 0.999814 -0.019275 0.038786 0.000000 0.000000 0.000000 1.000000
0.029169 0.019488 0.999385 -0.005844 0.999575 -0.000145 -0.029172 0.209026 -0.000423 0.999810 -0.019484 0.038786 0.000000 0.000000 0.000000 1.000000
0.030560 0.020737 0.999318 -0.005844 0.999533 -0.000625 -0.030553 0.209026 -0.000009 0.999785 -0.020747 0.038786 0.000000 0.000000 0.000000 1.000000
0.032650 0.021554 0.999235 -0.005844 0.999467 -0.000037 -0.032657 0.209026 -0.000667 0.999768 -0.021544 0.038786 0.000000 0.000000 0.000000 1.000000
0.033466 0.020776 0.999224 -0.005844 0.999435 0.002535 -0.033526 0.209026 -0.003230 0.999781 -0.020679 0.038786 0.000000 0.000000 0.000000 1.000000
0.033593 0.019420 0.999247 -0.005844 0.999416 0.005581 -0.033707 0.209026 -0.006231 0.999796 -0.019221 0.038786 0.000000 0.000000 0.000000 1.000000
0.033570 0.018698 0.999262 -0.005844 0.999403 0.007544 -0.033716 0.209026 -0.008169 0.999797 -0.018434 0.038786 0.000000 0.000000 0.000000 1.000000
0.033133 0.019017 0.999270 -0.005844 0.999418 0.007458 -0.033280 0.209026 -0.008086 0.999791 -0.018759 0.038786 0.000000 0.000000 0.000000 1.000000
0.031894 0.019567 0.999300 -0.005844 0.999468 0.006222 -0.032021 0.209026 -0.006844 0.999789 -0.019358 0.038786 0.000000 0.000000 0.000000 1.000000
0.030162 0.019788 0.999350 -0.005844 0.999529 0.005055 -0.030267 0.209026 -0.005650 0.999792 -0.019626 0.038786 0.000000 0.000000 0.000000 1.000000
0.028350 0.019335 0.999412 -0.005844 0.999582 0.005204 -0.028455 0.209026 -0.005751 0.999800 -0.019179 0.038786 0.000000 0.000000 0.000000 1.000000
0.026762 0.018444 0.999472 -0.005844 0.999624 0.005523 -0.026868 0.209026 -0.006015 0.999815 -0.018289 0.038786 0.000000 0.000000 0.000000 1.000000
0.025612 0.017593 0.999517 -0.005844 0.999661 0.004381 -0.025693 0.209026 -0.004830 0.999836 -0.017475 0.038786 0.000000 0.000000 0.000000 1.000000
0.025196 0.017024 0.999538 -0.005844 0.999679 0.002404 -0.025241 0.209026 -0.002833 0.999852 -0.016958 0.038786 0.000000 0.000000 0.000000 1.000000
0.025698 0.016960 0.999526 -0.005844 0.999670 0.000197 -0.025705 0.209026 -0.000632 0.999856 -0.016949 0.038786 0.000000 0.000000 0.000000 1.000000
0.027409 0.017727 0.999468 -0.005844 0.999624 -0.000926 -0.027397 0.209026 0.000440 0.999843 -0.017745 0.038786 0.000000 0.000000 0.000000 1.000000
0.029516 0.018847 0.999387 -0.005844 0.999564 -0.000798 -0.029507 0.209026 0.000242 0.999822 -0.018862 0.038786 0.000000 0.000000 0.000000 1.000000</float_array><technique_common><accessor source="#jnt_spine1-Matrix-animation-output-transform-array" count="18" stride="16"><param type="float4x4"/></accessor></technique_common></source><source id="jnt_spine1-Interpolations"><Name_array id="jnt_spine1-Interpolations-array" count="18">
 LINEAR LINEAR LINEAR LINEAR LINEAR LINEAR LINEAR LINEAR LINEAR LINEAR LINEAR
LINEAR LINEAR LINEAR LINEAR LINEAR LINEAR LINEAR</Name_array><technique_common><accessor source="#jnt_spine1-Interpolations-array" count="18"><param type="name"/></accessor></technique_common></source><sampler id="jnt_spine1-Matrix-animation-transform"><input semantic="INPUT" source="#jnt_spine1-Matrix-animation-input"/><input semantic="OUTPUT" source="#jnt_spine1-Matrix-animation-output-transform"/><input semantic="INTERPOLATION" source="#jnt_spine1-Interpolations"/></sampler><channel source="#jnt_spine1-Matrix-animation-transform" target="jnt_spine1/matrix"/></animation></animation>
    <animation id="jnt_spine2-anim" name="jnt_spine2"><animation><source id="jnt_spine2-Matrix-animation-input"><float_array id="jnt_spine2-Matrix-animation-input-array" count="18">

0.000000 0.033333 0.066667 0.100000 0.133333 0.166667 0.200000 0.233333 0.266667 0.300000 0.333333 0.366667 0.400000 0.433333 0.466667 0.500000
0.533333 0.566667</float_array><technique_common><accessor source="#jnt_spine2-Matrix-animation-input-array" count="18"><param name="TIME" type="float"/></accessor></technique_common></source><source id="jnt_spine2-Matrix-animation-output-transform"><float_array id="jnt_spine2-Matrix-animation-output-transform-array" count="288">

0.978060 -0.204247 -0.040999 0.354983 0.199629 0.975176 -0.095814 0.078525 0.059551 0.085527 0.994554 0.012378 0.000000 0.000000 0.000000 1.000000
0.979685 -0.194742 -0.047880 0.354983 0.190127 0.977886 -0.087121 0.078525 0.063788 0.076248 0.995046 0.012378 0.000000 0.000000 0.000000 1.000000
0.982172 -0.177706 -0.061311 0.354983 0.173713 0.982630 -0.065283 0.078525 0.071847 0.053469 0.995981 0.012378 0.000000 0.000000 0.000000 1.000000
0.983107 -0.168657 -0.071089 0.354983 0.166356 0.985364 -0.037178 0.078525 0.076319 0.024724 0.996777 0.012378 0.000000 0.000000 0.000000 1.000000
0.982700 -0.170959 -0.071216 0.354983 0.170849 0.985267 -0.007685 0.078525 0.071480 -0.004615 0.997431 0.012378 0.000000 0.000000 0.000000 1.000000
0.982146 -0.176184 -0.065941 0.354983 0.177818 0.983865 0.019740 0.078525 0.061399 -0.031113 0.997628 0.012378 0.000000 0.000000 0.000000 1.000000
0.981568 -0.181292 -0.060471 0.354983 0.183858 0.982141 0.039935 0.078525 0.052151 -0.050317 0.997371 0.012378 0.000000 0.000000 0.000000 1.000000
0.980996 -0.185045 -0.058353 0.354983 0.187893 0.981026 0.047787 0.078525 0.048403 -0.057843 0.997151 0.012378 0.000000 0.000000 0.000000 1.000000
0.980455 -0.188202 -0.057332 0.354983 0.190726 0.980734 0.042245 0.078525 0.048277 -0.052354 0.997461 0.012378 0.000000 0.000000 0.000000 1.000000
0.979993 -0.191359 -0.054721 0.354983 0.192997 0.980845 0.026355 0.078525 0.048630 -0.036389 0.998154 0.012378 0.000000 0.000000 0.000000 1.000000
0.979601 -0.194042 -0.052230 0.354983 0.194375 0.980926 0.001324 0.078525 0.050977 -0.011449 0.998634 0.012378 0.000000 0.000000 0.000000 1.000000
0.979139 -0.196695 -0.050960 0.354983 0.195268 0.980239 -0.031657 0.078525 0.056180 0.021045 0.998199 0.012378 0.000000 0.000000 0.000000 1.000000
0.979985 -0.192262 -0.051621 0.354983 0.188454 0.979539 -0.070630 0.078525 0.064144 0.059489 0.996166 0.012378 0.000000 0.000000 0.000000 1.000000
0.982387 -0.178842 -0.054131 0.354983 0.172245 0.979041 -0.108669 0.078525 0.072431 0.097432 0.992603 0.012378 0.000000 0.000000 0.000000 1.000000
0.984550 -0.165401 -0.057468 0.354983 0.156293 0.978097 -0.137470 0.078525 0.078946 0.126364 0.988837 0.012378 0.000000 0.000000 0.000000 1.000000
0.985093 -0.161309 -0.059755 0.354983 0.150976 0.977228 -0.149102 0.078525 0.082445 0.137857 0.987015 0.012378 0.000000 0.000000 0.000000 1.000000
0.983158 -0.174277 -0.055013 0.354983 0.165564 0.976824 -0.135657 0.078525 0.077380 0.124264 0.989227 0.012378 0.000000 0.000000 0.000000 1.000000
0.979892 -0.194223 -0.045701 0.354983 0.188315 0.975942 -0.109882 0.078525 0.065943 0.099066 0.992893 0.012378 0.000000 0.000000 0.000000 1.000000</float_array><technique_common><accessor source="#jnt_spine2-Matrix-animation-output-transform-array" count="18" stride="16"><param type="float4x4"/></accessor></technique_common></source><source id="jnt_spine2-Interpolations"><Name_array id="jnt_spine2-Interpolations-array" count="18">
 LINEAR LINEAR LINEAR LINEAR LINEAR LINEAR LINEAR LINEAR LINEAR LINEAR LINEAR
LINEAR LINEAR LINEAR LINEAR LINEAR LINEAR LINEAR</Name_array><technique_common><accessor source="#jnt_spine2-Interpolations-array" count="18"><param type="name"/></accessor></technique_common></source><sampler id="jnt_spine2-Matrix-animation-transform"><input semantic="INPUT" source="#jnt_spine2-Matrix-animation-input"/><input semantic="OUTPUT" source="#jnt_spine2-Matrix-animation-output-transform"/><input semantic="INTERPOLATION" source="#jnt_spine2-Interpolations"/></sampler><channel source="#jnt_spine2-Matrix-animation-transform" target="jnt_spine2/matrix"/></animation></animation>
    <animation id="jnt_spine3-anim" name="jnt_spine3"><animation><source id="jnt_spine3-Matrix-animation-input"><float_array id="jnt_spine3-Matrix-animation-input-array" count="18">

0.000000 0.033333 0.066667 0.100000 0.133333 0.166667 0.200000 0.233333 0.266667 0.300000 0.333333 0.366667 0.400000 0.433333 0.466667 0.500000
0.533333 0.566667</float_array><technique_common><accessor source="#jnt_spine3-Matrix-animation-input-array" count="18"><param name="TIME" type="float"/></accessor></technique_common></source><source id="jnt_spine3-Matrix-animation-output-transform"><float_array id="jnt_spine3-Matrix-animation-output-transform-array" count="288">

0.994318 0.020879 0.104378 0.731285 -0.066487 0.887582 0.455825 0.103436 -0.083127 -0.460175 0.883928 -0.045185 0.000000 0.000000 0.000000 1.000000
0.996076 0.003247 0.088443 0.728582 -0.043454 0.888522 0.456771 0.119408 -0.077100 -0.458822 0.885177 -0.040026 0.000000 0.000000 0.000000 1.000000
0.997775 -0.031255 0.058894 0.723563 0.000876 0.889387 0.457153 0.149071 -0.066668 -0.456084 0.887436 -0.030444 0.000000 0.000000 0.000000 1.000000
0.997781 -0.050742 0.043103 0.720860 0.025524 0.889480 0.456260 0.165043 -0.061491 -0.454148 0.888802 -0.025285 0.000000 0.000000 0.000000 1.000000
0.997827 -0.042037 0.050723 0.722022 0.014304 0.889832 0.456063 0.157933 -0.064306 -0.454347 0.888500 -0.027970 0.000000 0.000000 0.000000 1.000000
0.997518 -0.020649 0.067317 0.724579 -0.012353 0.889885 0.456019 0.142292 -0.069321 -0.455718 0.887421 -0.033877 0.000000 0.000000 0.000000 1.000000
0.996468 0.003900 0.083878 0.727135 -0.041810 0.889334 0.455343 0.126650 -0.072820 -0.457242 0.886356 -0.039784 0.000000 0.000000 0.000000 1.000000
0.995675 0.016763 0.091381 0.728297 -0.056705 0.888776 0.454819 0.119540 -0.073594 -0.458033 0.885883 -0.042469 0.000000 0.000000 0.000000 1.000000
0.996467 0.006937 0.083694 0.727050 -0.044441 0.889163 0.455428 0.126904 -0.071259 -0.457538 0.886330 -0.039812 0.000000 0.000000 0.000000 1.000000
0.997641 -0.015885 0.066789 0.724308 -0.016378 0.889698 0.456256 0.143104 -0.066669 -0.456274 0.887338 -0.033966 0.000000 0.000000 0.000000 1.000000
0.997996 -0.038955 0.049861 0.721567 0.011909 0.889573 0.456638 0.159305 -0.062143 -0.455129 0.888255 -0.028121 0.000000 0.000000 0.000000 1.000000
0.997739 -0.052387 0.042099 0.720321 0.027381 0.888925 0.457234 0.166668 -0.061376 -0.455048 0.888350 -0.025464 0.000000 0.000000 0.000000 1.000000
0.997519 -0.054831 0.044166 0.720637 0.028561 0.888500 0.457987 0.165493 -0.064353 -0.455589 0.887861 -0.026624 0.000000 0.000000 0.000000 1.000000
0.997453 -0.050568 0.050287 0.721583 0.021953 0.888617 0.458124 0.161416 -0.067852 -0.455854 0.887464 -0.029584 0.000000 0.000000 0.000000 1.000000
0.997392 -0.040130 0.059983 0.723155 0.008246 0.889071 0.457696 0.153617 -0.071697 -0.456007 0.887083 -0.033568 0.000000 0.000000 0.000000 1.000000
0.997024 -0.025424 0.072773 0.725349 -0.010654 0.889536 0.456740 0.141272 -0.076346 -0.456156 0.886619 -0.037797 0.000000 0.000000 0.000000 1.000000
0.996162 -0.006897 0.087256 0.728001 -0.033790 0.889304 0.456065 0.124844 -0.080743 -0.457263 0.885658 -0.041531 0.000000 0.000000 0.000000 1.000000
0.994987 0.011659 0.099327 0.730302 -0.055919 0.888276 0.455893 0.109936 -0.082915 -0.459162 0.884475 -0.044179 0.000000 0.000000 0.000000 1.000000</float_array><technique_common><accessor source="#jnt_spine3-Matrix-animation-output-transform-array" count="18" stride="16"><param type="float4x4"/></accessor></technique_common></source><source id="jnt_spine3-Interpolations"><Name_array id="jnt_spine3-Interpolations-array" count="18">
 LINEAR LINEAR LINEAR LINEAR LINEAR LINEAR LINEAR LINEAR LINEAR LINEAR LINEAR
LINEAR LINEAR LINEAR LINEAR LINEAR LINEAR LINEAR</Name_array><technique_common><accessor source="#jnt_spine3-Interpolations-array" count="18"><param type="name"/></accessor></technique_common></source><sampler id="jnt_spine3-Matrix-animation-transform"><input semantic="INPUT" source="#jnt_spine3-Matrix-animation-input"/><input semantic="OUTPUT" source="#jnt_spine3-Matrix-animation-output-transform"/><input semantic="INTERPOLATION" source="#jnt_spine3-Interpolations"/></sampler><channel source="#jnt_spine3-Matrix-animation-transform" target="jnt_spine3/matrix"/></animation></animation>
    <animation id="jnt_neck-anim" name="jnt_neck"><animation><source id="jnt_neck-Matrix-animation-input"><float_array id="jnt_neck-Matrix-animation-input-array" count="18">

0.000000 0.033333 0.066667 0.100000 0.133333 0.166667 0.200000 0.233333 0.266667 0.300000 0.333333 0.366667 0.400000 0.433333 0.466667 0.500000
0.533333 0.566667</float_array><technique_common><accessor source="#jnt_neck-Matrix-animation-input-array" count="18"><param name="TIME" type="float"/></accessor></technique_common></source><source id="jnt_neck-Matrix-animation-output-transform"><float_array id="jnt_neck-Matrix-animation-output-transform-array" count="288">

0.980460 0.081474 0.179055 0.867451 0.031951 0.832164 -0.553607 0.171572 -0.194108 0.548511 0.813300 -0.000000 0.000000 0.000000 0.000000 1.000000
0.975085 0.108157 0.193674 0.867449 0.020682 0.824954 -0.564822 0.171573 -0.220862 0.554756 0.802163 0.000000 0.000000 0.000000 0.000000 1.000000
0.962069 0.161270 0.220034 0.867450 -0.000478 0.807554 -0.589794 0.171573 -0.272805 0.567318 0.776999 -0.000000 0.000000 0.000000 0.000000 1.000000
0.951360 0.194652 0.238796 0.867450 -0.007210 0.788968 -0.614392 0.171573 -0.307995 0.582787 0.751996 -0.000000 0.000000 0.000000 0.000000 1.000000
0.957576 0.170052 0.232659 0.867450 0.015627 0.775510 -0.631142 0.171573 -0.287756 0.608003 0.739952 0.000000 0.000000 0.000000 0.000000 1.000000
0.973006 0.103778 0.206128 0.867450 0.054757 0.763860 -0.643055 0.171573 -0.224188 0.636983 0.737558 0.000000 0.000000 0.000000 0.000000 1.000000
0.983317 0.031451 0.179161 0.867451 0.094454 0.753458 -0.650676 0.171572 -0.155455 0.656744 0.737917 -0.000000 0.000000 0.000000 0.000000 1.000000
0.985799 -0.002735 0.167907 0.867451 0.113357 0.748529 -0.653340 0.171572 -0.123896 0.663096 0.738209 -0.000000 0.000000 0.000000 0.000000 1.000000
0.985684 0.030747 0.165775 0.867450 0.085969 0.754161 -0.651037 0.171573 -0.145039 0.655969 0.740721 0.000000 0.000000 0.000000 0.000000 1.000000
0.981449 0.102646 0.161933 0.867449 0.026283 0.764603 -0.643966 0.171572 -0.189915 0.636276 0.747720 -0.000000 0.000000 0.000000 0.000000 1.000000
0.971444 0.172519 0.162888 0.867449 -0.031707 0.774757 -0.631464 0.171573 -0.235138 0.608268 0.758103 0.000000 0.000000 0.000000 0.000000 1.000000
0.963601 0.204809 0.171831 0.867450 -0.058015 0.787614 -0.613432 0.171573 -0.260973 0.581135 0.770828 -0.000000 0.000000 0.000000 0.000000 1.000000
0.962232 0.195506 0.189437 0.867449 -0.048089 0.807001 -0.588588 0.171572 -0.267948 0.557249 0.785924 0.000000 0.000000 0.000000 0.000000 1.000000
0.962896 0.168817 0.210549 0.867450 -0.022673 0.828033 -0.560221 0.171572 -0.268916 0.534661 0.801137 0.000000 0.000000 0.000000 0.000000 1.000000
0.964261 0.135209 0.227857 0.867450 0.008076 0.844591 -0.535351 0.171572 -0.264831 0.518058 0.813314 -0.000000 0.000000 0.000000 0.000000 1.000000
0.966302 0.106967 0.234132 0.867449 0.032197 0.852201 -0.522224 0.171573 -0.255389 0.512164 0.820039 0.000000 0.000000 0.000000 0.000000 1.000000
0.971512 0.091770 0.218502 0.867450 0.038769 0.848023 -0.528540 0.171572 -0.233799 0.521954 0.820306 -0.000000 0.000000 0.000000 0.000000 1.000000
0.977723 0.084516 0.192135 0.867450 0.034602 0.837938 -0.544668 0.171573 -0.207030 0.539182 0.816346 0.000000 0.000000 0.000000 0.000000 1.000000</float_array><technique_common><accessor source="#jnt_neck-Matrix-animation-output-transform-array" count="18" stride="16"><param type="float4x4"/></accessor></technique_common></source><source id="jnt_neck-Interpolations"><Name_array id="jnt_neck-Interpolations-array" count="18">
 LINEAR LINEAR LINEAR LINEAR LINEAR LINEAR LINEAR LINEAR LINEAR LINEAR LINEAR
LINEAR LINEAR LINEAR LINEAR LINEAR LINEAR LINEAR</Name_array><technique_common><accessor source="#jnt_neck-Interpolations-array" count="18"><param type="name"/></accessor></technique_common></source><sampler id="jnt_neck-Matrix-animation-transform"><input semantic="INPUT" source="#jnt_neck-Matrix-animation-input"/><input semantic="OUTPUT" source="#jnt_neck-Matrix-animation-output-transform"/><input semantic="INTERPOLATION" source="#jnt_neck-Interpolations"/></sampler><channel source="#jnt_neck-Matrix-animation-transform" target="jnt_neck/matrix"/></animation></animation>
    <animation id="jnt_head-anim" name="jnt_head"><animation><source id="jnt_head-Matrix-animation-input"><float_array id="jnt_head-Matrix-animation-input-array" count="18">

0.000000 0.033333 0.066667 0.100000 0.133333 0.166667 0.200000 0.233333 0.266667 0.300000 0.333333 0.366667 0.400000 0.433333 0.466667 0.500000
0.533333 0.566667</float_array><technique_common><accessor source="#jnt_head-Matrix-animation-input-array" count="18"><param name="TIME" type="float"/></accessor></technique_common></source><source id="jnt_head-Matrix-animation-output-transform"><float_array id="jnt_head-Matrix-animation-output-transform-array" count="288">

0.993173 0.106283 -0.048072 0.273591 -0.109841 0.990830 -0.078682 0.000002 0.039269 0.083425 0.995740 -0.000000 0.000000 0.000000 0.000000 1.000000
0.993227 0.102581 -0.054567 0.273591 -0.106591 0.991355 -0.076509 0.000002 0.046247 0.081807 0.995575 0.000000 0.000000 0.000000 0.000000 1.000000
0.993307 0.094430 -0.066519 0.273592 -0.099224 0.992392 -0.072891 0.000001 0.059129 0.079003 0.995119 -0.000000 0.000000 0.000000 0.000000 1.000000
