<?xml version="1.0" encoding="utf-8"?>
<COLLADA xmlns="http://www.collada.org/2005/11/COLLADASchema" version="1.4.1">
  <asset><contributor><author></author><authoring_tool>FBX COLLADA exporter</authoring_tool><comments></comments></contributor><created>2023-06-28T21:09:07Z</created><keywords></keywords><modified>2023-06-28T21:09:07Z</modified><revision></revision><subject></subject><title></title><unit meter="0.010000" name="centimeter"></unit><up_axis>Y_UP</up_axis></asset>
  <library_animations>
    <animation id="Character-anim" name="Character"><animation><source id="Character-Matrix-animation-input"><float_array id="Character-Matrix-animation-input-array" count="15">

0.000000 0.033333 0.066667 0.100000 0.133333 0.166667 0.200000 0.233333 0.266667 0.300000 0.333333 0.366667 0.400000 0.433333 0.466667</float_array><technique_common><accessor source="#Character-Matrix-animation-input-array" count="15"><param name="TIME" type="float"/></accessor></technique_common></source><source id="Character-Matrix-animation-output-transform"><float_array id="Character-Matrix-animation-output-transform-array" count="240">

1.000000 0.000000 0.000000 0.000000 0.000000 1.000000 -0.000000 0.000000 0.000000 0.000000 1.000000 0.000000 0.000000 0.000000 0.000000 1.000000
1.000000 0.000000 0.000000 0.000000 0.000000 1.000000 -0.000000 0.000000 0.000000 0.000000 1.000000 0.000000 0.000000 0.000000 0.000000 1.000000
1.000000 0.000000 0.000000 0.000000 0.000000 1.000000 -0.000000 0.000000 0.000000 0.000000 1.000000 0.000000 0.000000 0.000000 0.000000 1.000000
1.000000 0.000000 0.000000 0.000000 0.000000 1.000000 -0.000000 0.000000 0.000000 0.000000 1.000000 0.000000 0.000000 0.000000 0.000000 1.000000
1.000000 0.000000 0.000000 0.000000 0.000000 1.000000 -0.000000 0.000000 0.000000 0.000000 1.000000 0.000000 0.000000 0.000000 0.000000 1.000000
1.000000 0.000000 0.000000 0.000000 0.000000 1.000000 -0.000000 0.000000 0.000000 0.000000 1.000000 0.000000 0.000000 0.000000 0.000000 1.000000
1.000000 0.000000 0.000000 0.000000 0.000000 1.000000 -0.000000 0.000000 0.000000 0.000000 1.000000 0.000000 0.000000 0.000000 0.000000 1.000000
1.000000 0.000000 0.000000 0.000000 0.000000 1.000000 -0.000000 0.000000 0.000000 0.000000 1.000000 0.000000 0.000000 0.000000 0.000000 1.000000
1.000000 0.000000 0.000000 0.000000 0.000000 1.000000 -0.000000 0.000000 0.000000 0.000000 1.000000 0.000000 0.000000 0.000000 0.000000 1.000000
1.000000 0.000000 0.000000 0.000000 0.000000 1.000000 -0.000000 0.000000 0.000000 0.000000 1.000000 0.000000 0.000000 0.000000 0.000000 1.000000
1.000000 0.000000 0.000000 0.000000 0.000000 1.000000 -0.000000 0.000000 0.000000 0.000000 1.000000 0.000000 0.000000 0.000000 0.000000 1.000000
1.000000 0.000000 0.000000 0.000000 0.000000 1.000000 -0.000000 0.000000 0.000000 0.000000 1.000000 0.000000 0.000000 0.000000 0.000000 1.000000
1.000000 0.000000 0.000000 0.000000 0.000000 1.000000 -0.000000 0.000000 0.000000 0.000000 1.000000 0.000000 0.000000 0.000000 0.000000 1.000000
1.000000 0.000000 0.000000 0.000000 0.000000 1.000000 -0.000000 0.000000 0.000000 0.000000 1.000000 0.000000 0.000000 0.000000 0.000000 1.000000
1.000000 0.000000 0.000000 0.000000 0.000000 1.000000 -0.000000 0.000000 0.000000 0.000000 1.000000 0.000000 0.000000 0.000000 0.000000 1.000000</float_array><technique_common><accessor source="#Character-Matrix-animation-output-transform-array" count="15" stride="16"><param type="float4x4"/></accessor></technique_common></source><source id="Character-Interpolations"><Name_array id="Character-Interpolations-array" count="15">
 LINEAR LINEAR LINEAR LINEAR LINEAR LINEAR LINEAR LINEAR LINEAR LINEAR LINEAR
LINEAR LINEAR LINEAR LINEAR</Name_array><technique_common><accessor source="#Character-Interpolations-array" count="15"><param type="name"/></accessor></technique_common></source><sampler id="Character-Matrix-animation-transform"><input semantic="INPUT" source="#Character-Matrix-animation-input"/><input semantic="OUTPUT" source="#Character-Matrix-animation-output-transform"/><input semantic="INTERPOLATION" source="#Character-Interpolations"/></sampler><channel source="#Character-Matrix-animation-transform" target="Character/matrix"/></animation></animation>
    <animation id="HIK_root_jnt-anim" name="HIK_root_jnt"><animation><source id="HIK_root_jnt-Matrix-animation-input"><float_array id="HIK_root_jnt-Matrix-animation-input-array" count="15">

0.000000 0.033333 0.066667 0.100000 0.133333 0.166667 0.200000 0.233333 0.266667 0.300000 0.333333 0.366667 0.400000 0.433333 0.466667</float_array><technique_common><accessor source="#HIK_root_jnt-Matrix-animation-input-array" count="15"><param name="TIME" type="float"/></accessor></technique_common></source><source id="HIK_root_jnt-Matrix-animation-output-transform"><float_array id="HIK_root_jnt-Matrix-animation-output-transform-array" count="240">

1.000000 0.000000 0.000000 0.000000 0.000000 1.000000 -0.000000 0.000000 0.000000 0.000000 1.000000 0.000000 0.000000 0.000000 0.000000 1.000000
1.000000 0.000000 0.000000 0.000000 0.000000 1.000000 -0.000000 0.000000 0.000000 0.000000 1.000000 0.000000 0.000000 0.000000 0.000000 1.000000
1.000000 0.000000 0.000000 0.000000 0.000000 1.000000 -0.000000 0.000000 0.000000 0.000000 1.000000 0.000000 0.000000 0.000000 0.000000 1.000000
1.000000 0.000000 0.000000 0.000000 0.000000 1.000000 -0.000000 0.000000 0.000000 0.000000 1.000000 0.000000 0.000000 0.000000 0.000000 1.000000
1.000000 0.000000 0.000000 0.000000 0.000000 1.000000 -0.000000 0.000000 0.000000 0.000000 1.000000 0.000000 0.000000 0.000000 0.000000 1.000000
1.000000 0.000000 0.000000 0.000000 0.000000 1.000000 -0.000000 0.000000 0.000000 0.000000 1.000000 0.000000 0.000000 0.000000 0.000000 1.000000
1.000000 0.000000 0.000000 0.000000 0.000000 1.000000 -0.000000 0.000000 0.000000 0.000000 1.000000 0.000000 0.000000 0.000000 0.000000 1.000000
1.000000 0.000000 0.000000 0.000000 0.000000 1.000000 -0.000000 0.000000 0.000000 0.000000 1.000000 0.000000 0.000000 0.000000 0.000000 1.000000
1.000000 0.000000 0.000000 0.000000 0.000000 1.000000 -0.000000 0.000000 0.000000 0.000000 1.000000 0.000000 0.000000 0.000000 0.000000 1.000000
1.000000 0.000000 0.000000 0.000000 0.000000 1.000000 -0.000000 0.000000 0.000000 0.000000 1.000000 0.000000 0.000000 0.000000 0.000000 1.000000
1.000000 0.000000 0.000000 0.000000 0.000000 1.000000 -0.000000 0.000000 0.000000 0.000000 1.000000 0.000000 0.000000 0.000000 0.000000 1.000000
1.000000 0.000000 0.000000 0.000000 0.000000 1.000000 -0.000000 0.000000 0.000000 0.000000 1.000000 0.000000 0.000000 0.000000 0.000000 1.000000
1.000000 0.000000 0.000000 0.000000 0.000000 1.000000 -0.000000 0.000000 0.000000 0.000000 1.000000 0.000000 0.000000 0.000000 0.000000 1.000000
1.000000 0.000000 0.000000 0.000000 0.000000 1.000000 -0.000000 0.000000 0.000000 0.000000 1.000000 0.000000 0.000000 0.000000 0.000000 1.000000
1.000000 0.000000 0.000000 0.000000 0.000000 1.000000 -0.000000 0.000000 0.000000 0.000000 1.000000 0.000000 0.000000 0.000000 0.000000 1.000000</float_array><technique_common><accessor source="#HIK_root_jnt-Matrix-animation-output-transform-array" count="15" stride="16"><param type="float4x4"/></accessor></technique_common></source><source id="HIK_root_jnt-Interpolations"><Name_array id="HIK_root_jnt-Interpolations-array" count="15">
 LINEAR LINEAR LINEAR LINEAR LINEAR LINEAR LINEAR LINEAR LINEAR LINEAR LINEAR
LINEAR LINEAR LINEAR LINEAR</Name_array><technique_common><accessor source="#HIK_root_jnt-Interpolations-array" count="15"><param type="name"/></accessor></technique_common></source><sampler id="HIK_root_jnt-Matrix-animation-transform"><input semantic="INPUT" source="#HIK_root_jnt-Matrix-animation-input"/><input semantic="OUTPUT" source="#HIK_root_jnt-Matrix-animation-output-transform"/><input semantic="INTERPOLATION" source="#HIK_root_jnt-Interpolations"/></sampler><channel source="#HIK_root_jnt-Matrix-animation-transform" target="HIK_root_jnt/matrix"/></animation></animation>
    <animation id="root_jnt-anim" name="root_jnt"><animation><source id="root_jnt-Matrix-animation-input"><float_array id="root_jnt-Matrix-animation-input-array" count="15">

0.000000 0.033333 0.066667 0.100000 0.133333 0.166667 0.200000 0.233333 0.266667 0.300000 0.333333 0.366667 0.400000 0.433333 0.466667</float_array><technique_common><accessor source="#root_jnt-Matrix-animation-input-array" count="15"><param name="TIME" type="float"/></accessor></technique_common></source><source id="root_jnt-Matrix-animation-output-transform"><float_array id="root_jnt-Matrix-animation-output-transform-array" count="240">

1.000000 0.000000 0.000000 0.000000 0.000000 1.000000 -0.000000 0.000000 0.000000 0.000000 1.000000 0.000000 0.000000 0.000000 0.000000 1.000000
1.000000 0.000000 0.000000 0.000000 0.000000 1.000000 -0.000000 0.000000 0.000000 0.000000 1.000000 0.000000 0.000000 0.000000 0.000000 1.000000
1.000000 0.000000 0.000000 0.000000 0.000000 1.000000 -0.000000 0.000000 0.000000 0.000000 1.000000 0.000000 0.000000 0.000000 0.000000 1.000000
1.000000 0.000000 0.000000 0.000000 0.000000 1.000000 -0.000000 0.000000 0.000000 0.000000 1.000000 0.000000 0.000000 0.000000 0.000000 1.000000
1.000000 0.000000 0.000000 0.000000 0.000000 1.000000 -0.000000 0.000000 0.000000 0.000000 1.000000 0.000000 0.000000 0.000000 0.000000 1.000000
1.000000 0.000000 0.000000 0.000000 0.000000 1.000000 -0.000000 0.000000 0.000000 0.000000 1.000000 0.000000 0.000000 0.000000 0.000000 1.000000
1.000000 0.000000 0.000000 0.000000 0.000000 1.000000 -0.000000 0.000000 0.000000 0.000000 1.000000 0.000000 0.000000 0.000000 0.000000 1.000000
1.000000 0.000000 0.000000 0.000000 0.000000 1.000000 -0.000000 0.000000 0.000000 0.000000 1.000000 0.000000 0.000000 0.000000 0.000000 1.000000
1.000000 0.000000 0.000000 0.000000 0.000000 1.000000 -0.000000 0.000000 0.000000 0.000000 1.000000 0.000000 0.000000 0.000000 0.000000 1.000000
1.000000 0.000000 0.000000 0.000000 0.000000 1.000000 -0.000000 0.000000 0.000000 0.000000 1.000000 0.000000 0.000000 0.000000 0.000000 1.000000
1.000000 0.000000 0.000000 0.000000 0.000000 1.000000 -0.000000 0.000000 0.000000 0.000000 1.000000 0.000000 0.000000 0.000000 0.000000 1.000000
1.000000 0.000000 0.000000 0.000000 0.000000 1.000000 -0.000000 0.000000 0.000000 0.000000 1.000000 0.000000 0.000000 0.000000 0.000000 1.000000
1.000000 0.000000 0.000000 0.000000 0.000000 1.000000 -0.000000 0.000000 0.000000 0.000000 1.000000 0.000000 0.000000 0.000000 0.000000 1.000000
1.000000 0.000000 0.000000 0.000000 0.000000 1.000000 -0.000000 0.000000 0.000000 0.000000 1.000000 0.000000 0.000000 0.000000 0.000000 1.000000
1.000000 0.000000 0.000000 0.000000 0.000000 1.000000 -0.000000 0.000000 0.000000 0.000000 1.000000 0.000000 0.000000 0.000000 0.000000 1.000000</float_array><technique_common><accessor source="#root_jnt-Matrix-animation-output-transform-array" count="15" stride="16"><param type="float4x4"/></accessor></technique_common></source><source id="root_jnt-Interpolations"><Name_array id="root_jnt-Interpolations-array" count="15">
 LINEAR LINEAR LINEAR LINEAR LINEAR LINEAR LINEAR LINEAR LINEAR LINEAR LINEAR
LINEAR LINEAR LINEAR LINEAR</Name_array><technique_common><accessor source="#root_jnt-Interpolations-array" count="15"><param type="name"/></accessor></technique_common></source><sampler id="root_jnt-Matrix-animation-transform"><input semantic="INPUT" source="#root_jnt-Matrix-animation-input"/><input semantic="OUTPUT" source="#root_jnt-Matrix-animation-output-transform"/><input semantic="INTERPOLATION" source="#root_jnt-Interpolations"/></sampler><channel source="#root_jnt-Matrix-animation-transform" target="root_jnt/matrix"/></animation></animation>
    <animation id="jnt_hips-anim" name="jnt_hips"><animation><source id="jnt_hips-Matrix-animation-input"><float_array id="jnt_hips-Matrix-animation-input-array" count="15">

0.000000 0.033333 0.066667 0.100000 0.133333 0.166667 0.200000 0.233333 0.266667 0.300000 0.333333 0.366667 0.400000 0.433333 0.466667</float_array><technique_common><accessor source="#jnt_hips-Matrix-animation-input-array" count="15"><param name="TIME" type="float"/></accessor></technique_common></source><source id="jnt_hips-Matrix-animation-output-transform"><float_array id="jnt_hips-Matrix-animation-output-transform-array" count="240">

0.511925 -0.019555 -0.858808 0.000000 0.131879 0.989678 0.056077 2.061423 0.848847 -0.141966 0.509220 -0.094053 0.000000 0.000000 0.000000 1.000000
0.512325 -0.018587 -0.858590 0.000000 0.129533 0.990000 0.055861 2.061423 0.848966 -0.139835 0.509610 -0.094053 0.000000 0.000000 0.000000 1.000000
0.513468 -0.016027 -0.857959 0.000000 0.123060 0.990866 0.055138 2.061423 0.849239 -0.133892 0.510751 -0.094053 0.000000 0.000000 0.000000 1.000000
0.515281 -0.012494 -0.856930 0.000000 0.113338 0.992105 0.053686 2.061423 0.849494 -0.124786 0.512629 -0.094053 0.000000 0.000000 0.000000 1.000000
0.517585 -0.008636 -0.855588 0.000000 0.101175 0.993551 0.051177 2.061423 0.849629 -0.113053 0.515121 -0.094053 0.000000 0.000000 0.000000 1.000000
0.520265 -0.005009 -0.853990 0.000000 0.087380 0.995047 0.047396 2.061423 0.849523 -0.099280 0.518126 -0.094053 0.000000 0.000000 0.000000 1.000000
0.523198 -0.002033 -0.852209 0.000000 0.072741 0.996454 0.042281 2.061423 0.849101 -0.084112 0.521490 -0.094053 0.000000 0.000000 0.000000 1.000000
0.525856 0.000743 -0.850573 0.000000 0.057364 0.997692 0.036336 2.061423 0.848637 -0.067899 0.524600 -0.094053 0.000000 0.000000 0.000000 1.000000
0.528497 0.002507 -0.848931 0.000000 0.042756 0.998648 0.029568 2.061423 0.847857 -0.051924 0.527676 -0.094053 0.000000 0.000000 0.000000 1.000000
0.530994 0.003200 -0.847369 0.000000 0.029726 0.999307 0.022401 2.061423 0.846854 -0.037083 0.530531 -0.094053 0.000000 0.000000 0.000000 1.000000
0.533147 0.003095 -0.846017 0.000000 0.018855 0.999701 0.015540 2.061423 0.845812 -0.024237 0.532929 -0.094053 0.000000 0.000000 0.000000 1.000000
0.534785 0.002588 -0.844984 0.000000 0.010699 0.999894 0.009834 2.061423 0.844920 -0.014300 0.534701 -0.094053 0.000000 0.000000 0.000000 1.000000
0.535816 0.002076 -0.844332 0.000000 0.005585 0.999966 0.006003 2.061423 0.844316 -0.007932 0.535786 -0.094053 0.000000 0.000000 0.000000 1.000000
0.536354 0.001747 -0.843991 0.000000 0.002909 0.999988 0.003919 2.061423 0.843988 -0.004557 0.536343 -0.094053 0.000000 0.000000 0.000000 1.000000
0.536563 0.001608 -0.843859 0.000000 0.001872 0.999993 0.003097 2.061423 0.843858 -0.003241 0.536556 -0.094053 0.000000 0.000000 0.000000 1.000000</float_array><technique_common><accessor source="#jnt_hips-Matrix-animation-output-transform-array" count="15" stride="16"><param type="float4x4"/></accessor></technique_common></source><source id="jnt_hips-Interpolations"><Name_array id="jnt_hips-Interpolations-array" count="15">
 LINEAR LINEAR LINEAR LINEAR LINEAR LINEAR LINEAR LINEAR LINEAR LINEAR LINEAR
LINEAR LINEAR LINEAR LINEAR</Name_array><technique_common><accessor source="#jnt_hips-Interpolations-array" count="15"><param type="name"/></accessor></technique_common></source><sampler id="jnt_hips-Matrix-animation-transform"><input semantic="INPUT" source="#jnt_hips-Matrix-animation-input"/><input semantic="OUTPUT" source="#jnt_hips-Matrix-animation-output-transform"/><input semantic="INTERPOLATION" source="#jnt_hips-Interpolations"/></sampler><channel source="#jnt_hips-Matrix-animation-transform" target="jnt_hips/matrix"/></animation></animation>
    <animation id="jnt_height-anim" name="jnt_height"><animation><source id="jnt_height-Matrix-animation-input"><float_array id="jnt_height-Matrix-animation-input-array" count="15">

0.000000 0.033333 0.066667 0.100000 0.133333 0.166667 0.200000 0.233333 0.266667 0.300000 0.333333 0.366667 0.400000 0.433333 0.466667</float_array><technique_common><accessor source="#jnt_height-Matrix-animation-input-array" count="15"><param name="TIME" type="float"/></accessor></technique_common></source><source id="jnt_height-Matrix-animation-output-transform"><float_array id="jnt_height-Matrix-animation-output-transform-array" count="240">

0.990968 -0.129620 -0.034367 -0.000000 0.131394 0.989765 0.055680 0.000000 0.026798 -0.059692 0.997857 -0.000000 0.000000 0.000000 0.000000 1.000000
0.991285 -0.127333 -0.033778 0.000000 0.129069 0.990081 0.055496 0.000000 0.026376 -0.059372 0.997887 0.000000 0.000000 0.000000 0.000000 1.000000
0.992130 -0.121026 -0.032106 0.000000 0.122655 0.990933 0.054847 0.000000 0.025177 -0.058353 0.997979 0.000000 0.000000 0.000000 0.000000 1.000000
0.993320 -0.111562 -0.029476 -0.000000 0.113017 0.992153 0.053474 0.000000 0.023279 -0.056448 0.998134 0.000000 0.000000 0.000000 0.000000 1.000000
0.994673 -0.099677 -0.026263 0.000000 0.100915 0.993585 0.051035 0.000000 0.021007 -0.053413 0.998352 0.000000 0.000000 0.000000 0.000000 1.000000
0.996024 -0.086168 -0.022600 -0.000000 0.087159 0.995070 0.047304 -0.000000 0.018413 -0.049086 0.998625 -0.000000 0.000000 0.000000 0.000000 1.000000
0.997244 -0.071822 -0.018604 -0.000000 0.072554 0.996470 0.042218 0.000000 0.015506 -0.043451 0.998935 -0.000000 0.000000 0.000000 0.000000 1.000000
0.998281 -0.056749 -0.014673 0.000000 0.057250 0.997699 0.036316 0.000000 0.012578 -0.037093 0.999233 0.000000 0.000000 0.000000 0.000000 1.000000
0.999041 -0.042395 -0.010897 0.000000 0.042701 0.998650 0.029566 0.000000 0.009629 -0.030003 0.999503 0.000000 0.000000 0.000000 0.000000 1.000000
0.999535 -0.029542 -0.007499 0.000000 0.029703 0.999308 0.022402 -0.000000 0.006832 -0.022615 0.999721 0.000000 0.000000 0.000000 0.000000 1.000000
0.999813 -0.018777 -0.004687 -0.000000 0.018848 0.999701 0.015541 0.000000 0.004394 -0.015626 0.999868 0.000000 0.000000 0.000000 0.000000 1.000000
0.999940 -0.010672 -0.002618 -0.000000 0.010698 0.999894 0.009835 0.000000 0.002513 -0.009862 0.999948 0.000000 0.000000 0.000000 0.000000 1.000000
0.999984 -0.005576 -0.001348 0.000000 0.005584 0.999966 0.006003 0.000000 0.001314 -0.006010 0.999981 0.000000 0.000000 0.000000 0.000000 1.000000
0.999996 -0.002906 -0.000694 0.000000 0.002909 0.999988 0.003919 0.000000 0.000682 -0.003921 0.999992 -0.000000 0.000000 0.000000 0.000000 1.000000
0.999998 -0.001871 -0.000443 0.000000 0.001872 0.999993 0.003097 0.000000 0.000437 -0.003097 0.999995 0.000000 0.000000 0.000000 0.000000 1.000000</float_array><technique_common><accessor source="#jnt_height-Matrix-animation-output-transform-array" count="15" stride="16"><param type="float4x4"/></accessor></technique_common></source><source id="jnt_height-Interpolations"><Name_array id="jnt_height-Interpolations-array" count="15">
 LINEAR LINEAR LINEAR LINEAR LINEAR LINEAR LINEAR LINEAR LINEAR LINEAR LINEAR
LINEAR LINEAR LINEAR LINEAR</Name_array><technique_common><accessor source="#jnt_height-Interpolations-array" count="15"><param type="name"/></accessor></technique_common></source><sampler id="jnt_height-Matrix-animation-transform"><input semantic="INPUT" source="#jnt_height-Matrix-animation-input"/><input semantic="OUTPUT" source="#jnt_height-Matrix-animation-output-transform"/><input semantic="INTERPOLATION" source="#jnt_height-Interpolations"/></sampler><channel source="#jnt_height-Matrix-animation-transform" target="jnt_height/matrix"/></animation></animation>
    <animation id="jnt_spine1-anim" name="jnt_spine1"><animation><source id="jnt_spine1-Matrix-animation-input"><float_array id="jnt_spine1-Matrix-animation-input-array" count="15">

0.000000 0.033333 0.066667 0.100000 0.133333 0.166667 0.200000 0.233333 0.266667 0.300000 0.333333 0.366667 0.400000 0.433333 0.466667</float_array><technique_common><accessor source="#jnt_spine1-Matrix-animation-input-array" count="15"><param name="TIME" type="float"/></accessor></technique_common></source><source id="jnt_spine1-Matrix-animation-output-transform"><float_array id="jnt_spine1-Matrix-animation-output-transform-array" count="240">

-0.099516 -0.029396 0.994602 -0.000000 0.994674 0.024040 0.100234 0.212132 -0.026856 0.999279 0.026847 0.023482 0.000000 0.000000 0.000000 1.000000
-0.098071 -0.028868 0.994761 0.000000 0.994834 0.023506 0.098760 0.212132 -0.026234 0.999307 0.026414 0.023482 0.000000 0.000000 0.000000 1.000000
-0.093957 -0.027372 0.995200 0.000000 0.995276 0.021977 0.094568 0.212132 -0.024460 0.999384 0.025177 0.023482 0.000000 0.000000 0.000000 1.000000
-0.087446 -0.025019 0.995855 0.000000 0.995934 0.019533 0.087944 0.212132 -0.021653 0.999496 0.023209 0.023482 0.000000 0.000000 0.000000 1.000000
-0.078784 -0.022257 0.996643 -0.000000 0.996730 0.016270 0.079154 0.212132 -0.017977 0.999620 0.020903 0.023482 0.000000 0.000000 0.000000 1.000000
-0.068426 -0.019176 0.997472 -0.000000 0.997562 0.012393 0.068671 0.212132 -0.013678 0.999740 0.018281 0.023482 0.000000 0.000000 0.000000 1.000000
-0.056983 -0.015813 0.998250 0.000000 0.998334 0.008159 0.057117 0.212132 -0.009047 0.999842 0.015322 0.023482 0.000000 0.000000 0.000000 1.000000
-0.045698 -0.012491 0.998878 0.000000 0.998947 0.003614 0.045747 0.212132 -0.004181 0.999916 0.012312 0.023482 0.000000 0.000000 0.000000 1.000000
-0.034583 -0.009297 0.999359 0.000000 0.999402 -0.000824 0.034576 0.212132 0.000502 0.999957 0.009319 0.023482 0.000000 0.000000 0.000000 1.000000
-0.024244 -0.006413 0.999686 0.000000 0.999695 -0.004886 0.024213 0.212132 0.004729 0.999968 0.006530 0.023482 0.000000 0.000000 0.000000 1.000000
-0.015398 -0.004018 0.999874 -0.000000 0.999847 -0.008364 0.015364 0.212133 0.008301 0.999957 0.004146 0.023482 0.000000 0.000000 0.000000 1.000000
-0.008683 -0.002245 0.999960 -0.000000 0.999902 -0.011037 0.008658 0.212132 0.011017 0.999937 0.002341 0.023482 0.000000 0.000000 0.000000 1.000000
-0.004459 -0.001151 0.999990 -0.000000 0.999909 -0.012746 0.004444 0.212132 0.012741 0.999918 0.001208 0.023482 0.000000 0.000000 0.000000 1.000000
-0.002249 -0.000586 0.999998 -0.000000 0.999904 -0.013651 0.002241 0.212132 0.013650 0.999907 0.000616 0.023482 0.000000 0.000000 0.000000 1.000000
-0.001394 -0.000368 0.999999 0.000000 0.999901 -0.014005 0.001389 0.212132 0.014004 0.999902 0.000388 0.023482 0.000000 0.000000 0.000000 1.000000</float_array><technique_common><accessor source="#jnt_spine1-Matrix-animation-output-transform-array" count="15" stride="16"><param type="float4x4"/></accessor></technique_common></source><source id="jnt_spine1-Interpolations"><Name_array id="jnt_spine1-Interpolations-array" count="15">
 LINEAR LINEAR LINEAR LINEAR LINEAR LINEAR LINEAR LINEAR LINEAR LINEAR LINEAR
LINEAR LINEAR LINEAR LINEAR</Name_array><technique_common><accessor source="#jnt_spine1-Interpolations-array" count="15"><param type="name"/></accessor></technique_common></source><sampler id="jnt_spine1-Matrix-animation-transform"><input semantic="INPUT" source="#jnt_spine1-Matrix-animation-input"/><input semantic="OUTPUT" source="#jnt_spine1-Matrix-animation-output-transform"/><input semantic="INTERPOLATION" source="#jnt_spine1-Interpolations"/></sampler><channel source="#jnt_spine1-Matrix-animation-transform" target="jnt_spine1/matrix"/></animation></animation>
    <animation id="jnt_spine2-anim" name="jnt_spine2"><animation><source id="jnt_spine2-Matrix-animation-input"><float_array id="jnt_spine2-Matrix-animation-input-array" count="15">

0.000000 0.033333 0.066667 0.100000 0.133333 0.166667 0.200000 0.233333 0.266667 0.300000 0.333333 0.366667 0.400000 0.433333 0.466667</float_array><technique_common><accessor source="#jnt_spine2-Matrix-animation-input-array" count="15"><param name="TIME" type="float"/></accessor></technique_common></source><source id="jnt_spine2-Matrix-animation-output-transform"><float_array id="jnt_spine2-Matrix-animation-output-transform-array" count="240">

0.998085 0.033944 0.051720 0.426848 -0.035345 0.999026 0.026425 0.000003 -0.050773 -0.028203 0.998312 -0.000000 0.000000 0.000000 0.000000 1.000000
0.998186 0.031811 0.051129 0.426848 -0.033176 0.999109 0.026083 0.000003 -0.050254 -0.027732 0.998351 -0.000000 0.000000 0.000000 0.000000 1.000000
0.998436 0.026255 0.049354 0.426848 -0.027518 0.999307 0.025070 0.000003 -0.048662 -0.026389 0.998467 -0.000000 0.000000 0.000000 0.000000 1.000000
0.998749 0.018879 0.046317 0.426848 -0.019977 0.999527 0.023365 0.000003 -0.045854 -0.024261 0.998654 0.000000 0.000000 0.000000 0.000000 1.000000
0.999055 0.011440 0.041930 0.426848 -0.012336 0.999699 0.021194 0.000003 -0.041675 -0.021691 0.998896 0.000000 0.000000 0.000000 0.000000 1.000000
0.999322 0.005626 0.036383 0.426848 -0.006304 0.999808 0.018555 0.000003 -0.036271 -0.018772 0.999166 0.000000 0.000000 0.000000 0.000000 1.000000
0.999545 0.002714 0.030051 0.426848 -0.003181 0.999875 0.015477 0.000003 -0.030005 -0.015565 0.999428 -0.000000 0.000000 0.000000 0.000000 1.000000
0.999701 0.001705 0.024401 0.426848 -0.002009 0.999920 0.012460 0.000003 -0.024377 -0.012506 0.999625 0.000000 0.000000 0.000000 0.000000 1.000000
0.999818 0.004088 0.018644 0.426848 -0.004264 0.999947 0.009415 0.000003 -0.018605 -0.009493 0.999782 -0.000000 0.000000 0.000000 0.000000 1.000000
0.999871 0.009404 0.013064 0.426848 -0.009490 0.999933 0.006551 0.000003 -0.013001 -0.006674 0.999893 -0.000000 0.000000 0.000000 0.000000 1.000000
0.999835 0.016241 0.008183 0.426848 -0.016275 0.999859 0.004117 0.000003 -0.008115 -0.004249 0.999958 0.000000 0.000000 0.000000 0.000000 1.000000
0.999729 0.022840 0.004450 0.426848 -0.022850 0.999736 0.002299 0.000003 -0.004396 -0.002400 0.999987 -0.000000 0.000000 0.000000 0.000000 1.000000
0.999616 0.027627 0.002103 0.426848 -0.027629 0.999618 0.001176 0.000003 -0.002069 -0.001234 0.999997 0.000000 0.000000 0.000000 0.000000 1.000000
0.999540 0.030331 0.000878 0.426848 -0.030331 0.999540 0.000596 0.000003 -0.000860 -0.000623 0.999999 0.000000 0.000000 0.000000 0.000000 1.000000
0.999507 0.031415 0.000406 0.426848 -0.031415 0.999506 0.000374 0.000003 -0.000394 -0.000386 1.000000 0.000000 0.000000 0.000000 0.000000 1.000000</float_array><technique_common><accessor source="#jnt_spine2-Matrix-animation-output-transform-array" count="15" stride="16"><param type="float4x4"/></accessor></technique_common></source><source id="jnt_spine2-Interpolations"><Name_array id="jnt_spine2-Interpolations-array" count="15">
 LINEAR LINEAR LINEAR LINEAR LINEAR LINEAR LINEAR LINEAR LINEAR LINEAR LINEAR
LINEAR LINEAR LINEAR LINEAR</Name_array><technique_common><accessor source="#jnt_spine2-Interpolations-array" count="15"><param type="name"/></accessor></technique_common></source><sampler id="jnt_spine2-Matrix-animation-transform"><input semantic="INPUT" source="#jnt_spine2-Matrix-animation-input"/><input semantic="OUTPUT" source="#jnt_spine2-Matrix-animation-output-transform"/><input semantic="INTERPOLATION" source="#jnt_spine2-Interpolations"/></sampler><channel source="#jnt_spine2-Matrix-animation-transform" target="jnt_spine2/matrix"/></animation></animation>
    <animation id="jnt_spine3-anim" name="jnt_spine3"><animation><source id="jnt_spine3-Matrix-animation-input"><float_array id="jnt_spine3-Matrix-animation-input-array" count="15">

0.000000 0.033333 0.066667 0.100000 0.133333 0.166667 0.200000 0.233333 0.266667 0.300000 0.333333 0.366667 0.400000 0.433333 0.466667</float_array><technique_common><accessor source="#jnt_spine3-Matrix-animation-input-array" count="15"><param name="TIME" type="float"/></accessor></technique_common></source><source id="jnt_spine3-Matrix-animation-output-transform"><float_array id="jnt_spine3-Matrix-animation-output-transform-array" count="240">

0.990415 0.020143 -0.136647 0.555067 -0.019104 0.999778 0.008915 0.000000 0.136796 -0.006219 0.990580 -0.000000 0.000000 0.000000 0.000000 1.000000
0.990496 0.015746 -0.136635 0.555067 -0.014794 0.999859 0.007975 0.000000 0.136742 -0.005877 0.990589 0.000000 0.000000 0.000000 0.000000 1.000000
0.990618 0.004537 -0.136589 0.555067 -0.003830 0.999978 0.005437 0.000000 0.136611 -0.004863 0.990613 0.000000 0.000000 0.000000 0.000000 1.000000
0.990595 -0.009680 -0.136487 0.555067 0.010020 0.999948 0.001799 0.000000 0.136463 -0.003150 0.990640 0.000000 0.000000 0.000000 0.000000 1.000000
0.990384 -0.022811 -0.136451 0.555067 0.022719 0.999739 -0.002237 0.000000 0.136467 -0.000885 0.990644 0.000000 0.000000 0.000000 0.000000 1.000000
0.990151 -0.031328 -0.136458 0.555067 0.030776 0.999507 -0.006151 0.000000 0.136583 0.001891 0.990627 -0.000000 0.000000 0.000000 0.000000 1.000000
0.990102 -0.032781 -0.136465 0.555067 0.031779 0.999449 -0.009521 0.000000 0.136702 0.005090 0.990599 0.000000 0.000000 0.000000 0.000000 1.000000
0.990345 -0.025218 -0.136316 0.555067 0.023880 0.999649 -0.011441 0.000000 0.136556 0.008075 0.990600 -0.000000 0.000000 0.000000 0.000000 1.000000
0.990627 -0.010050 -0.136228 0.555067 0.008442 0.999888 -0.012371 0.000000 0.136337 0.011105 0.990600 -0.000000 0.000000 0.000000 0.000000 1.000000
0.990624 0.010541 -0.136211 0.555067 -0.012350 0.999846 -0.012442 0.000000 0.136059 0.014008 0.990602 0.000000 0.000000 0.000000 0.000000 1.000000
0.990121 0.033259 -0.136214 0.555067 -0.035197 0.999310 -0.011843 0.000000 0.135726 0.016521 0.990609 -0.000000 0.000000 0.000000 0.000000 1.000000
0.989218 0.053836 -0.136200 0.555067 -0.055841 0.998380 -0.010937 0.000000 0.135390 0.018425 0.990621 -0.000000 0.000000 0.000000 0.000000 1.000000
0.988324 0.068359 -0.136171 0.555067 -0.070389 0.997468 -0.010147 0.000000 0.135133 0.019614 0.990633 -0.000000 0.000000 0.000000 0.000000 1.000000
0.987733 0.076468 -0.136147 0.555067 -0.078507 0.996867 -0.009661 0.000000 0.134982 0.020231 0.990641 -0.000000 0.000000 0.000000 0.000000 1.000000
0.987479 0.079704 -0.136136 0.555067 -0.081745 0.996608 -0.009459 0.000000 0.134921 0.020469 0.990645 -0.000000 0.000000 0.000000 0.000000 1.000000</float_array><technique_common><accessor source="#jnt_spine3-Matrix-animation-output-transform-array" count="15" stride="16"><param type="float4x4"/></accessor></technique_common></source><source id="jnt_spine3-Interpolations"><Name_array id="jnt_spine3-Interpolations-array" count="15">
 LINEAR LINEAR LINEAR LINEAR LINEAR LINEAR LINEAR LINEAR LINEAR LINEAR LINEAR
LINEAR LINEAR LINEAR LINEAR</Name_array><technique_common><accessor source="#jnt_spine3-Interpolations-array" count="15"><param type="name"/></accessor></technique_common></source><sampler id="jnt_spine3-Matrix-animation-transform"><input semantic="INPUT" source="#jnt_spine3-Matrix-animation-input"/><input semantic="OUTPUT" source="#jnt_spine3-Matrix-animation-output-transform"/><input semantic="INTERPOLATION" source="#jnt_spine3-Interpolations"/></sampler><channel source="#jnt_spine3-Matrix-animation-transform" target="jnt_spine3/matrix"/></animation></animation>
    <animation id="jnt_neck-anim" name="jnt_neck"><animation><source id="jnt_neck-Matrix-animation-input"><float_array id="jnt_neck-Matrix-animation-input-array" count="15">

0.000000 0.033333 0.066667 0.100000 0.133333 0.166667 0.200000 0.233333 0.266667 0.300000 0.333333 0.366667 0.400000 0.433333 0.466667</float_array><technique_common><accessor source="#jnt_neck-Matrix-animation-input-array" count="15"><param name="TIME" type="float"/></accessor></technique_common></source><source id="jnt_neck-Matrix-animation-output-transform"><float_array id="jnt_neck-Matrix-animation-output-transform-array" count="240">

0.733443 -0.652897 -0.189176 0.867450 0.181530 0.456325 -0.871099 0.171573 0.655064 0.604561 0.453208 -0.000000 0.000000 0.000000 0.000000 1.000000
0.743782 -0.640127 -0.192420 0.867450 0.174664 0.463999 -0.868445 0.171573 0.645198 0.612325 0.456921 -0.000000 0.000000 0.000000 0.000000 1.000000
0.771807 -0.603785 -0.199395 0.867450 0.155659 0.483453 -0.861419 0.171573 0.616510 0.633812 0.467116 0.000000 0.000000 0.000000 0.000000 1.000000
0.812219 -0.546334 -0.204498 0.867450 0.127291 0.508093 -0.851844 0.171573 0.569296 0.665853 0.482226 0.000000 0.000000 0.000000 0.000000 1.000000
0.859274 -0.470047 -0.201753 0.867449 0.092566 0.530801 -0.842426 0.171573 0.503070 0.705199 0.499614 -0.000000 0.000000 0.000000 0.000000 1.000000
0.906289 -0.379044 -0.186990 0.867450 0.056582 0.547239 -0.835061 0.171573 0.418853 0.746227 0.517404 0.000000 0.000000 0.000000 0.000000 1.000000
0.947061 -0.279308 -0.158309 0.867450 0.025178 0.556189 -0.830674 0.171573 0.320064 0.782714 0.533777 0.000000 0.000000 0.000000 0.000000 1.000000
0.976980 -0.178447 -0.116903 0.867449 0.002632 0.558032 -0.829814 0.171573 0.213314 0.810405 0.545656 0.000000 0.000000 0.000000 0.000000 1.000000
0.994389 -0.083359 -0.065125 0.867449 -0.007743 0.556633 -0.830722 0.171573 0.105499 0.826565 0.552865 -0.000000 0.000000 0.000000 0.000000 1.000000
0.999966 -0.000602 -0.008217 0.867451 -0.006500 0.555210 -0.831684 0.171573 0.005063 0.831709 0.555188 -0.000000 0.000000 0.000000 0.000000 1.000000
0.996783 0.065046 0.046825 0.867449 0.002816 0.555456 -0.831541 0.171572 -0.080098 0.828998 0.553486 0.000000 0.000000 0.000000 0.000000 1.000000
0.989496 0.111169 0.092410 0.867450 0.014926 0.557257 -0.830206 0.171572 -0.143789 0.822864 0.549744 -0.000000 0.000000 0.000000 0.000000 1.000000
0.982749 0.138332 0.122752 0.867450 0.024765 0.559322 -0.828580 0.171573 -0.183277 0.817326 0.546247 0.000000 0.000000 0.000000 0.000000 1.000000
0.978551 0.151921 0.139134 0.867449 0.030594 0.560730 -0.827434 0.171573 -0.203721 0.813942 0.544055 0.000000 0.000000 0.000000 0.000000 1.000000
0.976802 0.157060 0.145569 0.867450 0.032977 0.561338 -0.826929 0.171573 -0.211591 0.812546 0.543137 -0.000000 0.000000 0.000000 0.000000 1.000000</float_array><technique_common><accessor source="#jnt_neck-Matrix-animation-output-transform-array" count="15" stride="16"><param type="float4x4"/></accessor></technique_common></source><source id="jnt_neck-Interpolations"><Name_array id="jnt_neck-Interpolations-array" count="15">
 LINEAR LINEAR LINEAR LINEAR LINEAR LINEAR LINEAR LINEAR LINEAR LINEAR LINEAR
LINEAR LINEAR LINEAR LINEAR</Name_array><technique_common><accessor source="#jnt_neck-Interpolations-array" count="15"><param type="name"/></accessor></technique_common></source><sampler id="jnt_neck-Matrix-animation-transform"><input semantic="INPUT" source="#jnt_neck-Matrix-animation-input"/><input semantic="OUTPUT" source="#jnt_neck-Matrix-animation-output-transform"/><input semantic="INTERPOLATION" source="#jnt_neck-Interpolations"/></sampler><channel source="#jnt_neck-Matrix-animation-transform" target="jnt_neck/matrix"/></animation></animation>
    <animation id="jnt_head-anim" name="jnt_head"><animation><source id="jnt_head-Matrix-animation-input"><float_array id="jnt_head-Matrix-animation-input-array" count="15">

0.000000 0.033333 0.066667 0.100000 0.133333 0.166667 0.200000 0.233333 0.266667 0.300000 0.333333 0.366667 0.400000 0.433333 0.466667</float_array><technique_common><accessor source="#jnt_head-Matrix-animation-input-array" count="15"><param name="TIME" type="float"/></accessor></technique_common></source><source id="jnt_head-Matrix-animation-output-transform"><float_array id="jnt_head-Matrix-animation-output-transform-array" count="240">

0.893547 0.430649 0.126945 0.273591 -0.405835 0.895670 -0.181863 0.000002 -0.192020 0.110984 0.975096 0.000000 0.000000 0.000000 0.000000 1.000000
0.896434 0.424042 0.128824 0.273591 -0.399273 0.898896 -0.180465 0.000001 -0.192324 0.110339 0.975109 0.000000 0.000000 0.000000 0.000000 1.000000
0.904521 0.404996 0.133490 0.273591 -0.380572 0.907898 -0.175743 0.000002 -0.192370 0.108161 0.975343 0.000000 0.000000 0.000000 0.000000 1.000000
0.916895 0.374171 0.138920 0.273591 -0.350831 0.921518 -0.166499 0.000002 -0.190317 0.103925 0.976206 -0.000000 0.000000 0.000000 0.000000 1.000000
0.932437 0.332008 0.142589 0.273590 -0.310864 0.938253 -0.151809 0.000002 -0.184186 0.097227 0.978071 -0.000000 0.000000 0.000000 0.000000 1.000000
0.949440 0.279981 0.142038 0.273591 -0.262135 0.955945 -0.132114 0.000002 -0.172770 0.088201 0.981005 -0.000000 0.000000 0.000000 0.000000 1.000000
0.965849 0.220910 0.135400 0.273590 -0.207082 0.972228 -0.109042 0.000002 -0.155728 0.077279 0.984772 0.000000 0.000000 0.000000 0.000000 1.000000
0.979706 0.158922 0.122143 0.273591 -0.149204 0.985144 -0.085028 0.000002 -0.133841 0.065078 0.988864 0.000000 0.000000 0.000000 0.000000 1.000000
0.989803 0.098509 0.102889 0.273591 -0.092436 0.993773 -0.062219 0.000002 -0.108378 0.052074 0.992745 0.000000 0.000000 0.000000 0.000000 1.000000
0.995820 0.044206 0.079930 0.273590 -0.040903 0.998259 -0.042499 0.000001 -0.081670 0.039052 0.995894 -0.000000 0.000000 0.000000 0.000000 1.000000
0.998392 -0.000304 0.056683 0.273591 0.001839 0.999633 -0.027021 0.000002 -0.056654 0.027082 0.998026 -0.000000 0.000000 0.000000 0.000000 1.000000
0.998785 -0.032602 0.036952 0.273591 0.033220 0.999317 -0.016220 0.000001 -0.036398 0.017428 0.999186 -0.000000 0.000000 0.000000 0.000000 1.000000
0.998358 -0.052160 0.023661 0.273591 0.052405 0.998577 -0.009863 0.000002 -0.023113 0.011086 0.999671 -0.000000 0.000000 0.000000 0.000000 1.000000
0.997932 -0.062134 0.016448 0.273591 0.062250 0.998038 -0.006674 0.000002 -0.016001 0.007684 0.999842 -0.000000 0.000000 0.000000 0.000000 1.000000
0.997730 -0.065944 0.013609 0.273590 0.066023 0.997803 -0.005464 0.000002 -0.013219 0.006350 0.999892 0.000000 0.000000 0.000000 0.000000 1.000000</float_array><technique_common><accessor source="#jnt_head-Matrix-animation-output-transform-array" count="15" stride="16"><param type="float4x4"/></accessor></technique_common></source><source id="jnt_head-Interpolations"><Name_array id="jnt_head-Interpolations-array" count="15">
 LINEAR LINEAR LINEAR LINEAR LINEAR LINEAR LINEAR LINEAR LINEAR LINEAR LINEAR
LINEAR LINEAR LINEAR LINEAR</Name_array><technique_common><accessor source="#jnt_head-Interpolations-array" count="15"><param type="name"/></accessor></technique_common></source><sampler id="jnt_head-Matrix-animation-transform"><input semantic="INPUT" source="#jnt_head-Matrix-animation-input"/><input semantic="OUTPUT" source="#jnt_head-Matrix-animation-output-transform"/><input semantic="INTERPOLATION" source="#jnt_head-Interpolations"/></sampler><channel source="#jnt_head-Matrix-animation-transform" target="jnt_head/matrix"/></animation></animation>
    <animation id="jnt_headappend-anim" name="jnt_headappend"><animation><source id="jnt_headappend-Matrix-animation-input"><float_array id="jnt_headappend-Matrix-animation-input-array" count="15">

0.000000 0.033333 0.066667 0.100000 0.133333 0.166667 0.200000 0.233333 0.266667 0.300000 0.333333 0.366667 0.400000 0.433333 0.466667</float_array><technique_common><accessor source="#jnt_headappend-Matrix-animation-input-array" count="15"><param name="TIME" type="float"/></accessor></technique_common></source><source id="jnt_headappend-Matrix-animation-output-transform"><float_array id="jnt_headappend-Matrix-animation-output-transform-array" count="240">

1.000000 0.000000 -0.000000 -0.000000 -0.000000 1.000000 -0.000000 0.000000 0.000000 0.000000 1.000000 -0.000000 0.000000 0.000000 0.000000 1.000000
1.000000 0.000000 -0.000000 -0.000000 -0.000000 1.000000 -0.000000 -0.000000 0.000000 0.000000 1.000000 -0.000000 0.000000 0.000000 0.000000 1.000000
1.000000 0.000000 -0.000000 0.000000 -0.000000 1.000000 -0.000000 0.000000 0.000000 0.000000 1.000000 -0.000000 0.000000 0.000000 0.000000 1.000000
1.000000 0.000000 -0.000000 0.000000 -0.000000 1.000000 0.000000 -0.000000 0.000000 -0.000000 1.000000 0.000000 0.000000 0.000000 0.000000 1.000000
1.000000 0.000000 -0.000000 0.000000 -0.000000 1.000000 0.000000 0.000000 0.000000 -0.000000 1.000000 0.000000 0.000000 0.000000 0.000000 1.000000
1.000000 0.000000 -0.000000 -0.000000 -0.000000 1.000000 0.000000 -0.000000 0.000000 -0.000000 1.000000 -0.000000 0.000000 0.000000 0.000000 1.000000
1.000000 0.000000 -0.000000 -0.000000 -0.000000 1.000000 0.000000 -0.000000 0.000000 -0.000000 1.000000 0.000000 0.000000 0.000000 0.000000 1.000000
1.000000 0.000000 -0.000000 0.000000 -0.000000 1.000000 -0.000000 0.000000 0.000000 0.000000 1.000000 -0.000000 0.000000 0.000000 0.000000 1.000000
