<?xml version="1.0" encoding="utf-8"?>
<COLLADA xmlns="http://www.collada.org/2005/11/COLLADASchema" version="1.4.1">
  <asset><contributor><author></author><authoring_tool>FBX COLLADA exporter</authoring_tool><comments></comments></contributor><created>2023-06-30T14:34:26Z</created><keywords></keywords><modified>2023-06-30T14:34:26Z</modified><revision></revision><subject></subject><title></title><unit meter="0.010000" name="centimeter"></unit><up_axis>Y_UP</up_axis></asset>
  <library_animations>
    <animation id="Character-anim" name="Character"><animation><source id="Character-Matrix-animation-input"><float_array id="Character-Matrix-animation-input-array" count="15">

0.000000 0.033333 0.066667 0.100000 0.133333 0.166667 0.200000 0.233333 0.266667 0.300000 0.333333 0.366667 0.400000 0.433333 0.466667</float_array><technique_common><accessor source="#Character-Matrix-animation-input-array" count="15"><param name="TIME" type="float"/></accessor></technique_common></source><source id="Character-Matrix-animation-output-transform"><float_array id="Character-Matrix-animation-output-transform-array" count="240">

1.000000 0.000000 0.000000 0.000000 0.000000 1.000000 -0.000000 0.000000 0.000000 0.000000 1.000000 0.000000 0.000000 0.000000 0.000000 1.000000
1.000000 0.000000 0.000000 0.000000 0.000000 1.000000 -0.000000 0.000000 0.000000 0.000000 1.000000 0.000000 0.000000 0.000000 0.000000 1.000000
1.000000 0.000000 0.000000 0.000000 0.000000 1.000000 -0.000000 0.000000 0.000000 0.000000 1.000000 0.000000 0.000000 0.000000 0.000000 1.000000
1.000000 0.000000 0.000000 0.000000 0.000000 1.000000 -0.000000 0.000000 0.000000 0.000000 1.000000 0.000000 0.000000 0.000000 0.000000 1.000000
1.000000 0.000000 0.000000 0.000000 0.000000 1.000000 -0.000000 0.000000 0.000000 0.000000 1.000000 0.000000 0.000000 0.000000 0.000000 1.000000
1.000000 0.000000 0.000000 0.000000 0.000000 1.000000 -0.000000 0.000000 0.000000 0.000000 1.000000 0.000000 0.000000 0.000000 0.000000 1.000000
1.000000 0.000000 0.000000 0.000000 0.000000 1.000000 -0.000000 0.000000 0.000000 0.000000 1.000000 0.000000 0.000000 0.000000 0.000000 1.000000
1.000000 0.000000 0.000000 0.000000 0.000000 1.000000 -0.000000 0.000000 0.000000 0.000000 1.000000 0.000000 0.000000 0.000000 0.000000 1.000000
1.000000 0.000000 0.000000 0.000000 0.000000 1.000000 -0.000000 0.000000 0.000000 0.000000 1.000000 0.000000 0.000000 0.000000 0.000000 1.000000
1.000000 0.000000 0.000000 0.000000 0.000000 1.000000 -0.000000 0.000000 0.000000 0.000000 1.000000 0.000000 0.000000 0.000000 0.000000 1.000000
1.000000 0.000000 0.000000 0.000000 0.000000 1.000000 -0.000000 0.000000 0.000000 0.000000 1.000000 0.000000 0.000000 0.000000 0.000000 1.000000
1.000000 0.000000 0.000000 0.000000 0.000000 1.000000 -0.000000 0.000000 0.000000 0.000000 1.000000 0.000000 0.000000 0.000000 0.000000 1.000000
1.000000 0.000000 0.000000 0.000000 0.000000 1.000000 -0.000000 0.000000 0.000000 0.000000 1.000000 0.000000 0.000000 0.000000 0.000000 1.000000
1.000000 0.000000 0.000000 0.000000 0.000000 1.000000 -0.000000 0.000000 0.000000 0.000000 1.000000 0.000000 0.000000 0.000000 0.000000 1.000000
1.000000 0.000000 0.000000 0.000000 0.000000 1.000000 -0.000000 0.000000 0.000000 0.000000 1.000000 0.000000 0.000000 0.000000 0.000000 1.000000</float_array><technique_common><accessor source="#Character-Matrix-animation-output-transform-array" count="15" stride="16"><param type="float4x4"/></accessor></technique_common></source><source id="Character-Interpolations"><Name_array id="Character-Interpolations-array" count="15">
 LINEAR LINEAR LINEAR LINEAR LINEAR LINEAR LINEAR LINEAR LINEAR LINEAR LINEAR
LINEAR LINEAR LINEAR LINEAR</Name_array><technique_common><accessor source="#Character-Interpolations-array" count="15"><param type="name"/></accessor></technique_common></source><sampler id="Character-Matrix-animation-transform"><input semantic="INPUT" source="#Character-Matrix-animation-input"/><input semantic="OUTPUT" source="#Character-Matrix-animation-output-transform"/><input semantic="INTERPOLATION" source="#Character-Interpolations"/></sampler><channel source="#Character-Matrix-animation-transform" target="Character/matrix"/></animation></animation>
    <animation id="HIK_root_jnt-anim" name="HIK_root_jnt"><animation><source id="HIK_root_jnt-Matrix-animation-input"><float_array id="HIK_root_jnt-Matrix-animation-input-array" count="15">

0.000000 0.033333 0.066667 0.100000 0.133333 0.166667 0.200000 0.233333 0.266667 0.300000 0.333333 0.366667 0.400000 0.433333 0.466667</float_array><technique_common><accessor source="#HIK_root_jnt-Matrix-animation-input-array" count="15"><param name="TIME" type="float"/></accessor></technique_common></source><source id="HIK_root_jnt-Matrix-animation-output-transform"><float_array id="HIK_root_jnt-Matrix-animation-output-transform-array" count="240">

1.000000 0.000000 0.000000 0.000000 0.000000 1.000000 -0.000000 0.000000 0.000000 0.000000 1.000000 0.000000 0.000000 0.000000 0.000000 1.000000
1.000000 0.000000 0.000000 0.000000 0.000000 1.000000 -0.000000 0.000000 0.000000 0.000000 1.000000 0.000000 0.000000 0.000000 0.000000 1.000000
1.000000 0.000000 0.000000 0.000000 0.000000 1.000000 -0.000000 0.000000 0.000000 0.000000 1.000000 0.000000 0.000000 0.000000 0.000000 1.000000
1.000000 0.000000 0.000000 0.000000 0.000000 1.000000 -0.000000 0.000000 0.000000 0.000000 1.000000 0.000000 0.000000 0.000000 0.000000 1.000000
1.000000 0.000000 0.000000 0.000000 0.000000 1.000000 -0.000000 0.000000 0.000000 0.000000 1.000000 0.000000 0.000000 0.000000 0.000000 1.000000
1.000000 0.000000 0.000000 0.000000 0.000000 1.000000 -0.000000 0.000000 0.000000 0.000000 1.000000 0.000000 0.000000 0.000000 0.000000 1.000000
1.000000 0.000000 0.000000 0.000000 0.000000 1.000000 -0.000000 0.000000 0.000000 0.000000 1.000000 0.000000 0.000000 0.000000 0.000000 1.000000
1.000000 0.000000 0.000000 0.000000 0.000000 1.000000 -0.000000 0.000000 0.000000 0.000000 1.000000 0.000000 0.000000 0.000000 0.000000 1.000000
1.000000 0.000000 0.000000 0.000000 0.000000 1.000000 -0.000000 0.000000 0.000000 0.000000 1.000000 0.000000 0.000000 0.000000 0.000000 1.000000
1.000000 0.000000 0.000000 0.000000 0.000000 1.000000 -0.000000 0.000000 0.000000 0.000000 1.000000 0.000000 0.000000 0.000000 0.000000 1.000000
1.000000 0.000000 0.000000 0.000000 0.000000 1.000000 -0.000000 0.000000 0.000000 0.000000 1.000000 0.000000 0.000000 0.000000 0.000000 1.000000
1.000000 0.000000 0.000000 0.000000 0.000000 1.000000 -0.000000 0.000000 0.000000 0.000000 1.000000 0.000000 0.000000 0.000000 0.000000 1.000000
1.000000 0.000000 0.000000 0.000000 0.000000 1.000000 -0.000000 0.000000 0.000000 0.000000 1.000000 0.000000 0.000000 0.000000 0.000000 1.000000
1.000000 0.000000 0.000000 0.000000 0.000000 1.000000 -0.000000 0.000000 0.000000 0.000000 1.000000 0.000000 0.000000 0.000000 0.000000 1.000000
1.000000 0.000000 0.000000 0.000000 0.000000 1.000000 -0.000000 0.000000 0.000000 0.000000 1.000000 0.000000 0.000000 0.000000 0.000000 1.000000</float_array><technique_common><accessor source="#HIK_root_jnt-Matrix-animation-output-transform-array" count="15" stride="16"><param type="float4x4"/></accessor></technique_common></source><source id="HIK_root_jnt-Interpolations"><Name_array id="HIK_root_jnt-Interpolations-array" count="15">
 LINEAR LINEAR LINEAR LINEAR LINEAR LINEAR LINEAR LINEAR LINEAR LINEAR LINEAR
LINEAR LINEAR LINEAR LINEAR</Name_array><technique_common><accessor source="#HIK_root_jnt-Interpolations-array" count="15"><param type="name"/></accessor></technique_common></source><sampler id="HIK_root_jnt-Matrix-animation-transform"><input semantic="INPUT" source="#HIK_root_jnt-Matrix-animation-input"/><input semantic="OUTPUT" source="#HIK_root_jnt-Matrix-animation-output-transform"/><input semantic="INTERPOLATION" source="#HIK_root_jnt-Interpolations"/></sampler><channel source="#HIK_root_jnt-Matrix-animation-transform" target="HIK_root_jnt/matrix"/></animation></animation>
    <animation id="root_jnt-anim" name="root_jnt"><animation><source id="root_jnt-Matrix-animation-input"><float_array id="root_jnt-Matrix-animation-input-array" count="15">

0.000000 0.033333 0.066667 0.100000 0.133333 0.166667 0.200000 0.233333 0.266667 0.300000 0.333333 0.366667 0.400000 0.433333 0.466667</float_array><technique_common><accessor source="#root_jnt-Matrix-animation-input-array" count="15"><param name="TIME" type="float"/></accessor></technique_common></source><source id="root_jnt-Matrix-animation-output-transform"><float_array id="root_jnt-Matrix-animation-output-transform-array" count="240">

1.000000 0.000000 0.000000 0.000000 0.000000 1.000000 -0.000000 0.000000 0.000000 0.000000 1.000000 0.000000 0.000000 0.000000 0.000000 1.000000
1.000000 0.000000 0.000000 0.000000 0.000000 1.000000 -0.000000 0.000000 0.000000 0.000000 1.000000 0.000000 0.000000 0.000000 0.000000 1.000000
1.000000 0.000000 0.000000 0.000000 0.000000 1.000000 -0.000000 0.000000 0.000000 0.000000 1.000000 0.000000 0.000000 0.000000 0.000000 1.000000
1.000000 0.000000 0.000000 0.000000 0.000000 1.000000 -0.000000 0.000000 0.000000 0.000000 1.000000 0.000000 0.000000 0.000000 0.000000 1.000000
1.000000 0.000000 0.000000 0.000000 0.000000 1.000000 -0.000000 0.000000 0.000000 0.000000 1.000000 0.000000 0.000000 0.000000 0.000000 1.000000
1.000000 0.000000 0.000000 0.000000 0.000000 1.000000 -0.000000 0.000000 0.000000 0.000000 1.000000 0.000000 0.000000 0.000000 0.000000 1.000000
1.000000 0.000000 0.000000 0.000000 0.000000 1.000000 -0.000000 0.000000 0.000000 0.000000 1.000000 0.000000 0.000000 0.000000 0.000000 1.000000
1.000000 0.000000 0.000000 0.000000 0.000000 1.000000 -0.000000 0.000000 0.000000 0.000000 1.000000 0.000000 0.000000 0.000000 0.000000 1.000000
1.000000 0.000000 0.000000 0.000000 0.000000 1.000000 -0.000000 0.000000 0.000000 0.000000 1.000000 0.000000 0.000000 0.000000 0.000000 1.000000
1.000000 0.000000 0.000000 0.000000 0.000000 1.000000 -0.000000 0.000000 0.000000 0.000000 1.000000 0.000000 0.000000 0.000000 0.000000 1.000000
1.000000 0.000000 0.000000 0.000000 0.000000 1.000000 -0.000000 0.000000 0.000000 0.000000 1.000000 0.000000 0.000000 0.000000 0.000000 1.000000
1.000000 0.000000 0.000000 0.000000 0.000000 1.000000 -0.000000 0.000000 0.000000 0.000000 1.000000 0.000000 0.000000 0.000000 0.000000 1.000000
1.000000 0.000000 0.000000 0.000000 0.000000 1.000000 -0.000000 0.000000 0.000000 0.000000 1.000000 0.000000 0.000000 0.000000 0.000000 1.000000
1.000000 0.000000 0.000000 0.000000 0.000000 1.000000 -0.000000 0.000000 0.000000 0.000000 1.000000 0.000000 0.000000 0.000000 0.000000 1.000000
1.000000 0.000000 0.000000 0.000000 0.000000 1.000000 -0.000000 0.000000 0.000000 0.000000 1.000000 0.000000 0.000000 0.000000 0.000000 1.000000</float_array><technique_common><accessor source="#root_jnt-Matrix-animation-output-transform-array" count="15" stride="16"><param type="float4x4"/></accessor></technique_common></source><source id="root_jnt-Interpolations"><Name_array id="root_jnt-Interpolations-array" count="15">
 LINEAR LINEAR LINEAR LINEAR LINEAR LINEAR LINEAR LINEAR LINEAR LINEAR LINEAR
LINEAR LINEAR LINEAR LINEAR</Name_array><technique_common><accessor source="#root_jnt-Interpolations-array" count="15"><param type="name"/></accessor></technique_common></source><sampler id="root_jnt-Matrix-animation-transform"><input semantic="INPUT" source="#root_jnt-Matrix-animation-input"/><input semantic="OUTPUT" source="#root_jnt-Matrix-animation-output-transform"/><input semantic="INTERPOLATION" source="#root_jnt-Interpolations"/></sampler><channel source="#root_jnt-Matrix-animation-transform" target="root_jnt/matrix"/></animation></animation>
    <animation id="jnt_hips-anim" name="jnt_hips"><animation><source id="jnt_hips-Matrix-animation-input"><float_array id="jnt_hips-Matrix-animation-input-array" count="15">

0.000000 0.033333 0.066667 0.100000 0.133333 0.166667 0.200000 0.233333 0.266667 0.300000 0.333333 0.366667 0.400000 0.433333 0.466667</float_array><technique_common><accessor source="#jnt_hips-Matrix-animation-input-array" count="15"><param name="TIME" type="float"/></accessor></technique_common></source><source id="jnt_hips-Matrix-animation-output-transform"><float_array id="jnt_hips-Matrix-animation-output-transform-array" count="240">

0.536598 0.001585 -0.843837 0.000000 0.001698 0.999994 0.002958 2.061423 0.843836 -0.003020 0.536592 -0.094053 0.000000 0.000000 0.000000 1.000000
0.536054 0.001936 -0.844182 0.000000 0.004402 0.999977 0.005088 2.061423 0.844172 -0.006444 0.536033 -0.094053 0.000000 0.000000 0.000000 1.000000
0.534551 0.002684 -0.845132 0.000000 0.011861 0.999873 0.010677 2.061423 0.845053 -0.015731 0.534451 -0.094053 0.000000 0.000000 0.000000 1.000000
0.532290 0.003213 -0.846556 0.000000 0.023155 0.999563 0.018353 2.061423 0.846245 -0.029372 0.531983 -0.094053 0.000000 0.000000 0.000000 1.000000
0.529508 0.002895 -0.848300 0.000000 0.037414 0.998941 0.026763 2.061423 0.847480 -0.045910 0.528839 -0.094053 0.000000 0.000000 0.000000 1.000000
0.526493 0.001274 -0.850178 0.000000 0.053738 0.997949 0.034774 2.061423 0.848479 -0.063996 0.525345 -0.094053 0.000000 0.000000 0.000000 1.000000
0.523535 -0.001751 -0.852002 0.000000 0.071072 0.996602 0.041623 2.061423 0.849034 -0.082344 0.521881 -0.094053 0.000000 0.000000 0.000000 1.000000
0.520304 -0.004964 -0.853967 0.000000 0.087187 0.995067 0.047336 2.061423 0.849519 -0.099084 0.518170 -0.094053 0.000000 0.000000 0.000000 1.000000
0.517486 -0.008789 -0.855646 0.000000 0.101698 0.993492 0.051301 2.061423 0.849627 -0.113565 0.515012 -0.094053 0.000000 0.000000 0.000000 1.000000
0.515275 -0.012506 -0.856934 0.000000 0.113371 0.992101 0.053692 2.061423 0.849493 -0.124817 0.512623 -0.094053 0.000000 0.000000 0.000000 1.000000
0.513801 -0.015334 -0.857772 0.000000 0.121230 0.991105 0.054899 2.061423 0.849301 -0.132195 0.511090 -0.094053 0.000000 0.000000 0.000000 1.000000
0.512871 -0.017329 -0.858291 0.000000 0.126404 0.990423 0.055535 2.061423 0.849109 -0.136974 0.510150 -0.094053 0.000000 0.000000 0.000000 1.000000
0.512320 -0.018599 -0.858593 0.000000 0.129563 0.989996 0.055864 2.061423 0.848965 -0.139862 0.509605 -0.094053 0.000000 0.000000 0.000000 1.000000
0.512041 -0.019269 -0.858745 0.000000 0.131192 0.989773 0.056016 2.061423 0.848883 -0.141343 0.509333 -0.094053 0.000000 0.000000 0.000000 1.000000
0.511939 -0.019519 -0.858800 0.000000 0.131793 0.989690 0.056069 2.061423 0.848851 -0.141888 0.509234 -0.094053 0.000000 0.000000 0.000000 1.000000</float_array><technique_common><accessor source="#jnt_hips-Matrix-animation-output-transform-array" count="15" stride="16"><param type="float4x4"/></accessor></technique_common></source><source id="jnt_hips-Interpolations"><Name_array id="jnt_hips-Interpolations-array" count="15">
 LINEAR LINEAR LINEAR LINEAR LINEAR LINEAR LINEAR LINEAR LINEAR LINEAR LINEAR
LINEAR LINEAR LINEAR LINEAR</Name_array><technique_common><accessor source="#jnt_hips-Interpolations-array" count="15"><param type="name"/></accessor></technique_common></source><sampler id="jnt_hips-Matrix-animation-transform"><input semantic="INPUT" source="#jnt_hips-Matrix-animation-input"/><input semantic="OUTPUT" source="#jnt_hips-Matrix-animation-output-transform"/><input semantic="INTERPOLATION" source="#jnt_hips-Interpolations"/></sampler><channel source="#jnt_hips-Matrix-animation-transform" target="jnt_hips/matrix"/></animation></animation>
    <animation id="jnt_height-anim" name="jnt_height"><animation><source id="jnt_height-Matrix-animation-input"><float_array id="jnt_height-Matrix-animation-input-array" count="15">

0.000000 0.033333 0.066667 0.100000 0.133333 0.166667 0.200000 0.233333 0.266667 0.300000 0.333333 0.366667 0.400000 0.433333 0.466667</float_array><technique_common><accessor source="#jnt_height-Matrix-animation-input-array" count="15"><param name="TIME" type="float"/></accessor></technique_common></source><source id="jnt_height-Matrix-animation-output-transform"><float_array id="jnt_height-Matrix-animation-output-transform-array" count="240">

0.999998 -0.001697 -0.000400 0.000000 0.001698 0.999994 0.002958 0.000000 0.000395 -0.002958 0.999995 -0.000000 0.000000 0.000000 0.000000 1.000000
0.999990 -0.004396 -0.001058 0.000000 0.004402 0.999977 0.005088 0.000000 0.001035 -0.005093 0.999986 0.000000 0.000000 0.000000 0.000000 1.000000
0.999926 -0.011828 -0.002910 0.000000 0.011858 0.999872 0.010677 0.000000 0.002783 -0.010711 0.999939 0.000000 0.000000 0.000000 0.000000 1.000000
0.999718 -0.023040 -0.005794 -0.000000 0.023143 0.999563 0.018355 0.000000 0.005368 -0.018484 0.999815 -0.000000 0.000000 0.000000 0.000000 1.000000
0.999265 -0.037131 -0.009504 0.000000 0.037374 0.998943 0.026764 0.000000 0.008500 -0.027100 0.999597 -0.000000 0.000000 0.000000 0.000000 1.000000
0.998490 -0.053191 -0.013743 0.000000 0.053641 0.997955 0.034761 0.000000 0.011866 -0.035446 0.999301 0.000000 0.000000 0.000000 0.000000 1.000000
0.997369 -0.070185 -0.018145 -0.000000 0.070888 0.996618 0.041562 0.000000 0.015167 -0.042739 0.998971 0.000000 0.000000 0.000000 0.000000 1.000000
0.996042 -0.085979 -0.022548 -0.000000 0.086967 0.995090 0.047244 0.000000 0.018375 -0.049018 0.998629 -0.000000 0.000000 0.000000 0.000000 1.000000
0.994618 -0.100189 -0.026399 -0.000000 0.101437 0.993526 0.051156 0.000000 0.021103 -0.053559 0.998342 -0.000000 0.000000 0.000000 0.000000 1.000000
0.993316 -0.111594 -0.029485 0.000000 0.113050 0.992149 0.053480 0.000000 0.023286 -0.056456 0.998134 -0.000000 0.000000 0.000000 0.000000 1.000000
0.992361 -0.119244 -0.031622 -0.000000 0.120842 0.991167 0.054625 0.000000 0.024829 -0.058029 0.998006 0.000000 0.000000 0.000000 0.000000 1.000000
0.991698 -0.124284 -0.032978 -0.000000 0.125969 0.990497 0.055208 0.000000 0.025803 -0.058904 0.997930 0.000000 0.000000 0.000000 0.000000 1.000000
0.991281 -0.127362 -0.033786 0.000000 0.129099 0.990077 0.055498 0.000000 0.026382 -0.059376 0.997887 0.000000 0.000000 0.000000 0.000000 1.000000
0.991061 -0.128950 -0.034195 0.000000 0.130713 0.989858 0.055629 -0.000000 0.026675 -0.059601 0.997866 0.000000 0.000000 0.000000 0.000000 1.000000
0.990980 -0.129536 -0.034345 -0.000000 0.131309 0.989777 0.055674 -0.000000 0.026783 -0.059681 0.997858 0.000000 0.000000 0.000000 0.000000 1.000000</float_array><technique_common><accessor source="#jnt_height-Matrix-animation-output-transform-array" count="15" stride="16"><param type="float4x4"/></accessor></technique_common></source><source id="jnt_height-Interpolations"><Name_array id="jnt_height-Interpolations-array" count="15">
 LINEAR LINEAR LINEAR LINEAR LINEAR LINEAR LINEAR LINEAR LINEAR LINEAR LINEAR
LINEAR LINEAR LINEAR LINEAR</Name_array><technique_common><accessor source="#jnt_height-Interpolations-array" count="15"><param type="name"/></accessor></technique_common></source><sampler id="jnt_height-Matrix-animation-transform"><input semantic="INPUT" source="#jnt_height-Matrix-animation-input"/><input semantic="OUTPUT" source="#jnt_height-Matrix-animation-output-transform"/><input semantic="INTERPOLATION" source="#jnt_height-Interpolations"/></sampler><channel source="#jnt_height-Matrix-animation-transform" target="jnt_height/matrix"/></animation></animation>
    <animation id="jnt_spine1-anim" name="jnt_spine1"><animation><source id="jnt_spine1-Matrix-animation-input"><float_array id="jnt_spine1-Matrix-animation-input-array" count="15">

0.000000 0.033333 0.066667 0.100000 0.133333 0.166667 0.200000 0.233333 0.266667 0.300000 0.333333 0.366667 0.400000 0.433333 0.466667</float_array><technique_common><accessor source="#jnt_spine1-Matrix-animation-input-array" count="15"><param name="TIME" type="float"/></accessor></technique_common></source><source id="jnt_spine1-Matrix-animation-output-transform"><float_array id="jnt_spine1-Matrix-animation-output-transform-array" count="240">

-0.001251 -0.000332 1.000000 -0.000000 0.999900 -0.014064 0.001246 0.212132 0.014063 0.999901 0.000350 0.023482 0.000000 0.000000 0.000000 1.000000
-0.003482 -0.000901 0.999994 -0.000000 0.999908 -0.013145 0.003470 0.212132 0.013142 0.999913 0.000946 0.023482 0.000000 0.000000 0.000000 1.000000
-0.009642 -0.002496 0.999951 0.000000 0.999897 -0.010653 0.009615 0.212132 0.010628 0.999940 0.002598 0.023482 0.000000 0.000000 0.000000 1.000000
-0.018916 -0.004963 0.999809 -0.000000 0.999797 -0.006977 0.018881 0.212132 0.006882 0.999963 0.005094 0.023482 0.000000 0.000000 0.000000 1.000000
-0.030386 -0.008116 0.999506 0.000000 0.999536 -0.002476 0.030367 0.212132 0.002229 0.999964 0.008187 0.023482 0.000000 0.000000 0.000000 1.000000
-0.042993 -0.011705 0.999007 0.000000 0.999071 0.002523 0.043025 0.212132 -0.003025 0.999928 0.011585 0.023482 0.000000 0.000000 0.000000 1.000000
-0.055656 -0.015427 0.998331 -0.000000 0.998414 0.007671 0.055779 0.212132 -0.008519 0.999852 0.014975 0.023482 0.000000 0.000000 0.000000 1.000000
-0.068278 -0.019132 0.997483 -0.000000 0.997574 0.012337 0.068521 0.212132 -0.013617 0.999741 0.018243 0.023482 0.000000 0.000000 0.000000 1.000000
-0.079166 -0.022372 0.996611 0.000000 0.996697 0.016414 0.079542 0.212132 -0.018138 0.999615 0.020998 0.023482 0.000000 0.000000 0.000000 1.000000
-0.087469 -0.025028 0.995853 0.000000 0.995932 0.019542 0.087967 0.212132 -0.021663 0.999496 0.023216 0.023482 0.000000 0.000000 0.000000 1.000000
-0.092761 -0.026938 0.995324 -0.000000 0.995401 0.021530 0.093351 0.212132 -0.023944 0.999406 0.024817 0.023482 0.000000 0.000000 0.000000 1.000000
-0.096105 -0.028152 0.994973 -0.000000 0.995048 0.022777 0.096757 0.212132 -0.025387 0.999344 0.025824 0.023482 0.000000 0.000000 0.000000 1.000000
-0.098090 -0.028875 0.994759 0.000000 0.994832 0.023514 0.098780 0.212132 -0.026243 0.999307 0.026419 0.023482 0.000000 0.000000 0.000000 1.000000
-0.099095 -0.029242 0.994648 -0.000000 0.994720 0.023885 0.099805 0.212132 -0.026675 0.999287 0.026721 0.023482 0.000000 0.000000 0.000000 1.000000
-0.099463 -0.029377 0.994608 -0.000000 0.994680 0.024020 0.100180 0.212132 -0.026834 0.999280 0.026832 0.023482 0.000000 0.000000 0.000000 1.000000</float_array><technique_common><accessor source="#jnt_spine1-Matrix-animation-output-transform-array" count="15" stride="16"><param type="float4x4"/></accessor></technique_common></source><source id="jnt_spine1-Interpolations"><Name_array id="jnt_spine1-Interpolations-array" count="15">
 LINEAR LINEAR LINEAR LINEAR LINEAR LINEAR LINEAR LINEAR LINEAR LINEAR LINEAR
LINEAR LINEAR LINEAR LINEAR</Name_array><technique_common><accessor source="#jnt_spine1-Interpolations-array" count="15"><param type="name"/></accessor></technique_common></source><sampler id="jnt_spine1-Matrix-animation-transform"><input semantic="INPUT" source="#jnt_spine1-Matrix-animation-input"/><input semantic="OUTPUT" source="#jnt_spine1-Matrix-animation-output-transform"/><input semantic="INTERPOLATION" source="#jnt_spine1-Interpolations"/></sampler><channel source="#jnt_spine1-Matrix-animation-transform" target="jnt_spine1/matrix"/></animation></animation>
    <animation id="jnt_spine2-anim" name="jnt_spine2"><animation><source id="jnt_spine2-Matrix-animation-input"><float_array id="jnt_spine2-Matrix-animation-input-array" count="15">

0.000000 0.033333 0.066667 0.100000 0.133333 0.166667 0.200000 0.233333 0.266667 0.300000 0.333333 0.366667 0.400000 0.433333 0.466667</float_array><technique_common><accessor source="#jnt_spine2-Matrix-animation-input-array" count="15"><param name="TIME" type="float"/></accessor></technique_common></source><source id="jnt_spine2-Matrix-animation-output-transform"><float_array id="jnt_spine2-Matrix-animation-output-transform-array" count="240">

0.999501 0.031599 0.000326 0.426848 -0.031599 0.999500 0.000336 0.000003 -0.000316 -0.000346 1.000000 0.000000 0.000000 0.000000 0.000000 1.000000
0.999584 0.028805 0.001561 0.426848 -0.028806 0.999585 0.000919 0.000003 -0.001534 -0.000964 0.999998 0.000000 0.000000 0.000000 0.000000 1.000000
0.999750 0.021822 0.004983 0.426848 -0.021835 0.999758 0.002557 0.000003 -0.004926 -0.002665 0.999984 0.000000 0.000000 0.000000 0.000000 1.000000
0.999861 0.013271 0.010132 0.426848 -0.013323 0.999898 0.005081 0.000003 -0.010063 -0.005215 0.999936 -0.000000 0.000000 0.000000 0.000000 1.000000
0.999848 0.005895 0.016400 0.426848 -0.006031 0.999948 0.008253 0.000003 -0.016350 -0.008350 0.999831 0.000000 0.000000 0.000000 0.000000 1.000000
0.999733 0.001954 0.023029 0.426848 -0.002225 0.999929 0.011726 0.000003 -0.023004 -0.011774 0.999666 -0.000000 0.000000 0.000000 0.000000 1.000000
0.999567 0.002604 0.029310 0.426848 -0.003048 0.999881 0.015112 0.000003 -0.029267 -0.015195 0.999456 -0.000000 0.000000 0.000000 0.000000 1.000000
0.999325 0.005566 0.036302 0.426848 -0.006241 0.999809 0.018516 0.000003 -0.036192 -0.018730 0.999169 0.000000 0.000000 0.000000 0.000000 1.000000
0.999044 0.011716 0.042130 0.426848 -0.012621 0.999694 0.021288 0.000003 -0.041868 -0.021799 0.998885 -0.000000 0.000000 0.000000 0.000000 1.000000
0.998748 0.018902 0.046328 0.426848 -0.020001 0.999527 0.023371 0.000003 -0.045864 -0.024268 0.998653 0.000000 0.000000 0.000000 0.000000 1.000000
0.998501 0.024777 0.048815 0.426848 -0.026008 0.999355 0.024766 0.000003 -0.048170 -0.025998 0.998501 0.000000 0.000000 0.000000 0.000000 1.000000
0.998311 0.029064 0.050297 0.426848 -0.030380 0.999211 0.025606 0.000003 -0.049513 -0.027091 0.998406 0.000000 0.000000 0.000000 0.000000 1.000000
0.998184 0.031838 0.051137 0.426848 -0.033204 0.999108 0.026088 0.000003 -0.050261 -0.027738 0.998351 0.000000 0.000000 0.000000 0.000000 1.000000
0.998115 0.033313 0.051550 0.426848 -0.034704 0.999051 0.026327 0.000003 -0.050624 -0.028066 0.998323 0.000000 0.000000 0.000000 0.000000 1.000000
0.998089 0.033865 0.051699 0.426848 -0.035265 0.999029 0.026413 0.000003 -0.050754 -0.028186 0.998313 -0.000000 0.000000 0.000000 0.000000 1.000000</float_array><technique_common><accessor source="#jnt_spine2-Matrix-animation-output-transform-array" count="15" stride="16"><param type="float4x4"/></accessor></technique_common></source><source id="jnt_spine2-Interpolations"><Name_array id="jnt_spine2-Interpolations-array" count="15">
 LINEAR LINEAR LINEAR LINEAR LINEAR LINEAR LINEAR LINEAR LINEAR LINEAR LINEAR
LINEAR LINEAR LINEAR LINEAR</Name_array><technique_common><accessor source="#jnt_spine2-Interpolations-array" count="15"><param type="name"/></accessor></technique_common></source><sampler id="jnt_spine2-Matrix-animation-transform"><input semantic="INPUT" source="#jnt_spine2-Matrix-animation-input"/><input semantic="OUTPUT" source="#jnt_spine2-Matrix-animation-output-transform"/><input semantic="INTERPOLATION" source="#jnt_spine2-Interpolations"/></sampler><channel source="#jnt_spine2-Matrix-animation-transform" target="jnt_spine2/matrix"/></animation></animation>
    <animation id="jnt_spine3-anim" name="jnt_spine3"><animation><source id="jnt_spine3-Matrix-animation-input"><float_array id="jnt_spine3-Matrix-animation-input-array" count="15">

0.000000 0.033333 0.066667 0.100000 0.133333 0.166667 0.200000 0.233333 0.266667 0.300000 0.333333 0.366667 0.400000 0.433333 0.466667</float_array><technique_common><accessor source="#jnt_spine3-Matrix-animation-input-array" count="15"><param name="TIME" type="float"/></accessor></technique_common></source><source id="jnt_spine3-Matrix-animation-output-transform"><float_array id="jnt_spine3-Matrix-animation-output-transform-array" count="240">

0.987435 0.080253 -0.136134 0.555067 -0.082294 0.996563 -0.009424 0.000000 0.134910 0.020509 0.990646 0.000000 0.000000 0.000000 0.000000 1.000000
0.988074 0.071899 -0.136162 0.555067 -0.073934 0.997213 -0.009939 0.000000 0.135068 0.019887 0.990637 -0.000000 0.000000 0.000000 0.000000 1.000000
0.989382 0.050714 -0.136203 0.555067 -0.052711 0.998548 -0.011092 0.000000 0.135443 0.018154 0.990619 0.000000 0.000000 0.000000 0.000000 1.000000
0.990398 0.023644 -0.136214 0.555067 -0.025536 0.999600 -0.012159 0.000000 0.135872 0.015520 0.990605 -0.000000 0.000000 0.000000 0.000000 1.000000
0.990676 -0.002448 -0.136216 0.555067 0.000753 0.999922 -0.012496 0.000000 0.136236 0.012277 0.990601 -0.000000 0.000000 0.000000 0.000000 1.000000
0.990421 -0.022193 -0.136286 0.555068 0.020785 0.999715 -0.011746 0.000000 0.136507 0.008801 0.990600 0.000000 0.000000 0.000000 0.000000 1.000000
0.990113 -0.032441 -0.136467 0.555067 0.031390 0.999459 -0.009848 0.000000 0.136713 0.005467 0.990596 0.000000 0.000000 0.000000 0.000000 1.000000
0.990148 -0.031398 -0.136458 0.555068 0.030840 0.999505 -0.006201 0.000000 0.136585 0.001932 0.990626 0.000000 0.000000 0.000000 0.000000 1.000000
0.990395 -0.022355 -0.136451 0.555068 0.022280 0.999749 -0.002076 0.000000 0.136463 -0.000984 0.990645 -0.000000 0.000000 0.000000 0.000000 1.000000
0.990595 -0.009637 -0.136488 0.555067 0.009977 0.999948 0.001811 0.000000 0.136463 -0.003156 0.990640 -0.000000 0.000000 0.000000 0.000000 1.000000
0.990629 0.001619 -0.136572 0.555068 -0.000981 0.999988 0.004736 0.000000 0.136578 -0.004557 0.990619 -0.000000 0.000000 0.000000 0.000000 1.000000
0.990572 0.010157 -0.136615 0.555067 -0.009324 0.999934 0.006737 0.000000 0.136675 -0.005400 0.990601 0.000000 0.000000 0.000000 0.000000 1.000000
0.990496 0.015801 -0.136636 0.555067 -0.014849 0.999858 0.007987 0.000000 0.136742 -0.005882 0.990589 0.000000 0.000000 0.000000 0.000000 1.000000
0.990441 0.018837 -0.136644 0.555067 -0.017823 0.999804 0.008638 0.000000 0.136780 -0.006120 0.990583 -0.000000 0.000000 0.000000 0.000000 1.000000
0.990419 0.019979 -0.136647 0.555067 -0.018943 0.999781 0.008880 0.000000 0.136794 -0.006207 0.990580 0.000000 0.000000 0.000000 0.000000 1.000000</float_array><technique_common><accessor source="#jnt_spine3-Matrix-animation-output-transform-array" count="15" stride="16"><param type="float4x4"/></accessor></technique_common></source><source id="jnt_spine3-Interpolations"><Name_array id="jnt_spine3-Interpolations-array" count="15">
 LINEAR LINEAR LINEAR LINEAR LINEAR LINEAR LINEAR LINEAR LINEAR LINEAR LINEAR
LINEAR LINEAR LINEAR LINEAR</Name_array><technique_common><accessor source="#jnt_spine3-Interpolations-array" count="15"><param type="name"/></accessor></technique_common></source><sampler id="jnt_spine3-Matrix-animation-transform"><input semantic="INPUT" source="#jnt_spine3-Matrix-animation-input"/><input semantic="OUTPUT" source="#jnt_spine3-Matrix-animation-output-transform"/><input semantic="INTERPOLATION" source="#jnt_spine3-Interpolations"/></sampler><channel source="#jnt_spine3-Matrix-animation-transform" target="jnt_spine3/matrix"/></animation></animation>
    <animation id="jnt_neck-anim" name="jnt_neck"><animation><source id="jnt_neck-Matrix-animation-input"><float_array id="jnt_neck-Matrix-animation-input-array" count="15">

0.000000 0.033333 0.066667 0.100000 0.133333 0.166667 0.200000 0.233333 0.266667 0.300000 0.333333 0.366667 0.400000 0.433333 0.466667</float_array><technique_common><accessor source="#jnt_neck-Matrix-animation-input-array" count="15"><param name="TIME" type="float"/></accessor></technique_common></source><source id="jnt_neck-Matrix-animation-output-transform"><float_array id="jnt_neck-Matrix-animation-output-transform-array" count="240">

0.976501 0.157916 0.146654 0.867450 0.033383 0.561444 -0.826841 0.171572 -0.212910 0.812307 0.542980 -0.000000 0.000000 0.000000 0.000000 1.000000
0.980950 0.144394 0.129951 0.867450 0.027284 0.559915 -0.828101 0.171573 -0.192334 0.815871 0.545309 0.000000 0.000000 0.000000 0.000000 1.000000
0.990793 0.104801 0.085705 0.867450 0.012932 0.556896 -0.830481 0.171572 -0.134763 0.823944 0.550413 0.000000 0.000000 0.000000 0.000000 1.000000
0.998923 0.039563 0.024249 0.867450 -0.001795 0.555117 -0.831770 0.171573 -0.046368 0.830831 0.554589 -0.000000 0.000000 0.000000 0.000000 1.000000
0.997870 -0.049047 -0.043009 0.867450 -0.008498 0.555943 -0.831176 0.171573 0.064677 0.829772 0.554342 -0.000000 0.000000 0.000000 0.000000 1.000000
0.982328 -0.154776 -0.105237 0.867450 -0.001017 0.557848 -0.829942 0.171573 0.187162 0.815383 0.547833 0.000000 0.000000 0.000000 0.000000 1.000000
0.951045 -0.267834 -0.154204 0.867450 0.022154 0.556757 -0.830380 0.171573 0.308258 0.786313 0.535434 -0.000000 0.000000 0.000000 0.000000 1.000000
0.906892 -0.377745 -0.186697 0.867450 0.056118 0.547410 -0.834981 0.171573 0.417610 0.746760 0.517640 -0.000000 0.000000 0.000000 0.000000 1.000000
0.857349 -0.473412 -0.202073 0.867449 0.094020 0.530001 -0.842768 0.171572 0.506076 0.703548 0.498906 -0.000000 0.000000 0.000000 0.000000 1.000000
0.812085 -0.546536 -0.204491 0.867450 0.127387 0.508017 -0.851874 0.171573 0.569466 0.665745 0.482175 -0.000000 0.000000 0.000000 0.000000 1.000000
0.779578 -0.593229 -0.200844 0.867450 0.150290 0.488501 -0.859523 0.171573 0.608006 0.639880 0.469981 -0.000000 0.000000 0.000000 0.000000 1.000000
0.757426 -0.622761 -0.196152 0.867449 0.165483 0.473714 -0.864992 0.171572 0.631603 0.622708 0.461859 0.000000 0.000000 0.000000 0.000000 1.000000
0.743649 -0.640294 -0.192381 0.867450 0.174752 0.463902 -0.868479 0.171573 0.645328 0.612224 0.456873 0.000000 0.000000 0.000000 0.000000 1.000000
0.736480 -0.649180 -0.190166 0.867450 0.179521 0.458607 -0.870317 0.171573 0.652204 0.606832 0.454296 -0.000000 0.000000 0.000000 0.000000 1.000000
0.733823 -0.652433 -0.189301 0.867450 0.181279 0.456611 -0.871002 0.171572 0.654708 0.604845 0.453344 -0.000000 0.000000 0.000000 0.000000 1.000000</float_array><technique_common><accessor source="#jnt_neck-Matrix-animation-output-transform-array" count="15" stride="16"><param type="float4x4"/></accessor></technique_common></source><source id="jnt_neck-Interpolations"><Name_array id="jnt_neck-Interpolations-array" count="15">
 LINEAR LINEAR LINEAR LINEAR LINEAR LINEAR LINEAR LINEAR LINEAR LINEAR LINEAR
LINEAR LINEAR LINEAR LINEAR</Name_array><technique_common><accessor source="#jnt_neck-Interpolations-array" count="15"><param type="name"/></accessor></technique_common></source><sampler id="jnt_neck-Matrix-animation-transform"><input semantic="INPUT" source="#jnt_neck-Matrix-animation-input"/><input semantic="OUTPUT" source="#jnt_neck-Matrix-animation-output-transform"/><input semantic="INTERPOLATION" source="#jnt_neck-Interpolations"/></sampler><channel source="#jnt_neck-Matrix-animation-transform" target="jnt_neck/matrix"/></animation></animation>
    <animation id="jnt_head-anim" name="jnt_head"><animation><source id="jnt_head-Matrix-animation-input"><float_array id="jnt_head-Matrix-animation-input-array" count="15">

0.000000 0.033333 0.066667 0.100000 0.133333 0.166667 0.200000 0.233333 0.266667 0.300000 0.333333 0.366667 0.400000 0.433333 0.466667</float_array><technique_common><accessor source="#jnt_head-Matrix-animation-input-array" count="15"><param name="TIME" type="float"/></accessor></technique_common></source><source id="jnt_head-Matrix-animation-output-transform"><float_array id="jnt_head-Matrix-animation-output-transform-array" count="240">

0.997695 -0.066581 0.013130 0.273590 0.066655 0.997762 -0.005263 0.000002 -0.012750 0.006126 0.999900 -0.000000 0.000000 0.000000 0.000000 1.000000
0.998187 -0.056592 0.020494 0.273591 0.056774 0.998351 -0.008441 0.000001 -0.019983 0.009589 0.999754 0.000000 0.000000 0.000000 0.000000 1.000000
0.998810 -0.028080 0.039874 0.273591 0.028805 0.999428 -0.017710 0.000002 -0.039354 0.018838 0.999048 0.000000 0.000000 0.000000 0.000000 1.000000
0.997651 0.017150 0.066311 0.273592 -0.014985 0.999343 -0.033011 0.000001 -0.066834 0.031940 0.997253 0.000000 0.000000 0.000000 0.000000 1.000000
0.992638 0.076207 0.094136 0.273591 -0.071342 0.995988 -0.054018 0.000002 -0.097875 0.046904 0.994093 -0.000000 0.000000 0.000000 0.000000 1.000000
0.982508 0.144064 0.117997 0.273590 -0.135285 0.987624 -0.079349 0.000002 -0.127969 0.061998 0.989838 -0.000000 0.000000 0.000000 0.000000 1.000000
0.967572 0.213981 0.134225 0.273590 -0.200626 0.973881 -0.106328 0.000002 -0.153471 0.075951 0.985230 -0.000000 0.000000 0.000000 0.000000 1.000000
0.949669 0.279225 0.141992 0.273592 -0.261429 0.956179 -0.131822 0.000001 -0.172577 0.088066 0.981051 -0.000000 0.000000 0.000000 0.000000 1.000000
0.931775 0.333897 0.142508 0.273591 -0.312642 0.937549 -0.152500 0.000001 -0.184528 0.097542 0.977975 0.000000 0.000000 0.000000 0.000000 1.000000
0.916853 0.374281 0.138905 0.273591 -0.350936 0.921472 -0.166534 0.000002 -0.190328 0.103940 0.976203 -0.000000 0.000000 0.000000 0.000000 1.000000
0.906834 0.399397 0.134663 0.273591 -0.375127 0.910460 -0.174191 0.000002 -0.192176 0.107447 0.975460 -0.000000 0.000000 0.000000 0.000000 1.000000
0.900321 0.414985 0.131177 0.273590 -0.390343 0.903232 -0.178336 0.000001 -0.192490 0.109356 0.975186 0.000000 0.000000 0.000000 0.000000 1.000000
0.896396 0.424129 0.128800 0.273591 -0.399358 0.898854 -0.180484 0.000002 -0.192321 0.110348 0.975108 0.000000 0.000000 0.000000 0.000000 1.000000
0.894389 0.428731 0.127505 0.273591 -0.403925 0.896612 -0.181471 0.000002 -0.192125 0.110804 0.975095 -0.000000 0.000000 0.000000 0.000000 1.000000
0.893652 0.430410 0.127016 0.273591 -0.405597 0.895788 -0.181814 0.000002 -0.192034 0.110961 0.975095 0.000000 0.000000 0.000000 0.000000 1.000000</float_array><technique_common><accessor source="#jnt_head-Matrix-animation-output-transform-array" count="15" stride="16"><param type="float4x4"/></accessor></technique_common></source><source id="jnt_head-Interpolations"><Name_array id="jnt_head-Interpolations-array" count="15">
 LINEAR LINEAR LINEAR LINEAR LINEAR LINEAR LINEAR LINEAR LINEAR LINEAR LINEAR
LINEAR LINEAR LINEAR LINEAR</Name_array><technique_common><accessor source="#jnt_head-Interpolations-array" count="15"><param type="name"/></accessor></technique_common></source><sampler id="jnt_head-Matrix-animation-transform"><input semantic="INPUT" source="#jnt_head-Matrix-animation-input"/><input semantic="OUTPUT" source="#jnt_head-Matrix-animation-output-transform"/><input semantic="INTERPOLATION" source="#jnt_head-Interpolations"/></sampler><channel source="#jnt_head-Matrix-animation-transform" target="jnt_head/matrix"/></animation></animation>
    <animation id="jnt_headappend-anim" name="jnt_headappend"><animation><source id="jnt_headappend-Matrix-animation-input"><float_array id="jnt_headappend-Matrix-animation-input-array" count="15">

0.000000 0.033333 0.066667 0.100000 0.133333 0.166667 0.200000 0.233333 0.266667 0.300000 0.333333 0.366667 0.400000 0.433333 0.466667</float_array><technique_common><accessor source="#jnt_headappend-Matrix-animation-input-array" count="15"><param name="TIME" type="float"/></accessor></technique_common></source><source id="jnt_headappend-Matrix-animation-output-transform"><float_array id="jnt_headappend-Matrix-animation-output-transform-array" count="240">

1.000000 0.000000 -0.000000 -0.000000 -0.000000 1.000000 -0.000000 -0.000000 0.000000 0.000000 1.000000 0.000000 0.000000 0.000000 0.000000 1.000000
1.000000 0.000000 -0.000000 0.000000 -0.000000 1.000000 -0.000000 0.000000 0.000000 0.000000 1.000000 0.000000 0.000000 0.000000 0.000000 1.000000
1.000000 0.000000 -0.000000 -0.000000 -0.000000 1.000000 -0.000000 -0.000000 0.000000 0.000000 1.000000 0.000000 0.000000 0.000000 0.000000 1.000000
1.000000 0.000000 -0.000000 0.000000 -0.000000 1.000000 -0.000000 0.000000 0.000000 0.000000 1.000000 0.000000 0.000000 0.000000 0.000000 1.000000
1.000000 0.000000 -0.000000 -0.000000 -0.000000 1.000000 0.000000 -0.000000 0.000000 -0.000000 1.000000 -0.000000 0.000000 0.000000 0.000000 1.000000
1.000000 0.000000 -0.000000 0.000000 -0.000000 1.000000 0.000000 -0.000000 0.000000 -0.000000 1.000000 -0.000000 0.000000 0.000000 0.000000 1.000000
1.000000 0.000000 -0.000000 -0.000000 -0.000000 1.000000 -0.000000 0.000000 0.000000 0.000000 1.000000 0.000000 0.000000 0.000000 0.000000 1.000000
1.000000 0.000000 -0.000000 -0.000000 -0.000000 1.000000 -0.000000 -0.000000 0.000000 0.000000 1.000000 -0.000000 0.000000 0.000000 0.000000 1.000000
