<?xml version="1.0"?>
<COLLADA xmlns="http://www.collada.org/2005/11/COLLADASchema" version="1.4.1">
 <asset>
  <contributor>
   <author></author>
   <authoring_tool>FBX COLLADA exporter</authoring_tool>
   <comments></comments>
  </contributor>
  <created>2024-08-13T13:20:01Z</created>
  <keywords></keywords>
  <modified>2024-08-13T13:20:01Z</modified>
  <revision></revision>
  <subject></subject>
  <title></title>
  <unit meter="0.010000" name="centimeter"></unit>
  <up_axis>Y_UP</up_axis>
 </asset>
 <library_animations>
  <animation id="Character-anim" name="Character">
   <animation>
    <source id="Character-Matrix-animation-input">
     <float_array id="Character-Matrix-animation-input-array" count="25">

0.000000 0.033333 0.066667 0.100000 0.133333 0.166667 0.200000 0.233333 0.266667 0.300000 0.333333 0.366667 0.400000 0.433333 0.466667 0.500000
0.533333 0.566667 0.600000 0.633333 0.666667 0.700000 0.733333 0.766667 0.800000</float_array>
     <technique_common>
      <accessor source="#Character-Matrix-animation-input-array" count="25">
       <param name="TIME" type="float"></param>
      </accessor>
     </technique_common>
    </source>
    <source id="Character-Matrix-animation-output-transform">
     <float_array id="Character-Matrix-animation-output-transform-array" count="400">

1.000000 0.000000 0.000000 0.000000 0.000000 1.000000 -0.000000 0.000000 0.000000 0.000000 1.000000 0.000000 0.000000 0.000000 0.000000 1.000000
1.000000 0.000000 0.000000 0.000000 0.000000 1.000000 -0.000000 0.000000 0.000000 0.000000 1.000000 0.000000 0.000000 0.000000 0.000000 1.000000
1.000000 0.000000 0.000000 0.000000 0.000000 1.000000 -0.000000 0.000000 0.000000 0.000000 1.000000 0.000000 0.000000 0.000000 0.000000 1.000000
1.000000 0.000000 0.000000 0.000000 0.000000 1.000000 -0.000000 0.000000 0.000000 0.000000 1.000000 0.000000 0.000000 0.000000 0.000000 1.000000
1.000000 0.000000 0.000000 0.000000 0.000000 1.000000 -0.000000 0.000000 0.000000 0.000000 1.000000 0.000000 0.000000 0.000000 0.000000 1.000000
1.000000 0.000000 0.000000 0.000000 0.000000 1.000000 -0.000000 0.000000 0.000000 0.000000 1.000000 0.000000 0.000000 0.000000 0.000000 1.000000
1.000000 0.000000 0.000000 0.000000 0.000000 1.000000 -0.000000 0.000000 0.000000 0.000000 1.000000 0.000000 0.000000 0.000000 0.000000 1.000000
1.000000 0.000000 0.000000 0.000000 0.000000 1.000000 -0.000000 0.000000 0.000000 0.000000 1.000000 0.000000 0.000000 0.000000 0.000000 1.000000
1.000000 0.000000 0.000000 0.000000 0.000000 1.000000 -0.000000 0.000000 0.000000 0.000000 1.000000 0.000000 0.000000 0.000000 0.000000 1.000000
1.000000 0.000000 0.000000 0.000000 0.000000 1.000000 -0.000000 0.000000 0.000000 0.000000 1.000000 0.000000 0.000000 0.000000 0.000000 1.000000
1.000000 0.000000 0.000000 0.000000 0.000000 1.000000 -0.000000 0.000000 0.000000 0.000000 1.000000 0.000000 0.000000 0.000000 0.000000 1.000000
1.000000 0.000000 0.000000 0.000000 0.000000 1.000000 -0.000000 0.000000 0.000000 0.000000 1.000000 0.000000 0.000000 0.000000 0.000000 1.000000
1.000000 0.000000 0.000000 0.000000 0.000000 1.000000 -0.000000 0.000000 0.000000 0.000000 1.000000 0.000000 0.000000 0.000000 0.000000 1.000000
1.000000 0.000000 0.000000 0.000000 0.000000 1.000000 -0.000000 0.000000 0.000000 0.000000 1.000000 0.000000 0.000000 0.000000 0.000000 1.000000
1.000000 0.000000 0.000000 0.000000 0.000000 1.000000 -0.000000 0.000000 0.000000 0.000000 1.000000 0.000000 0.000000 0.000000 0.000000 1.000000
1.000000 0.000000 0.000000 0.000000 0.000000 1.000000 -0.000000 0.000000 0.000000 0.000000 1.000000 0.000000 0.000000 0.000000 0.000000 1.000000
1.000000 0.000000 0.000000 0.000000 0.000000 1.000000 -0.000000 0.000000 0.000000 0.000000 1.000000 0.000000 0.000000 0.000000 0.000000 1.000000
1.000000 0.000000 0.000000 0.000000 0.000000 1.000000 -0.000000 0.000000 0.000000 0.000000 1.000000 0.000000 0.000000 0.000000 0.000000 1.000000
1.000000 0.000000 0.000000 0.000000 0.000000 1.000000 -0.000000 0.000000 0.000000 0.000000 1.000000 0.000000 0.000000 0.000000 0.000000 1.000000
1.000000 0.000000 0.000000 0.000000 0.000000 1.000000 -0.000000 0.000000 0.000000 0.000000 1.000000 0.000000 0.000000 0.000000 0.000000 1.000000
1.000000 0.000000 0.000000 0.000000 0.000000 1.000000 -0.000000 0.000000 0.000000 0.000000 1.000000 0.000000 0.000000 0.000000 0.000000 1.000000
1.000000 0.000000 0.000000 0.000000 0.000000 1.000000 -0.000000 0.000000 0.000000 0.000000 1.000000 0.000000 0.000000 0.000000 0.000000 1.000000
1.000000 0.000000 0.000000 0.000000 0.000000 1.000000 -0.000000 0.000000 0.000000 0.000000 1.000000 0.000000 0.000000 0.000000 0.000000 1.000000
1.000000 0.000000 0.000000 0.000000 0.000000 1.000000 -0.000000 0.000000 0.000000 0.000000 1.000000 0.000000 0.000000 0.000000 0.000000 1.000000
1.000000 0.000000 0.000000 0.000000 0.000000 1.000000 -0.000000 0.000000 0.000000 0.000000 1.000000 0.000000 0.000000 0.000000 0.000000 1.000000</float_array>
     <technique_common>
      <accessor source="#Character-Matrix-animation-output-transform-array" count="25" stride="16">
       <param type="float4x4"></param>
      </accessor>
     </technique_common>
    </source>
    <source id="Character-Interpolations">
     <Name_array id="Character-Interpolations-array" count="25">
 LINEAR LINEAR LINEAR LINEAR LINEAR LINEAR LINEAR LINEAR LINEAR LINEAR LINEAR
LINEAR LINEAR LINEAR LINEAR LINEAR LINEAR LINEAR LINEAR LINEAR LINEAR LINEAR LINEAR
LINEAR LINEAR</Name_array>
     <technique_common>
      <accessor source="#Character-Interpolations-array" count="25">
       <param type="name"></param>
      </accessor>
     </technique_common>
    </source>
    <sampler id="Character-Matrix-animation-transform">
     <input semantic="INPUT" source="#Character-Matrix-animation-input"></input>
     <input semantic="OUTPUT" source="#Character-Matrix-animation-output-transform"></input>
     <input semantic="INTERPOLATION" source="#Character-Interpolations"></input>
    </sampler>
    <channel source="#Character-Matrix-animation-transform" target="Character/matrix"></channel>
   </animation>
  </animation>
  <animation id="HIK_root_jnt-anim" name="HIK_root_jnt">
   <animation>
    <source id="HIK_root_jnt-Matrix-animation-input">
     <float_array id="HIK_root_jnt-Matrix-animation-input-array" count="25">

0.000000 0.033333 0.066667 0.100000 0.133333 0.166667 0.200000 0.233333 0.266667 0.300000 0.333333 0.366667 0.400000 0.433333 0.466667 0.500000
0.533333 0.566667 0.600000 0.633333 0.666667 0.700000 0.733333 0.766667 0.800000</float_array>
     <technique_common>
      <accessor source="#HIK_root_jnt-Matrix-animation-input-array" count="25">
       <param name="TIME" type="float"></param>
      </accessor>
     </technique_common>
    </source>
    <source id="HIK_root_jnt-Matrix-animation-output-transform">
     <float_array id="HIK_root_jnt-Matrix-animation-output-transform-array" count="400">

1.000000 0.000000 0.000000 0.000000 0.000000 1.000000 -0.000000 0.000000 0.000000 0.000000 1.000000 0.000000 0.000000 0.000000 0.000000 1.000000
1.000000 0.000000 0.000000 0.000000 0.000000 1.000000 -0.000000 0.000000 0.000000 0.000000 1.000000 0.000000 0.000000 0.000000 0.000000 1.000000
1.000000 0.000000 0.000000 0.000000 0.000000 1.000000 -0.000000 0.000000 0.000000 0.000000 1.000000 0.000000 0.000000 0.000000 0.000000 1.000000
1.000000 0.000000 0.000000 0.000000 0.000000 1.000000 -0.000000 0.000000 0.000000 0.000000 1.000000 0.000000 0.000000 0.000000 0.000000 1.000000
1.000000 0.000000 0.000000 0.000000 0.000000 1.000000 -0.000000 0.000000 0.000000 0.000000 1.000000 0.000000 0.000000 0.000000 0.000000 1.000000
1.000000 0.000000 0.000000 0.000000 0.000000 1.000000 -0.000000 0.000000 0.000000 0.000000 1.000000 0.000000 0.000000 0.000000 0.000000 1.000000
1.000000 0.000000 0.000000 0.000000 0.000000 1.000000 -0.000000 0.000000 0.000000 0.000000 1.000000 0.000000 0.000000 0.000000 0.000000 1.000000
1.000000 0.000000 0.000000 0.000000 0.000000 1.000000 -0.000000 0.000000 0.000000 0.000000 1.000000 0.000000 0.000000 0.000000 0.000000 1.000000
1.000000 0.000000 0.000000 0.000000 0.000000 1.000000 -0.000000 0.000000 0.000000 0.000000 1.000000 0.000000 0.000000 0.000000 0.000000 1.000000
1.000000 0.000000 0.000000 0.000000 0.000000 1.000000 -0.000000 0.000000 0.000000 0.000000 1.000000 0.000000 0.000000 0.000000 0.000000 1.000000
1.000000 0.000000 0.000000 0.000000 0.000000 1.000000 -0.000000 0.000000 0.000000 0.000000 1.000000 0.000000 0.000000 0.000000 0.000000 1.000000
1.000000 0.000000 0.000000 0.000000 0.000000 1.000000 -0.000000 0.000000 0.000000 0.000000 1.000000 0.000000 0.000000 0.000000 0.000000 1.000000
1.000000 0.000000 0.000000 0.000000 0.000000 1.000000 -0.000000 0.000000 0.000000 0.000000 1.000000 0.000000 0.000000 0.000000 0.000000 1.000000
1.000000 0.000000 0.000000 0.000000 0.000000 1.000000 -0.000000 0.000000 0.000000 0.000000 1.000000 0.000000 0.000000 0.000000 0.000000 1.000000
1.000000 0.000000 0.000000 0.000000 0.000000 1.000000 -0.000000 0.000000 0.000000 0.000000 1.000000 0.000000 0.000000 0.000000 0.000000 1.000000
1.000000 0.000000 0.000000 0.000000 0.000000 1.000000 -0.000000 0.000000 0.000000 0.000000 1.000000 0.000000 0.000000 0.000000 0.000000 1.000000
1.000000 0.000000 0.000000 0.000000 0.000000 1.000000 -0.000000 0.000000 0.000000 0.000000 1.000000 0.000000 0.000000 0.000000 0.000000 1.000000
1.000000 0.000000 0.000000 0.000000 0.000000 1.000000 -0.000000 0.000000 0.000000 0.000000 1.000000 0.000000 0.000000 0.000000 0.000000 1.000000
1.000000 0.000000 0.000000 0.000000 0.000000 1.000000 -0.000000 0.000000 0.000000 0.000000 1.000000 0.000000 0.000000 0.000000 0.000000 1.000000
1.000000 0.000000 0.000000 0.000000 0.000000 1.000000 -0.000000 0.000000 0.000000 0.000000 1.000000 0.000000 0.000000 0.000000 0.000000 1.000000
1.000000 0.000000 0.000000 0.000000 0.000000 1.000000 -0.000000 0.000000 0.000000 0.000000 1.000000 0.000000 0.000000 0.000000 0.000000 1.000000
1.000000 0.000000 0.000000 0.000000 0.000000 1.000000 -0.000000 0.000000 0.000000 0.000000 1.000000 0.000000 0.000000 0.000000 0.000000 1.000000
1.000000 0.000000 0.000000 0.000000 0.000000 1.000000 -0.000000 0.000000 0.000000 0.000000 1.000000 0.000000 0.000000 0.000000 0.000000 1.000000
1.000000 0.000000 0.000000 0.000000 0.000000 1.000000 -0.000000 0.000000 0.000000 0.000000 1.000000 0.000000 0.000000 0.000000 0.000000 1.000000
1.000000 0.000000 0.000000 0.000000 0.000000 1.000000 -0.000000 0.000000 0.000000 0.000000 1.000000 0.000000 0.000000 0.000000 0.000000 1.000000</float_array>
     <technique_common>
      <accessor source="#HIK_root_jnt-Matrix-animation-output-transform-array" count="25" stride="16">
       <param type="float4x4"></param>
      </accessor>
     </technique_common>
    </source>
    <source id="HIK_root_jnt-Interpolations">
     <Name_array id="HIK_root_jnt-Interpolations-array" count="25">
 LINEAR LINEAR LINEAR LINEAR LINEAR LINEAR LINEAR LINEAR LINEAR LINEAR LINEAR
LINEAR LINEAR LINEAR LINEAR LINEAR LINEAR LINEAR LINEAR LINEAR LINEAR LINEAR LINEAR
LINEAR LINEAR</Name_array>
     <technique_common>
      <accessor source="#HIK_root_jnt-Interpolations-array" count="25">
       <param type="name"></param>
      </accessor>
     </technique_common>
    </source>
    <sampler id="HIK_root_jnt-Matrix-animation-transform">
     <input semantic="INPUT" source="#HIK_root_jnt-Matrix-animation-input"></input>
     <input semantic="OUTPUT" source="#HIK_root_jnt-Matrix-animation-output-transform"></input>
     <input semantic="INTERPOLATION" source="#HIK_root_jnt-Interpolations"></input>
    </sampler>
    <channel source="#HIK_root_jnt-Matrix-animation-transform" target="HIK_root_jnt/matrix"></channel>
   </animation>
  </animation>
  <animation id="root_jnt-anim" name="root_jnt">
   <animation>
    <source id="root_jnt-Matrix-animation-input">
     <float_array id="root_jnt-Matrix-animation-input-array" count="25">

0.000000 0.033333 0.066667 0.100000 0.133333 0.166667 0.200000 0.233333 0.266667 0.300000 0.333333 0.366667 0.400000 0.433333 0.466667 0.500000
0.533333 0.566667 0.600000 0.633333 0.666667 0.700000 0.733333 0.766667 0.800000</float_array>
     <technique_common>
      <accessor source="#root_jnt-Matrix-animation-input-array" count="25">
       <param name="TIME" type="float"></param>
      </accessor>
     </technique_common>
    </source>
    <source id="root_jnt-Matrix-animation-output-transform">
     <float_array id="root_jnt-Matrix-animation-output-transform-array" count="400">

1.000000 0.000000 0.000000 0.000000 0.000000 1.000000 -0.000000 0.000000 0.000000 0.000000 1.000000 0.000000 0.000000 0.000000 0.000000 1.000000
1.000000 0.000000 0.000000 0.000000 0.000000 1.000000 -0.000000 0.000000 0.000000 0.000000 1.000000 0.000000 0.000000 0.000000 0.000000 1.000000
1.000000 0.000000 0.000000 0.000000 0.000000 1.000000 -0.000000 0.000000 0.000000 0.000000 1.000000 0.000000 0.000000 0.000000 0.000000 1.000000
1.000000 0.000000 0.000000 0.000000 0.000000 1.000000 -0.000000 0.000000 0.000000 0.000000 1.000000 0.000000 0.000000 0.000000 0.000000 1.000000
1.000000 0.000000 0.000000 0.000000 0.000000 1.000000 -0.000000 0.000000 0.000000 0.000000 1.000000 0.000000 0.000000 0.000000 0.000000 1.000000
1.000000 0.000000 0.000000 0.000000 0.000000 1.000000 -0.000000 0.000000 0.000000 0.000000 1.000000 0.000000 0.000000 0.000000 0.000000 1.000000
1.000000 0.000000 0.000000 0.000000 0.000000 1.000000 -0.000000 0.000000 0.000000 0.000000 1.000000 0.000000 0.000000 0.000000 0.000000 1.000000
1.000000 0.000000 0.000000 0.000000 0.000000 1.000000 -0.000000 0.000000 0.000000 0.000000 1.000000 0.000000 0.000000 0.000000 0.000000 1.000000
1.000000 0.000000 0.000000 0.000000 0.000000 1.000000 -0.000000 0.000000 0.000000 0.000000 1.000000 0.000000 0.000000 0.000000 0.000000 1.000000
1.000000 0.000000 0.000000 0.000000 0.000000 1.000000 -0.000000 0.000000 0.000000 0.000000 1.000000 0.000000 0.000000 0.000000 0.000000 1.000000
1.000000 0.000000 0.000000 0.000000 0.000000 1.000000 -0.000000 0.000000 0.000000 0.000000 1.000000 0.000000 0.000000 0.000000 0.000000 1.000000
1.000000 0.000000 0.000000 0.000000 0.000000 1.000000 -0.000000 0.000000 0.000000 0.000000 1.000000 0.000000 0.000000 0.000000 0.000000 1.000000
1.000000 0.000000 0.000000 0.000000 0.000000 1.000000 -0.000000 0.000000 0.000000 0.000000 1.000000 0.000000 0.000000 0.000000 0.000000 1.000000
1.000000 0.000000 0.000000 0.000000 0.000000 1.000000 -0.000000 0.000000 0.000000 0.000000 1.000000 0.000000 0.000000 0.000000 0.000000 1.000000
1.000000 0.000000 0.000000 0.000000 0.000000 1.000000 -0.000000 0.000000 0.000000 0.000000 1.000000 0.000000 0.000000 0.000000 0.000000 1.000000
1.000000 0.000000 0.000000 0.000000 0.000000 1.000000 -0.000000 0.000000 0.000000 0.000000 1.000000 0.000000 0.000000 0.000000 0.000000 1.000000
1.000000 0.000000 0.000000 0.000000 0.000000 1.000000 -0.000000 0.000000 0.000000 0.000000 1.000000 0.000000 0.000000 0.000000 0.000000 1.000000
1.000000 0.000000 0.000000 0.000000 0.000000 1.000000 -0.000000 0.000000 0.000000 0.000000 1.000000 0.000000 0.000000 0.000000 0.000000 1.000000
1.000000 0.000000 0.000000 0.000000 0.000000 1.000000 -0.000000 0.000000 0.000000 0.000000 1.000000 0.000000 0.000000 0.000000 0.000000 1.000000
1.000000 0.000000 0.000000 0.000000 0.000000 1.000000 -0.000000 0.000000 0.000000 0.000000 1.000000 0.000000 0.000000 0.000000 0.000000 1.000000
1.000000 0.000000 0.000000 0.000000 0.000000 1.000000 -0.000000 0.000000 0.000000 0.000000 1.000000 0.000000 0.000000 0.000000 0.000000 1.000000
1.000000 0.000000 0.000000 0.000000 0.000000 1.000000 -0.000000 0.000000 0.000000 0.000000 1.000000 0.000000 0.000000 0.000000 0.000000 1.000000
1.000000 0.000000 0.000000 0.000000 0.000000 1.000000 -0.000000 0.000000 0.000000 0.000000 1.000000 0.000000 0.000000 0.000000 0.000000 1.000000
1.000000 0.000000 0.000000 0.000000 0.000000 1.000000 -0.000000 0.000000 0.000000 0.000000 1.000000 0.000000 0.000000 0.000000 0.000000 1.000000
1.000000 0.000000 0.000000 0.000000 0.000000 1.000000 -0.000000 0.000000 0.000000 0.000000 1.000000 0.000000 0.000000 0.000000 0.000000 1.000000</float_array>
     <technique_common>
      <accessor source="#root_jnt-Matrix-animation-output-transform-array" count="25" stride="16">
       <param type="float4x4"></param>
      </accessor>
     </technique_common>
    </source>
    <source id="root_jnt-Interpolations">
     <Name_array id="root_jnt-Interpolations-array" count="25">
 LINEAR LINEAR LINEAR LINEAR LINEAR LINEAR LINEAR LINEAR LINEAR LINEAR LINEAR
LINEAR LINEAR LINEAR LINEAR LINEAR LINEAR LINEAR LINEAR LINEAR LINEAR LINEAR LINEAR
LINEAR LINEAR</Name_array>
     <technique_common>
      <accessor source="#root_jnt-Interpolations-array" count="25">
       <param type="name"></param>
      </accessor>
     </technique_common>
    </source>
    <sampler id="root_jnt-Matrix-animation-transform">
     <input semantic="INPUT" source="#root_jnt-Matrix-animation-input"></input>
     <input semantic="OUTPUT" source="#root_jnt-Matrix-animation-output-transform"></input>
     <input semantic="INTERPOLATION" source="#root_jnt-Interpolations"></input>
    </sampler>
    <channel source="#root_jnt-Matrix-animation-transform" target="root_jnt/matrix"></channel>
   </animation>
  </animation>
  <animation id="jnt_hips-anim" name="jnt_hips">
   <animation>
    <source id="jnt_hips-Matrix-animation-input">
     <float_array id="jnt_hips-Matrix-animation-input-array" count="25">

0.000000 0.033333 0.066667 0.100000 0.133333 0.166667 0.200000 0.233333 0.266667 0.300000 0.333333 0.366667 0.400000 0.433333 0.466667 0.500000
0.533333 0.566667 0.600000 0.633333 0.666667 0.700000 0.733333 0.766667 0.800000</float_array>
     <technique_common>
      <accessor source="#jnt_hips-Matrix-animation-input-array" count="25">
       <param name="TIME" type="float"></param>
      </accessor>
     </technique_common>
    </source>
    <source id="jnt_hips-Matrix-animation-output-transform">
     <float_array id="jnt_hips-Matrix-animation-output-transform-array" count="400">

0.978148 0.067257 -0.196731 -0.000000 -0.061991 0.997537 0.032813 1.941480 0.198453 -0.019901 0.979908 -0.247371 0.000000 0.000000 0.000000 1.000000
0.978148 0.067255 -0.196730 -0.000000 -0.061988 0.997537 0.032817 1.941480 0.198452 -0.019906 0.979908 -0.247371 0.000000 0.000000 0.000000 1.000000
0.978149 0.067248 -0.196727 -0.000000 -0.061978 0.997537 0.032830 1.941480 0.198450 -0.019919 0.979909 -0.247371 0.000000 0.000000 0.000000 1.000000
0.978151 0.067237 -0.196722 -0.000000 -0.061963 0.997538 0.032848 1.941480 0.198446 -0.019941 0.979909 -0.247371 0.000000 0.000000 0.000000 1.000000
0.978153 0.067222 -0.196715 -0.000000 -0.061943 0.997538 0.032873 1.941480 0.198441 -0.019969 0.979909 -0.247371 0.000000 0.000000 0.000000 1.000000
0.978156 0.067202 -0.196708 -0.000000 -0.061917 0.997539 0.032901 1.941480 0.198434 -0.020003 0.979910 -0.247371 0.000000 0.000000 0.000000 1.000000
0.978160 0.067177 -0.196699 -0.000000 -0.061886 0.997540 0.032931 1.941480 0.198427 -0.020039 0.979911 -0.247371 0.000000 0.000000 0.000000 1.000000
0.978164 0.067147 -0.196690 -0.000000 -0.061849 0.997541 0.032963 1.941480 0.198420 -0.020078 0.979911 -0.247371 0.000000 0.000000 0.000000 1.000000
0.978168 0.067113 -0.196680 -0.000000 -0.061808 0.997543 0.032995 1.941480 0.198411 -0.020118 0.979912 -0.247371 0.000000 0.000000 0.000000 1.000000
0.978173 0.067074 -0.196670 -0.000000 -0.061762 0.997544 0.033024 1.941480 0.198402 -0.020157 0.979913 -0.247371 0.000000 0.000000 0.000000 1.000000
0.978178 0.067030 -0.196661 -0.000000 -0.061713 0.997547 0.033052 1.941480 0.198394 -0.020194 0.979914 -0.247371 0.000000 0.000000 0.000000 1.000000
0.978183 0.066982 -0.196651 -0.000000 -0.061659 0.997549 0.033075 1.941480 0.198385 -0.020228 0.979915 -0.247371 0.000000 0.000000 0.000000 1.000000
0.978188 0.066930 -0.196642 -0.000000 -0.061602 0.997552 0.033094 1.941480 0.198376 -0.020259 0.979917 -0.247371 0.000000 0.000000 0.000000 1.000000
0.978194 0.066875 -0.196634 -0.000000 -0.061543 0.997555 0.033109 1.941480 0.198367 -0.020286 0.979918 -0.247371 0.000000 0.000000 0.000000 1.000000
0.978199 0.066817 -0.196626 -0.000000 -0.061483 0.997559 0.033119 1.941480 0.198359 -0.020308 0.979919 -0.247371 0.000000 0.000000 0.000000 1.000000
0.978205 0.066758 -0.196619 -0.000000 -0.061421 0.997562 0.033124 1.941480 0.198351 -0.020325 0.979920 -0.247371 0.000000 0.000000 0.000000 1.000000
0.978210 0.066698 -0.196613 -0.000000 -0.061360 0.997566 0.033124 1.941480 0.198344 -0.020338 0.979921 -0.247371 0.000000 0.000000 0.000000 1.000000
0.978215 0.066639 -0.196608 -0.000000 -0.061300 0.997570 0.033120 1.941480 0.198337 -0.020347 0.979923 -0.247371 0.000000 0.000000 0.000000 1.000000
0.978220 0.066581 -0.196604 -0.000000 -0.061243 0.997573 0.033113 1.941480 0.198331 -0.020352 0.979924 -0.247371 0.000000 0.000000 0.000000 1.000000
0.978224 0.066526 -0.196600 -0.000000 -0.061189 0.997577 0.033104 1.941480 0.198326 -0.020353 0.979925 -0.247371 0.000000 0.000000 0.000000 1.000000
0.978228 0.066476 -0.196597 -0.000000 -0.061141 0.997580 0.033093 1.941480 0.198321 -0.020352 0.979926 -0.247371 0.000000 0.000000 0.000000 1.000000
0.978232 0.066432 -0.196595 -0.000000 -0.061098 0.997583 0.033082 1.941480 0.198318 -0.020350 0.979927 -0.247371 0.000000 0.000000 0.000000 1.000000
0.978234 0.066395 -0.196593 -0.000000 -0.061063 0.997586 0.033071 1.941480 0.198314 -0.020347 0.979927 -0.247371 0.000000 0.000000 0.000000 1.000000
0.978237 0.066368 -0.196592 -0.000000 -0.061036 0.997588 0.033062 1.941480 0.198312 -0.020344 0.979928 -0.247371 0.000000 0.000000 0.000000 1.000000
0.978238 0.066350 -0.196591 -0.000000 -0.061019 0.997589 0.033057 1.941480 0.198311 -0.020341 0.979928 -0.247371 0.000000 0.000000 0.000000 1.000000</float_array>
     <technique_common>
      <accessor source="#jnt_hips-Matrix-animation-output-transform-array" count="25" stride="16">
       <param type="float4x4"></param>
      </accessor>
     </technique_common>
    </source>
    <source id="jnt_hips-Interpolations">
     <Name_array id="jnt_hips-Interpolations-array" count="25">
 LINEAR LINEAR LINEAR LINEAR LINEAR LINEAR LINEAR LINEAR LINEAR LINEAR LINEAR
LINEAR LINEAR LINEAR LINEAR LINEAR LINEAR LINEAR LINEAR LINEAR LINEAR LINEAR LINEAR
LINEAR LINEAR</Name_array>
     <technique_common>
      <accessor source="#jnt_hips-Interpolations-array" count="25">
       <param type="name"></param>
      </accessor>
     </technique_common>
    </source>
    <sampler id="jnt_hips-Matrix-animation-transform">
     <input semantic="INPUT" source="#jnt_hips-Matrix-animation-input"></input>
     <input semantic="OUTPUT" source="#jnt_hips-Matrix-animation-output-transform"></input>
     <input semantic="INTERPOLATION" source="#jnt_hips-Interpolations"></input>
    </sampler>
    <channel source="#jnt_hips-Matrix-animation-transform" target="jnt_hips/matrix"></channel>
   </animation>
  </animation>
  <animation id="jnt_height-anim" name="jnt_height">
   <animation>
    <source id="jnt_height-Matrix-animation-input">
     <float_array id="jnt_height-Matrix-animation-input-array" count="25">

0.000000 0.033333 0.066667 0.100000 0.133333 0.166667 0.200000 0.233333 0.266667 0.300000 0.333333 0.366667 0.400000 0.433333 0.466667 0.500000
0.533333 0.566667 0.600000 0.633333 0.666667 0.700000 0.733333 0.766667 0.800000</float_array>
     <technique_common>
      <accessor source="#jnt_height-Matrix-animation-input-array" count="25">
       <param name="TIME" type="float"></param>
      </accessor>
     </technique_common>
    </source>
    <source id="jnt_height-Matrix-animation-output-transform">
     <float_array id="jnt_height-Matrix-animation-output-transform-array" count="400">

0.997979 0.061433 0.016217 -0.000000 -0.061939 0.997540 0.032830 -0.000000 -0.014160 -0.033768 0.999329 -0.000000 0.000000 0.000000 0.000000 1.000000
0.997979 0.061429 0.016218 -0.000000 -0.061936 0.997540 0.032834 -0.000000 -0.014161 -0.033772 0.999329 -0.000000 0.000000 0.000000 0.000000 1.000000
0.997980 0.061420 0.016221 -0.000000 -0.061927 0.997540 0.032846 -0.000000 -0.014164 -0.033785 0.999329 -0.000000 0.000000 0.000000 0.000000 1.000000
0.997981 0.061404 0.016227 -0.000000 -0.061911 0.997540 0.032865 -0.000000 -0.014169 -0.033804 0.999328 -0.000000 0.000000 0.000000 0.000000 1.000000
0.997982 0.061383 0.016234 -0.000000 -0.061890 0.997541 0.032889 -0.000000 -0.014176 -0.033828 0.999327 0.000000 0.000000 0.000000 0.000000 1.000000
0.997984 0.061356 0.016243 -0.000000 -0.061864 0.997541 0.032918 -0.000000 -0.014184 -0.033856 0.999326 -0.000000 0.000000 0.000000 0.000000 1.000000
0.997986 0.061323 0.016253 -0.000000 -0.061832 0.997542 0.032948 -0.000000 -0.014193 -0.033887 0.999325 0.000000 0.000000 0.000000 0.000000 1.000000
0.997988 0.061286 0.016264 -0.000000 -0.061796 0.997544 0.032980 -0.000000 -0.014203 -0.033919 0.999324 -0.000000 0.000000 0.000000 0.000000 1.000000
0.997990 0.061243 0.016275 -0.000000 -0.061754 0.997545 0.033012 -0.000000 -0.014213 -0.033950 0.999322 0.000000 0.000000 0.000000 0.000000 1.000000
0.997993 0.061196 0.016287 0.000000 -0.061708 0.997547 0.033041 -0.000000 -0.014225 -0.033980 0.999321 -0.000000 0.000000 0.000000 0.000000 1.000000
0.997996 0.061145 0.016298 0.000000 -0.061657 0.997549 0.033069 -0.000000 -0.014236 -0.034007 0.999320 0.000000 0.000000 0.000000 0.000000 1.000000
0.997999 0.061090 0.016309 0.000000 -0.061603 0.997552 0.033092 -0.000000 -0.014248 -0.034031 0.999319 -0.000000 0.000000 0.000000 0.000000 1.000000
0.998002 0.061032 0.016320 -0.000000 -0.061546 0.997555 0.033112 -0.000000 -0.014260 -0.034050 0.999318 -0.000000 0.000000 0.000000 0.000000 1.000000
0.998006 0.060972 0.016331 -0.000000 -0.061486 0.997558 0.033126 -0.000000 -0.014271 -0.034064 0.999318 -0.000000 0.000000 0.000000 0.000000 1.000000
0.998009 0.060910 0.016340 0.000000 -0.061425 0.997561 0.033136 -0.000000 -0.014282 -0.034074 0.999317 0.000000 0.000000 0.000000 0.000000 1.000000
0.998013 0.060848 0.016349 -0.000000 -0.061363 0.997565 0.033141 -0.000000 -0.014293 -0.034078 0.999317 0.000000 0.000000 0.000000 0.000000 1.000000
0.998017 0.060786 0.016357 -0.000000 -0.061302 0.997569 0.033141 -0.000000 -0.014303 -0.034078 0.999317 0.000000 0.000000 0.000000 0.000000 1.000000
0.998020 0.060725 0.016364 -0.000000 -0.061241 0.997573 0.033138 -0.000000 -0.014312 -0.034074 0.999317 0.000000 0.000000 0.000000 0.000000 1.000000
0.998024 0.060667 0.016370 0.000000 -0.061184 0.997576 0.033130 -0.000000 -0.014320 -0.034067 0.999317 0.000000 0.000000 0.000000 0.000000 1.000000
0.998027 0.060613 0.016375 -0.000000 -0.061129 0.997580 0.033121 -0.000000 -0.014328 -0.034057 0.999317 0.000000 0.000000 0.000000 0.000000 1.000000
0.998030 0.060564 0.016379 0.000000 -0.061080 0.997583 0.033110 0.000000 -0.014335 -0.034045 0.999317 -0.000000 0.000000 0.000000 0.000000 1.000000
0.998033 0.060521 0.016383 -0.000000 -0.061037 0.997586 0.033099 -0.000000 -0.014340 -0.034033 0.999318 -0.000000 0.000000 0.000000 0.000000 1.000000
0.998034 0.060486 0.016385 0.000000 -0.061002 0.997589 0.033088 -0.000000 -0.014345 -0.034023 0.999318 -0.000000 0.000000 0.000000 0.000000 1.000000
0.998036 0.060459 0.016387 -0.000000 -0.060975 0.997591 0.033080 -0.000000 -0.014348 -0.034014 0.999318 -0.000000 0.000000 0.000000 0.000000 1.000000
0.998037 0.060442 0.016389 0.000000 -0.060958 0.997592 0.033074 0.000000 -0.014350 -0.034008 0.999318 -0.000000 0.000000 0.000000 0.000000 1.000000</float_array>
     <technique_common>
      <accessor source="#jnt_height-Matrix-animation-output-transform-array" count="25" stride="16">
       <param type="float4x4"></param>
      </accessor>
     </technique_common>
    </source>
    <source id="jnt_height-Interpolations">
     <Name_array id="jnt_height-Interpolations-array" count="25">
 LINEAR LINEAR LINEAR LINEAR LINEAR LINEAR LINEAR LINEAR LINEAR LINEAR LINEAR
LINEAR LINEAR LINEAR LINEAR LINEAR LINEAR LINEAR LINEAR LINEAR LINEAR LINEAR LINEAR
LINEAR LINEAR</Name_array>
     <technique_common>
      <accessor source="#jnt_height-Interpolations-array" count="25">
       <param type="name"></param>
      </accessor>
     </technique_common>
    </source>
    <sampler id="jnt_height-Matrix-animation-transform">
     <input semantic="INPUT" source="#jnt_height-Matrix-animation-input"></input>
     <input semantic="OUTPUT" source="#jnt_height-Matrix-animation-output-transform"></input>
     <input semantic="INTERPOLATION" source="#jnt_height-Interpolations"></input>
    </sampler>
    <channel source="#jnt_height-Matrix-animation-transform" target="jnt_height/matrix"></channel>
   </animation>
  </animation>
  <animation id="jnt_spine1-anim" name="jnt_spine1">
   <animation>
    <source id="jnt_spine1-Matrix-animation-input">
     <float_array id="jnt_spine1-Matrix-animation-input-array" count="25">

0.000000 0.033333 0.066667 0.100000 0.133333 0.166667 0.200000 0.233333 0.266667 0.300000 0.333333 0.366667 0.400000 0.433333 0.466667 0.500000
0.533333 0.566667 0.600000 0.633333 0.666667 0.700000 0.733333 0.766667 0.800000</float_array>
     <technique_common>
      <accessor source="#jnt_spine1-Matrix-animation-input-array" count="25">
       <param name="TIME" type="float"></param>
      </accessor>
     </technique_common>
    </source>
    <source id="jnt_spine1-Matrix-animation-output-transform">
     <float_array id="jnt_spine1-Matrix-animation-output-transform-array" count="400">

0.041074 0.011735 0.999088 -0.005844 0.999143 0.004665 -0.041131 0.209026 -0.005144 0.999920 -0.011534 0.038786 0.000000 0.000000 0.000000 1.000000
0.041074 0.011737 0.999088 -0.005844 0.999143 0.004667 -0.041131 0.209026 -0.005145 0.999920 -0.011536 0.038786 0.000000 0.000000 0.000000 1.000000
0.041076 0.011743 0.999087 -0.005844 0.999143 0.004672 -0.041134 0.209026 -0.005151 0.999920 -0.011541 0.038786 0.000000 0.000000 0.000000 1.000000
0.041079 0.011753 0.999087 -0.005844 0.999143 0.004679 -0.041137 0.209026 -0.005159 0.999920 -0.011551 0.038786 0.000000 0.000000 0.000000 1.000000
0.041083 0.011766 0.999087 -0.005844 0.999143 0.004689 -0.041141 0.209026 -0.005169 0.999920 -0.011563 0.038786 0.000000 0.000000 0.000000 1.000000
0.041088 0.011781 0.999086 -0.005844 0.999142 0.004700 -0.041146 0.209026 -0.005180 0.999920 -0.011578 0.038786 0.000000 0.000000 0.000000 1.000000
0.041092 0.011799 0.999086 -0.005844 0.999142 0.004712 -0.041150 0.209026 -0.005193 0.999919 -0.011595 0.038786 0.000000 0.000000 0.000000 1.000000
0.041097 0.011819 0.999086 -0.005844 0.999142 0.004723 -0.041155 0.209026 -0.005205 0.999919 -0.011615 0.038786 0.000000 0.000000 0.000000 1.000000
0.041101 0.011840 0.999085 -0.005844 0.999142 0.004734 -0.041160 0.209026 -0.005217 0.999919 -0.011635 0.038786 0.000000 0.000000 0.000000 1.000000
0.041106 0.011862 0.999085 -0.005844 0.999141 0.004743 -0.041165 0.209026 -0.005227 0.999919 -0.011657 0.038786 0.000000 0.000000 0.000000 1.000000
0.041109 0.011886 0.999084 -0.005844 0.999141 0.004751 -0.041168 0.209026 -0.005236 0.999918 -0.011680 0.038786 0.000000 0.000000 0.000000 1.000000
0.041112 0.011910 0.999084 -0.005844 0.999141 0.004756 -0.041171 0.209026 -0.005242 0.999918 -0.011704 0.038786 0.000000 0.000000 0.000000 1.000000
0.041114 0.011933 0.999084 -0.005844 0.999141 0.004759 -0.041173 0.209026 -0.005246 0.999918 -0.011727 0.038786 0.000000 0.000000 0.000000 1.000000
0.041115 0.011957 0.999083 -0.005844 0.999141 0.004758 -0.041175 0.209026 -0.005246 0.999917 -0.011751 0.038786 0.000000 0.000000 0.000000 1.000000
0.041116 0.011980 0.999083 -0.005844 0.999141 0.004756 -0.041176 0.209026 -0.005245 0.999917 -0.011774 0.038786 0.000000 0.000000 0.000000 1.000000
0.041116 0.012003 0.999083 -0.005844 0.999141 0.004751 -0.041175 0.209026 -0.005240 0.999917 -0.011797 0.038786 0.000000 0.000000 0.000000 1.000000
0.041115 0.012024 0.999083 -0.005844 0.999141 0.004743 -0.041174 0.209026 -0.005234 0.999917 -0.011818 0.038786 0.000000 0.000000 0.000000 1.000000
0.041114 0.012044 0.999082 -0.005844 0.999141 0.004733 -0.041173 0.209026 -0.005225 0.999916 -0.011839 0.038786 0.000000 0.000000 0.000000 1.000000
0.041112 0.012062 0.999082 -0.005844 0.999141 0.004723 -0.041171 0.209026 -0.005215 0.999916 -0.011857 0.038786 0.000000 0.000000 0.000000 1.000000
0.041110 0.012079 0.999082 -0.005844 0.999141 0.004711 -0.041169 0.209026 -0.005204 0.999916 -0.011874 0.038786 0.000000 0.000000 0.000000 1.000000
0.041107 0.012093 0.999082 -0.005844 0.999141 0.004699 -0.041167 0.209026 -0.005193 0.999916 -0.011890 0.038786 0.000000 0.000000 0.000000 1.000000
0.041105 0.012106 0.999082 -0.005844 0.999142 0.004688 -0.041164 0.209026 -0.005182 0.999916 -0.011903 0.038786 0.000000 0.000000 0.000000 1.000000
0.041103 0.012116 0.999082 -0.005844 0.999142 0.004678 -0.041162 0.209026 -0.005173 0.999916 -0.011913 0.038786 0.000000 0.000000 0.000000 1.000000
0.041102 0.012123 0.999082 -0.005844 0.999142 0.004670 -0.041161 0.209026 -0.005165 0.999916 -0.011921 0.038786 0.000000 0.000000 0.000000 1.000000
0.041101 0.012128 0.999082 -0.005844 0.999142 0.004666 -0.041160 0.209026 -0.005160 0.999916 -0.011925 0.038786 0.000000 0.000000 0.000000 1.000000</float_array>
     <technique_common>
      <accessor source="#jnt_spine1-Matrix-animation-output-transform-array" count="25" stride="16">
       <param type="float4x4"></param>
      </accessor>
     </technique_common>
    </source>
    <source id="jnt_spine1-Interpolations">
     <Name_array id="jnt_spine1-Interpolations-array" count="25">
 LINEAR LINEAR LINEAR LINEAR LINEAR LINEAR LINEAR LINEAR LINEAR LINEAR LINEAR
LINEAR LINEAR LINEAR LINEAR LINEAR LINEAR LINEAR LINEAR LINEAR LINEAR LINEAR LINEAR
LINEAR LINEAR</Name_array>
     <technique_common>
      <accessor source="#jnt_spine1-Interpolations-array" count="25">
       <param type="name"></param>
      </accessor>
     </technique_common>
    </source>
    <sampler id="jnt_spine1-Matrix-animation-transform">
     <input semantic="INPUT" source="#jnt_spine1-Matrix-animation-input"></input>
     <input semantic="OUTPUT" source="#jnt_spine1-Matrix-animation-output-transform"></input>
     <input semantic="INTERPOLATION" source="#jnt_spine1-Interpolations"></input>
    </sampler>
    <channel source="#jnt_spine1-Matrix-animation-transform" target="jnt_spine1/matrix"></channel>
   </animation>
  </animation>
  <animation id="jnt_spine2-anim" name="jnt_spine2">
   <animation>
    <source id="jnt_spine2-Matrix-animation-input">
     <float_array id="jnt_spine2-Matrix-animation-input-array" count="25">

0.000000 0.033333 0.066667 0.100000 0.133333 0.166667 0.200000 0.233333 0.266667 0.300000 0.333333 0.366667 0.400000 0.433333 0.466667 0.500000
0.533333 0.566667 0.600000 0.633333 0.666667 0.700000 0.733333 0.766667 0.800000</float_array>
     <technique_common>
      <accessor source="#jnt_spine2-Matrix-animation-input-array" count="25">
       <param name="TIME" type="float"></param>
      </accessor>
     </technique_common>
    </source>
    <source id="jnt_spine2-Matrix-animation-output-transform">
     <float_array id="jnt_spine2-Matrix-animation-output-transform-array" count="400">

0.998935 0.046136 0.000289 0.354983 -0.046135 0.998934 -0.001419 0.078525 -0.000354 0.001404 0.999999 0.012378 0.000000 0.000000 0.000000 1.000000
0.998935 0.046134 0.000281 0.354983 -0.046134 0.998934 -0.001422 0.078525 -0.000347 0.001408 0.999999 0.012378 0.000000 0.000000 0.000000 1.000000
0.998935 0.046129 0.000260 0.354983 -0.046129 0.998934 -0.001432 0.078525 -0.000326 0.001418 0.999999 0.012378 0.000000 0.000000 0.000000 1.000000
0.998935 0.046121 0.000226 0.354983 -0.046121 0.998934 -0.001447 0.078525 -0.000293 0.001435 0.999999 0.012378 0.000000 0.000000 0.000000 1.000000
0.998936 0.046110 0.000180 0.354983 -0.046110 0.998935 -0.001468 0.078525 -0.000248 0.001458 0.999999 0.012378 0.000000 0.000000 0.000000 1.000000
0.998936 0.046098 0.000124 0.354983 -0.046097 0.998936 -0.001494 0.078525 -0.000193 0.001486 0.999999 0.012378 0.000000 0.000000 0.000000 1.000000
0.998937 0.046083 0.000058 0.354983 -0.046083 0.998936 -0.001523 0.078525 -0.000128 0.001519 0.999999 0.012378 0.000000 0.000000 0.000000 1.000000
0.998938 0.046067 -0.000018 0.354983 -0.046066 0.998937 -0.001557 0.078525 -0.000054 0.001556 0.999999 0.012378 0.000000 0.000000 0.000000 1.000000
0.998939 0.046049 -0.000101 0.354983 -0.046049 0.998938 -0.001594 0.078525 0.000027 0.001597 0.999999 0.012378 0.000000 0.000000 0.000000 1.000000
0.998940 0.046031 -0.000190 0.354983 -0.046031 0.998938 -0.001634 0.078525 0.000115 0.001641 0.999998 0.012378 0.000000 0.000000 0.000000 1.000000
0.998940 0.046012 -0.000286 0.354983 -0.046013 0.998939 -0.001676 0.078525 0.000209 0.001687 0.999998 0.012378 0.000000 0.000000 0.000000 1.000000
0.998941 0.045993 -0.000386 0.354983 -0.045994 0.998940 -0.001720 0.078525 0.000306 0.001736 0.999998 0.012378 0.000000 0.000000 0.000000 1.000000
0.998942 0.045975 -0.000489 0.354983 -0.045976 0.998941 -0.001765 0.078525 0.000408 0.001785 0.999998 0.012378 0.000000 0.000000 0.000000 1.000000
0.998943 0.045956 -0.000594 0.354983 -0.045957 0.998941 -0.001810 0.078525 0.000511 0.001835 0.999998 0.012378 0.000000 0.000000 0.000000 1.000000
0.998943 0.045939 -0.000700 0.354983 -0.045940 0.998942 -0.001856 0.078525 0.000614 0.001886 0.999998 0.012378 0.000000 0.000000 0.000000 1.000000
0.998944 0.045922 -0.000805 0.354983 -0.045923 0.998943 -0.001901 0.078525 0.000717 0.001935 0.999998 0.012378 0.000000 0.000000 0.000000 1.000000
0.998945 0.045906 -0.000908 0.354983 -0.045908 0.998944 -0.001944 0.078525 0.000818 0.001984 0.999997 0.012378 0.000000 0.000000 0.000000 1.000000
0.998945 0.045892 -0.001007 0.354983 -0.045893 0.998944 -0.001986 0.078525 0.000915 0.002030 0.999997 0.012378 0.000000 0.000000 0.000000 1.000000
0.998946 0.045878 -0.001101 0.354983 -0.045880 0.998945 -0.002025 0.078525 0.001007 0.002074 0.999997 0.012378 0.000000 0.000000 0.000000 1.000000
0.998946 0.045866 -0.001188 0.354983 -0.045869 0.998945 -0.002061 0.078525 0.001092 0.002114 0.999997 0.012378 0.000000 0.000000 0.000000 1.000000
0.998947 0.045856 -0.001266 0.354983 -0.045859 0.998945 -0.002094 0.078525 0.001168 0.002150 0.999997 0.012378 0.000000 0.000000 0.000000 1.000000
0.998947 0.045848 -0.001333 0.354983 -0.045850 0.998946 -0.002122 0.078525 0.001234 0.002181 0.999997 0.012378 0.000000 0.000000 0.000000 1.000000
0.998947 0.045841 -0.001389 0.354983 -0.045844 0.998946 -0.002145 0.078525 0.001289 0.002206 0.999997 0.012378 0.000000 0.000000 0.000000 1.000000
0.998948 0.045836 -0.001430 0.354983 -0.045839 0.998946 -0.002162 0.078525 0.001329 0.002225 0.999996 0.012378 0.000000 0.000000 0.000000 1.000000
0.998948 0.045832 -0.001456 0.354983 -0.045836 0.998946 -0.002172 0.078525 0.001355 0.002237 0.999996 0.012378 0.000000 0.000000 0.000000 1.000000</float_array>
     <technique_common>
      <accessor source="#jnt_spine2-Matrix-animation-output-transform-array" count="25" stride="16">
       <param type="float4x4"></param>
      </accessor>
     </technique_common>
    </source>
    <source id="jnt_spine2-Interpolations">
     <Name_array id="jnt_spine2-Interpolations-array" count="25">
 LINEAR LINEAR LINEAR LINEAR LINEAR LINEAR LINEAR LINEAR LINEAR LINEAR LINEAR
LINEAR LINEAR LINEAR LINEAR LINEAR LINEAR LINEAR LINEAR LINEAR LINEAR LINEAR LINEAR
LINEAR LINEAR</Name_array>
     <technique_common>
      <accessor source="#jnt_spine2-Interpolations-array" count="25">
       <param type="name"></param>
      </accessor>
     </technique_common>
    </source>
    <sampler id="jnt_spine2-Matrix-animation-transform">
     <input semantic="INPUT" source="#jnt_spine2-Matrix-animation-input"></input>
     <input semantic="OUTPUT" source="#jnt_spine2-Matrix-animation-output-transform"></input>
     <input semantic="INTERPOLATION" source="#jnt_spine2-Interpolations"></input>
    </sampler>
    <channel source="#jnt_spine2-Matrix-animation-transform" target="jnt_spine2/matrix"></channel>
   </animation>
  </animation>
