<?xml version="1.0"?>
<COLLADA xmlns="http://www.collada.org/2005/11/COLLADASchema" version="1.4.1">
 <asset>
  <contributor>
   <author></author>
   <authoring_tool>FBX COLLADA exporter</authoring_tool>
   <comments></comments>
  </contributor>
  <created>2024-08-13T13:20:02Z</created>
  <keywords></keywords>
  <modified>2024-08-13T13:20:02Z</modified>
  <revision></revision>
  <subject></subject>
  <title></title>
  <unit meter="0.010000" name="centimeter"></unit>
  <up_axis>Y_UP</up_axis>
 </asset>
 <library_animations>
  <animation id="Character-anim" name="Character">
   <animation>
    <source id="Character-Matrix-animation-input">
     <float_array id="Character-Matrix-animation-input-array" count="30">

0.000000 0.033333 0.066667 0.100000 0.133333 0.166667 0.200000 0.233333 0.266667 0.300000 0.333333 0.366667 0.400000 0.433333 0.466667 0.500000
0.533333 0.566667 0.600000 0.633333 0.666667 0.700000 0.733333 0.766667 0.800000 0.833333 0.866667 0.900000 0.933333 0.966667</float_array>
     <technique_common>
      <accessor source="#Character-Matrix-animation-input-array" count="30">
       <param name="TIME" type="float"></param>
      </accessor>
     </technique_common>
    </source>
    <source id="Character-Matrix-animation-output-transform">
     <float_array id="Character-Matrix-animation-output-transform-array" count="480">

1.000000 0.000000 0.000000 0.000000 0.000000 1.000000 -0.000000 0.000000 0.000000 0.000000 1.000000 0.000000 0.000000 0.000000 0.000000 1.000000
1.000000 0.000000 0.000000 0.000000 0.000000 1.000000 -0.000000 0.000000 0.000000 0.000000 1.000000 0.000000 0.000000 0.000000 0.000000 1.000000
1.000000 0.000000 0.000000 0.000000 0.000000 1.000000 -0.000000 0.000000 0.000000 0.000000 1.000000 0.000000 0.000000 0.000000 0.000000 1.000000
1.000000 0.000000 0.000000 0.000000 0.000000 1.000000 -0.000000 0.000000 0.000000 0.000000 1.000000 0.000000 0.000000 0.000000 0.000000 1.000000
1.000000 0.000000 0.000000 0.000000 0.000000 1.000000 -0.000000 0.000000 0.000000 0.000000 1.000000 0.000000 0.000000 0.000000 0.000000 1.000000
1.000000 0.000000 0.000000 0.000000 0.000000 1.000000 -0.000000 0.000000 0.000000 0.000000 1.000000 0.000000 0.000000 0.000000 0.000000 1.000000
1.000000 0.000000 0.000000 0.000000 0.000000 1.000000 -0.000000 0.000000 0.000000 0.000000 1.000000 0.000000 0.000000 0.000000 0.000000 1.000000
1.000000 0.000000 0.000000 0.000000 0.000000 1.000000 -0.000000 0.000000 0.000000 0.000000 1.000000 0.000000 0.000000 0.000000 0.000000 1.000000
1.000000 0.000000 0.000000 0.000000 0.000000 1.000000 -0.000000 0.000000 0.000000 0.000000 1.000000 0.000000 0.000000 0.000000 0.000000 1.000000
1.000000 0.000000 0.000000 0.000000 0.000000 1.000000 -0.000000 0.000000 0.000000 0.000000 1.000000 0.000000 0.000000 0.000000 0.000000 1.000000
1.000000 0.000000 0.000000 0.000000 0.000000 1.000000 -0.000000 0.000000 0.000000 0.000000 1.000000 0.000000 0.000000 0.000000 0.000000 1.000000
1.000000 0.000000 0.000000 0.000000 0.000000 1.000000 -0.000000 0.000000 0.000000 0.000000 1.000000 0.000000 0.000000 0.000000 0.000000 1.000000
1.000000 0.000000 0.000000 0.000000 0.000000 1.000000 -0.000000 0.000000 0.000000 0.000000 1.000000 0.000000 0.000000 0.000000 0.000000 1.000000
1.000000 0.000000 0.000000 0.000000 0.000000 1.000000 -0.000000 0.000000 0.000000 0.000000 1.000000 0.000000 0.000000 0.000000 0.000000 1.000000
1.000000 0.000000 0.000000 0.000000 0.000000 1.000000 -0.000000 0.000000 0.000000 0.000000 1.000000 0.000000 0.000000 0.000000 0.000000 1.000000
1.000000 0.000000 0.000000 0.000000 0.000000 1.000000 -0.000000 0.000000 0.000000 0.000000 1.000000 0.000000 0.000000 0.000000 0.000000 1.000000
1.000000 0.000000 0.000000 0.000000 0.000000 1.000000 -0.000000 0.000000 0.000000 0.000000 1.000000 0.000000 0.000000 0.000000 0.000000 1.000000
1.000000 0.000000 0.000000 0.000000 0.000000 1.000000 -0.000000 0.000000 0.000000 0.000000 1.000000 0.000000 0.000000 0.000000 0.000000 1.000000
1.000000 0.000000 0.000000 0.000000 0.000000 1.000000 -0.000000 0.000000 0.000000 0.000000 1.000000 0.000000 0.000000 0.000000 0.000000 1.000000
1.000000 0.000000 0.000000 0.000000 0.000000 1.000000 -0.000000 0.000000 0.000000 0.000000 1.000000 0.000000 0.000000 0.000000 0.000000 1.000000
1.000000 0.000000 0.000000 0.000000 0.000000 1.000000 -0.000000 0.000000 0.000000 0.000000 1.000000 0.000000 0.000000 0.000000 0.000000 1.000000
1.000000 0.000000 0.000000 0.000000 0.000000 1.000000 -0.000000 0.000000 0.000000 0.000000 1.000000 0.000000 0.000000 0.000000 0.000000 1.000000
1.000000 0.000000 0.000000 0.000000 0.000000 1.000000 -0.000000 0.000000 0.000000 0.000000 1.000000 0.000000 0.000000 0.000000 0.000000 1.000000
1.000000 0.000000 0.000000 0.000000 0.000000 1.000000 -0.000000 0.000000 0.000000 0.000000 1.000000 0.000000 0.000000 0.000000 0.000000 1.000000
1.000000 0.000000 0.000000 0.000000 0.000000 1.000000 -0.000000 0.000000 0.000000 0.000000 1.000000 0.000000 0.000000 0.000000 0.000000 1.000000
1.000000 0.000000 0.000000 0.000000 0.000000 1.000000 -0.000000 0.000000 0.000000 0.000000 1.000000 0.000000 0.000000 0.000000 0.000000 1.000000
1.000000 0.000000 0.000000 0.000000 0.000000 1.000000 -0.000000 0.000000 0.000000 0.000000 1.000000 0.000000 0.000000 0.000000 0.000000 1.000000
1.000000 0.000000 0.000000 0.000000 0.000000 1.000000 -0.000000 0.000000 0.000000 0.000000 1.000000 0.000000 0.000000 0.000000 0.000000 1.000000
1.000000 0.000000 0.000000 0.000000 0.000000 1.000000 -0.000000 0.000000 0.000000 0.000000 1.000000 0.000000 0.000000 0.000000 0.000000 1.000000
1.000000 0.000000 0.000000 0.000000 0.000000 1.000000 -0.000000 0.000000 0.000000 0.000000 1.000000 0.000000 0.000000 0.000000 0.000000 1.000000</float_array>
     <technique_common>
      <accessor source="#Character-Matrix-animation-output-transform-array" count="30" stride="16">
       <param type="float4x4"></param>
      </accessor>
     </technique_common>
    </source>
    <source id="Character-Interpolations">
     <Name_array id="Character-Interpolations-array" count="30">
 LINEAR LINEAR LINEAR LINEAR LINEAR LINEAR LINEAR LINEAR LINEAR LINEAR LINEAR
LINEAR LINEAR LINEAR LINEAR LINEAR LINEAR LINEAR LINEAR LINEAR LINEAR LINEAR LINEAR
LINEAR LINEAR LINEAR LINEAR LINEAR LINEAR LINEAR</Name_array>
     <technique_common>
      <accessor source="#Character-Interpolations-array" count="30">
       <param type="name"></param>
      </accessor>
     </technique_common>
    </source>
    <sampler id="Character-Matrix-animation-transform">
     <input semantic="INPUT" source="#Character-Matrix-animation-input"></input>
     <input semantic="OUTPUT" source="#Character-Matrix-animation-output-transform"></input>
     <input semantic="INTERPOLATION" source="#Character-Interpolations"></input>
    </sampler>
    <channel source="#Character-Matrix-animation-transform" target="Character/matrix"></channel>
   </animation>
  </animation>
  <animation id="HIK_root_jnt-anim" name="HIK_root_jnt">
   <animation>
    <source id="HIK_root_jnt-Matrix-animation-input">
     <float_array id="HIK_root_jnt-Matrix-animation-input-array" count="30">

0.000000 0.033333 0.066667 0.100000 0.133333 0.166667 0.200000 0.233333 0.266667 0.300000 0.333333 0.366667 0.400000 0.433333 0.466667 0.500000
0.533333 0.566667 0.600000 0.633333 0.666667 0.700000 0.733333 0.766667 0.800000 0.833333 0.866667 0.900000 0.933333 0.966667</float_array>
     <technique_common>
      <accessor source="#HIK_root_jnt-Matrix-animation-input-array" count="30">
       <param name="TIME" type="float"></param>
      </accessor>
     </technique_common>
    </source>
    <source id="HIK_root_jnt-Matrix-animation-output-transform">
     <float_array id="HIK_root_jnt-Matrix-animation-output-transform-array" count="480">

1.000000 0.000000 0.000000 0.000000 0.000000 1.000000 -0.000000 0.000000 0.000000 0.000000 1.000000 0.000000 0.000000 0.000000 0.000000 1.000000
1.000000 0.000000 0.000000 0.000000 0.000000 1.000000 -0.000000 0.000000 0.000000 0.000000 1.000000 0.000000 0.000000 0.000000 0.000000 1.000000
1.000000 0.000000 0.000000 0.000000 0.000000 1.000000 -0.000000 0.000000 0.000000 0.000000 1.000000 0.000000 0.000000 0.000000 0.000000 1.000000
1.000000 0.000000 0.000000 0.000000 0.000000 1.000000 -0.000000 0.000000 0.000000 0.000000 1.000000 0.000000 0.000000 0.000000 0.000000 1.000000
1.000000 0.000000 0.000000 0.000000 0.000000 1.000000 -0.000000 0.000000 0.000000 0.000000 1.000000 0.000000 0.000000 0.000000 0.000000 1.000000
1.000000 0.000000 0.000000 0.000000 0.000000 1.000000 -0.000000 0.000000 0.000000 0.000000 1.000000 0.000000 0.000000 0.000000 0.000000 1.000000
1.000000 0.000000 0.000000 0.000000 0.000000 1.000000 -0.000000 0.000000 0.000000 0.000000 1.000000 0.000000 0.000000 0.000000 0.000000 1.000000
1.000000 0.000000 0.000000 0.000000 0.000000 1.000000 -0.000000 0.000000 0.000000 0.000000 1.000000 0.000000 0.000000 0.000000 0.000000 1.000000
1.000000 0.000000 0.000000 0.000000 0.000000 1.000000 -0.000000 0.000000 0.000000 0.000000 1.000000 0.000000 0.000000 0.000000 0.000000 1.000000
1.000000 0.000000 0.000000 0.000000 0.000000 1.000000 -0.000000 0.000000 0.000000 0.000000 1.000000 0.000000 0.000000 0.000000 0.000000 1.000000
1.000000 0.000000 0.000000 0.000000 0.000000 1.000000 -0.000000 0.000000 0.000000 0.000000 1.000000 0.000000 0.000000 0.000000 0.000000 1.000000
1.000000 0.000000 0.000000 0.000000 0.000000 1.000000 -0.000000 0.000000 0.000000 0.000000 1.000000 0.000000 0.000000 0.000000 0.000000 1.000000
1.000000 0.000000 0.000000 0.000000 0.000000 1.000000 -0.000000 0.000000 0.000000 0.000000 1.000000 0.000000 0.000000 0.000000 0.000000 1.000000
1.000000 0.000000 0.000000 0.000000 0.000000 1.000000 -0.000000 0.000000 0.000000 0.000000 1.000000 0.000000 0.000000 0.000000 0.000000 1.000000
1.000000 0.000000 0.000000 0.000000 0.000000 1.000000 -0.000000 0.000000 0.000000 0.000000 1.000000 0.000000 0.000000 0.000000 0.000000 1.000000
1.000000 0.000000 0.000000 0.000000 0.000000 1.000000 -0.000000 0.000000 0.000000 0.000000 1.000000 0.000000 0.000000 0.000000 0.000000 1.000000
1.000000 0.000000 0.000000 0.000000 0.000000 1.000000 -0.000000 0.000000 0.000000 0.000000 1.000000 0.000000 0.000000 0.000000 0.000000 1.000000
1.000000 0.000000 0.000000 0.000000 0.000000 1.000000 -0.000000 0.000000 0.000000 0.000000 1.000000 0.000000 0.000000 0.000000 0.000000 1.000000
1.000000 0.000000 0.000000 0.000000 0.000000 1.000000 -0.000000 0.000000 0.000000 0.000000 1.000000 0.000000 0.000000 0.000000 0.000000 1.000000
1.000000 0.000000 0.000000 0.000000 0.000000 1.000000 -0.000000 0.000000 0.000000 0.000000 1.000000 0.000000 0.000000 0.000000 0.000000 1.000000
1.000000 0.000000 0.000000 0.000000 0.000000 1.000000 -0.000000 0.000000 0.000000 0.000000 1.000000 0.000000 0.000000 0.000000 0.000000 1.000000
1.000000 0.000000 0.000000 0.000000 0.000000 1.000000 -0.000000 0.000000 0.000000 0.000000 1.000000 0.000000 0.000000 0.000000 0.000000 1.000000
1.000000 0.000000 0.000000 0.000000 0.000000 1.000000 -0.000000 0.000000 0.000000 0.000000 1.000000 0.000000 0.000000 0.000000 0.000000 1.000000
1.000000 0.000000 0.000000 0.000000 0.000000 1.000000 -0.000000 0.000000 0.000000 0.000000 1.000000 0.000000 0.000000 0.000000 0.000000 1.000000
1.000000 0.000000 0.000000 0.000000 0.000000 1.000000 -0.000000 0.000000 0.000000 0.000000 1.000000 0.000000 0.000000 0.000000 0.000000 1.000000
1.000000 0.000000 0.000000 0.000000 0.000000 1.000000 -0.000000 0.000000 0.000000 0.000000 1.000000 0.000000 0.000000 0.000000 0.000000 1.000000
1.000000 0.000000 0.000000 0.000000 0.000000 1.000000 -0.000000 0.000000 0.000000 0.000000 1.000000 0.000000 0.000000 0.000000 0.000000 1.000000
1.000000 0.000000 0.000000 0.000000 0.000000 1.000000 -0.000000 0.000000 0.000000 0.000000 1.000000 0.000000 0.000000 0.000000 0.000000 1.000000
1.000000 0.000000 0.000000 0.000000 0.000000 1.000000 -0.000000 0.000000 0.000000 0.000000 1.000000 0.000000 0.000000 0.000000 0.000000 1.000000
1.000000 0.000000 0.000000 0.000000 0.000000 1.000000 -0.000000 0.000000 0.000000 0.000000 1.000000 0.000000 0.000000 0.000000 0.000000 1.000000</float_array>
     <technique_common>
      <accessor source="#HIK_root_jnt-Matrix-animation-output-transform-array" count="30" stride="16">
       <param type="float4x4"></param>
      </accessor>
     </technique_common>
    </source>
    <source id="HIK_root_jnt-Interpolations">
     <Name_array id="HIK_root_jnt-Interpolations-array" count="30">
 LINEAR LINEAR LINEAR LINEAR LINEAR LINEAR LINEAR LINEAR LINEAR LINEAR LINEAR
LINEAR LINEAR LINEAR LINEAR LINEAR LINEAR LINEAR LINEAR LINEAR LINEAR LINEAR LINEAR
LINEAR LINEAR LINEAR LINEAR LINEAR LINEAR LINEAR</Name_array>
     <technique_common>
      <accessor source="#HIK_root_jnt-Interpolations-array" count="30">
       <param type="name"></param>
      </accessor>
     </technique_common>
    </source>
    <sampler id="HIK_root_jnt-Matrix-animation-transform">
     <input semantic="INPUT" source="#HIK_root_jnt-Matrix-animation-input"></input>
     <input semantic="OUTPUT" source="#HIK_root_jnt-Matrix-animation-output-transform"></input>
     <input semantic="INTERPOLATION" source="#HIK_root_jnt-Interpolations"></input>
    </sampler>
    <channel source="#HIK_root_jnt-Matrix-animation-transform" target="HIK_root_jnt/matrix"></channel>
   </animation>
  </animation>
  <animation id="root_jnt-anim" name="root_jnt">
   <animation>
    <source id="root_jnt-Matrix-animation-input">
     <float_array id="root_jnt-Matrix-animation-input-array" count="30">

0.000000 0.033333 0.066667 0.100000 0.133333 0.166667 0.200000 0.233333 0.266667 0.300000 0.333333 0.366667 0.400000 0.433333 0.466667 0.500000
0.533333 0.566667 0.600000 0.633333 0.666667 0.700000 0.733333 0.766667 0.800000 0.833333 0.866667 0.900000 0.933333 0.966667</float_array>
     <technique_common>
      <accessor source="#root_jnt-Matrix-animation-input-array" count="30">
       <param name="TIME" type="float"></param>
      </accessor>
     </technique_common>
    </source>
    <source id="root_jnt-Matrix-animation-output-transform">
     <float_array id="root_jnt-Matrix-animation-output-transform-array" count="480">

1.000000 0.000000 0.000000 0.000000 0.000000 1.000000 -0.000000 0.000000 0.000000 0.000000 1.000000 0.000000 0.000000 0.000000 0.000000 1.000000
1.000000 0.000000 0.000000 0.000000 0.000000 1.000000 -0.000000 0.000000 0.000000 0.000000 1.000000 0.000000 0.000000 0.000000 0.000000 1.000000
1.000000 0.000000 0.000000 0.000000 0.000000 1.000000 -0.000000 0.000000 0.000000 0.000000 1.000000 0.000000 0.000000 0.000000 0.000000 1.000000
1.000000 0.000000 0.000000 0.000000 0.000000 1.000000 -0.000000 0.000000 0.000000 0.000000 1.000000 0.000000 0.000000 0.000000 0.000000 1.000000
1.000000 0.000000 0.000000 0.000000 0.000000 1.000000 -0.000000 0.000000 0.000000 0.000000 1.000000 0.000000 0.000000 0.000000 0.000000 1.000000
1.000000 0.000000 0.000000 0.000000 0.000000 1.000000 -0.000000 0.000000 0.000000 0.000000 1.000000 0.000000 0.000000 0.000000 0.000000 1.000000
1.000000 0.000000 0.000000 0.000000 0.000000 1.000000 -0.000000 0.000000 0.000000 0.000000 1.000000 0.000000 0.000000 0.000000 0.000000 1.000000
1.000000 0.000000 0.000000 0.000000 0.000000 1.000000 -0.000000 0.000000 0.000000 0.000000 1.000000 0.000000 0.000000 0.000000 0.000000 1.000000
1.000000 0.000000 0.000000 0.000000 0.000000 1.000000 -0.000000 0.000000 0.000000 0.000000 1.000000 0.000000 0.000000 0.000000 0.000000 1.000000
1.000000 0.000000 0.000000 0.000000 0.000000 1.000000 -0.000000 0.000000 0.000000 0.000000 1.000000 0.000000 0.000000 0.000000 0.000000 1.000000
1.000000 0.000000 0.000000 0.000000 0.000000 1.000000 -0.000000 0.000000 0.000000 0.000000 1.000000 0.000000 0.000000 0.000000 0.000000 1.000000
1.000000 0.000000 0.000000 0.000000 0.000000 1.000000 -0.000000 0.000000 0.000000 0.000000 1.000000 0.000000 0.000000 0.000000 0.000000 1.000000
1.000000 0.000000 0.000000 0.000000 0.000000 1.000000 -0.000000 0.000000 0.000000 0.000000 1.000000 0.000000 0.000000 0.000000 0.000000 1.000000
1.000000 0.000000 0.000000 0.000000 0.000000 1.000000 -0.000000 0.000000 0.000000 0.000000 1.000000 0.000000 0.000000 0.000000 0.000000 1.000000
1.000000 0.000000 0.000000 0.000000 0.000000 1.000000 -0.000000 0.000000 0.000000 0.000000 1.000000 0.000000 0.000000 0.000000 0.000000 1.000000
1.000000 0.000000 0.000000 0.000000 0.000000 1.000000 -0.000000 0.000000 0.000000 0.000000 1.000000 0.000000 0.000000 0.000000 0.000000 1.000000
1.000000 0.000000 0.000000 0.000000 0.000000 1.000000 -0.000000 0.000000 0.000000 0.000000 1.000000 0.000000 0.000000 0.000000 0.000000 1.000000
1.000000 0.000000 0.000000 0.000000 0.000000 1.000000 -0.000000 0.000000 0.000000 0.000000 1.000000 0.000000 0.000000 0.000000 0.000000 1.000000
1.000000 0.000000 0.000000 0.000000 0.000000 1.000000 -0.000000 0.000000 0.000000 0.000000 1.000000 0.000000 0.000000 0.000000 0.000000 1.000000
1.000000 0.000000 0.000000 0.000000 0.000000 1.000000 -0.000000 0.000000 0.000000 0.000000 1.000000 0.000000 0.000000 0.000000 0.000000 1.000000
1.000000 0.000000 0.000000 0.000000 0.000000 1.000000 -0.000000 0.000000 0.000000 0.000000 1.000000 0.000000 0.000000 0.000000 0.000000 1.000000
1.000000 0.000000 0.000000 0.000000 0.000000 1.000000 -0.000000 0.000000 0.000000 0.000000 1.000000 0.000000 0.000000 0.000000 0.000000 1.000000
1.000000 0.000000 0.000000 0.000000 0.000000 1.000000 -0.000000 0.000000 0.000000 0.000000 1.000000 0.000000 0.000000 0.000000 0.000000 1.000000
1.000000 0.000000 0.000000 0.000000 0.000000 1.000000 -0.000000 0.000000 0.000000 0.000000 1.000000 0.000000 0.000000 0.000000 0.000000 1.000000
1.000000 0.000000 0.000000 0.000000 0.000000 1.000000 -0.000000 0.000000 0.000000 0.000000 1.000000 0.000000 0.000000 0.000000 0.000000 1.000000
1.000000 0.000000 0.000000 0.000000 0.000000 1.000000 -0.000000 0.000000 0.000000 0.000000 1.000000 0.000000 0.000000 0.000000 0.000000 1.000000
1.000000 0.000000 0.000000 0.000000 0.000000 1.000000 -0.000000 0.000000 0.000000 0.000000 1.000000 0.000000 0.000000 0.000000 0.000000 1.000000
1.000000 0.000000 0.000000 0.000000 0.000000 1.000000 -0.000000 0.000000 0.000000 0.000000 1.000000 0.000000 0.000000 0.000000 0.000000 1.000000
1.000000 0.000000 0.000000 0.000000 0.000000 1.000000 -0.000000 0.000000 0.000000 0.000000 1.000000 0.000000 0.000000 0.000000 0.000000 1.000000
1.000000 0.000000 0.000000 0.000000 0.000000 1.000000 -0.000000 0.000000 0.000000 0.000000 1.000000 0.000000 0.000000 0.000000 0.000000 1.000000</float_array>
     <technique_common>
      <accessor source="#root_jnt-Matrix-animation-output-transform-array" count="30" stride="16">
       <param type="float4x4"></param>
      </accessor>
     </technique_common>
    </source>
    <source id="root_jnt-Interpolations">
     <Name_array id="root_jnt-Interpolations-array" count="30">
 LINEAR LINEAR LINEAR LINEAR LINEAR LINEAR LINEAR LINEAR LINEAR LINEAR LINEAR
LINEAR LINEAR LINEAR LINEAR LINEAR LINEAR LINEAR LINEAR LINEAR LINEAR LINEAR LINEAR
LINEAR LINEAR LINEAR LINEAR LINEAR LINEAR LINEAR</Name_array>
     <technique_common>
      <accessor source="#root_jnt-Interpolations-array" count="30">
       <param type="name"></param>
      </accessor>
     </technique_common>
    </source>
    <sampler id="root_jnt-Matrix-animation-transform">
     <input semantic="INPUT" source="#root_jnt-Matrix-animation-input"></input>
     <input semantic="OUTPUT" source="#root_jnt-Matrix-animation-output-transform"></input>
     <input semantic="INTERPOLATION" source="#root_jnt-Interpolations"></input>
    </sampler>
    <channel source="#root_jnt-Matrix-animation-transform" target="root_jnt/matrix"></channel>
   </animation>
  </animation>
  <animation id="jnt_hips-anim" name="jnt_hips">
   <animation>
    <source id="jnt_hips-Matrix-animation-input">
     <float_array id="jnt_hips-Matrix-animation-input-array" count="30">

0.000000 0.033333 0.066667 0.100000 0.133333 0.166667 0.200000 0.233333 0.266667 0.300000 0.333333 0.366667 0.400000 0.433333 0.466667 0.500000
0.533333 0.566667 0.600000 0.633333 0.666667 0.700000 0.733333 0.766667 0.800000 0.833333 0.866667 0.900000 0.933333 0.966667</float_array>
     <technique_common>
      <accessor source="#jnt_hips-Matrix-animation-input-array" count="30">
       <param name="TIME" type="float"></param>
      </accessor>
     </technique_common>
    </source>
    <source id="jnt_hips-Matrix-animation-output-transform">
     <float_array id="jnt_hips-Matrix-animation-output-transform-array" count="480">

0.978238 0.066344 -0.196591 -0.000000 -0.061014 0.997589 0.033055 1.941480 0.198310 -0.020341 0.979928 -0.247371 0.000000 0.000000 0.000000 1.000000
0.978231 0.066441 -0.196597 -0.000000 -0.061109 0.997583 0.033071 1.941480 0.198319 -0.020338 0.979926 -0.247371 0.000000 0.000000 0.000000 1.000000
0.978212 0.066662 -0.196617 -0.000000 -0.061333 0.997569 0.033079 1.941480 0.198344 -0.020299 0.979922 -0.247371 0.000000 0.000000 0.000000 1.000000
0.978188 0.066907 -0.196652 -0.000000 -0.061594 0.997555 0.033019 1.941480 0.198381 -0.020186 0.979917 -0.247371 0.000000 0.000000 0.000000 1.000000
0.978165 0.067110 -0.196696 -0.000000 -0.061824 0.997545 0.032900 1.941480 0.198421 -0.020021 0.979912 -0.247371 0.000000 0.000000 0.000000 1.000000
0.978148 0.067257 -0.196731 -0.000000 -0.061991 0.997537 0.032813 1.941480 0.198453 -0.019901 0.979908 -0.247371 0.000000 0.000000 0.000000 1.000000
0.978137 0.067359 -0.196750 -0.000000 -0.062099 0.997531 0.032787 1.941480 0.198473 -0.019852 0.979905 -0.247371 0.000000 0.000000 0.000000 1.000000
0.978130 0.067421 -0.196764 -0.000000 -0.062168 0.997528 0.032760 1.941480 0.198486 -0.019811 0.979903 -0.247371 0.000000 0.000000 0.000000 1.000000
0.978126 0.067456 -0.196773 -0.000000 -0.062208 0.997526 0.032741 1.941480 0.198495 -0.019784 0.979902 -0.247371 0.000000 0.000000 0.000000 1.000000
0.978124 0.067474 -0.196778 -0.000000 -0.062228 0.997525 0.032730 1.941480 0.198499 -0.019769 0.979902 -0.247371 0.000000 0.000000 0.000000 1.000000
0.978123 0.067480 -0.196779 -0.000000 -0.062235 0.997525 0.032726 1.941480 0.198501 -0.019763 0.979901 -0.247371 0.000000 0.000000 0.000000 1.000000
0.978123 0.067481 -0.196780 -0.000000 -0.062236 0.997525 0.032725 1.941480 0.198501 -0.019762 0.979901 -0.247371 0.000000 0.000000 0.000000 1.000000
0.978123 0.067481 -0.196780 -0.000000 -0.062235 0.997525 0.032725 1.941480 0.198501 -0.019763 0.979901 -0.247371 0.000000 0.000000 0.000000 1.000000
0.978123 0.067476 -0.196778 -0.000000 -0.062230 0.997525 0.032728 1.941480 0.198500 -0.019766 0.979902 -0.247371 0.000000 0.000000 0.000000 1.000000
0.978125 0.067464 -0.196775 -0.000000 -0.062217 0.997526 0.032734 1.941480 0.198497 -0.019775 0.979902 -0.247371 0.000000 0.000000 0.000000 1.000000
0.978128 0.067440 -0.196769 -0.000000 -0.062190 0.997527 0.032746 1.941480 0.198491 -0.019793 0.979903 -0.247371 0.000000 0.000000 0.000000 1.000000
0.978132 0.067398 -0.196760 -0.000000 -0.062144 0.997529 0.032763 1.941480 0.198482 -0.019819 0.979904 -0.247371 0.000000 0.000000 0.000000 1.000000
0.978140 0.067332 -0.196747 -0.000000 -0.062073 0.997533 0.032783 1.941480 0.198469 -0.019854 0.979906 -0.247371 0.000000 0.000000 0.000000 1.000000
0.978152 0.067255 -0.196710 -0.000000 -0.061963 0.997535 0.032942 1.941480 0.198440 -0.020034 0.979908 -0.247371 0.000000 0.000000 0.000000 1.000000
0.978173 0.067140 -0.196646 -0.000000 -0.061782 0.997535 0.033260 1.941480 0.198395 -0.020385 0.979910 -0.247371 0.000000 0.000000 0.000000 1.000000
0.978201 0.066923 -0.196582 -0.000000 -0.061502 0.997543 0.033559 1.941480 0.198345 -0.020737 0.979913 -0.247371 0.000000 0.000000 0.000000 1.000000
0.978233 0.066583 -0.196535 -0.000000 -0.061126 0.997561 0.033707 1.941480 0.198300 -0.020959 0.979917 -0.247371 0.000000 0.000000 0.000000 1.000000
0.978267 0.066150 -0.196514 -0.000000 -0.060696 0.997589 0.033655 1.941480 0.198267 -0.020996 0.979923 -0.247371 0.000000 0.000000 0.000000 1.000000
0.978297 0.065706 -0.196514 -0.000000 -0.060285 0.997620 0.033451 1.941480 0.198245 -0.020879 0.979930 -0.247371 0.000000 0.000000 0.000000 1.000000
0.978318 0.065360 -0.196524 -0.000000 -0.059978 0.997647 0.033221 1.941480 0.198233 -0.020714 0.979936 -0.247371 0.000000 0.000000 0.000000 1.000000
0.978326 0.065222 -0.196530 -0.000000 -0.059859 0.997657 0.033116 1.941480 0.198229 -0.020634 0.979938 -0.247371 0.000000 0.000000 0.000000 1.000000
0.978316 0.065378 -0.196527 -0.000000 -0.060001 0.997646 0.033198 1.941480 0.198234 -0.020686 0.979936 -0.247371 0.000000 0.000000 0.000000 1.000000
0.978293 0.065717 -0.196528 -0.000000 -0.060323 0.997623 0.033311 1.941480 0.198250 -0.020733 0.979932 -0.247371 0.000000 0.000000 0.000000 1.000000
0.978267 0.066052 -0.196546 -0.000000 -0.060669 0.997603 0.033292 1.941480 0.198274 -0.020645 0.979929 -0.247371 0.000000 0.000000 0.000000 1.000000
0.978247 0.066271 -0.196575 -0.000000 -0.060920 0.997592 0.033149 1.941480 0.198298 -0.020453 0.979928 -0.247371 0.000000 0.000000 0.000000 1.000000</float_array>
     <technique_common>
      <accessor source="#jnt_hips-Matrix-animation-output-transform-array" count="30" stride="16">
       <param type="float4x4"></param>
      </accessor>
     </technique_common>
    </source>
    <source id="jnt_hips-Interpolations">
     <Name_array id="jnt_hips-Interpolations-array" count="30">
 LINEAR LINEAR LINEAR LINEAR LINEAR LINEAR LINEAR LINEAR LINEAR LINEAR LINEAR
LINEAR LINEAR LINEAR LINEAR LINEAR LINEAR LINEAR LINEAR LINEAR LINEAR LINEAR LINEAR
LINEAR LINEAR LINEAR LINEAR LINEAR LINEAR LINEAR</Name_array>
     <technique_common>
      <accessor source="#jnt_hips-Interpolations-array" count="30">
       <param type="name"></param>
      </accessor>
     </technique_common>
    </source>
    <sampler id="jnt_hips-Matrix-animation-transform">
     <input semantic="INPUT" source="#jnt_hips-Matrix-animation-input"></input>
     <input semantic="OUTPUT" source="#jnt_hips-Matrix-animation-output-transform"></input>
     <input semantic="INTERPOLATION" source="#jnt_hips-Interpolations"></input>
    </sampler>
    <channel source="#jnt_hips-Matrix-animation-transform" target="jnt_hips/matrix"></channel>
   </animation>
  </animation>
  <animation id="jnt_height-anim" name="jnt_height">
   <animation>
    <source id="jnt_height-Matrix-animation-input">
     <float_array id="jnt_height-Matrix-animation-input-array" count="30">

0.000000 0.033333 0.066667 0.100000 0.133333 0.166667 0.200000 0.233333 0.266667 0.300000 0.333333 0.366667 0.400000 0.433333 0.466667 0.500000
0.533333 0.566667 0.600000 0.633333 0.666667 0.700000 0.733333 0.766667 0.800000 0.833333 0.866667 0.900000 0.933333 0.966667</float_array>
     <technique_common>
      <accessor source="#jnt_height-Matrix-animation-input-array" count="30">
       <param name="TIME" type="float"></param>
      </accessor>
     </technique_common>
    </source>
    <source id="jnt_height-Matrix-animation-output-transform">
     <float_array id="jnt_height-Matrix-animation-output-transform-array" count="480">

0.998037 0.060436 0.016389 -0.000000 -0.060953 0.997592 0.033072 -0.000000 -0.014351 -0.034006 0.999319 -0.000000 0.000000 0.000000 0.000000 1.000000
0.998032 0.060532 0.016380 0.000000 -0.061048 0.997586 0.033088 -0.000000 -0.014338 -0.034023 0.999318 0.000000 0.000000 0.000000 0.000000 1.000000
0.998018 0.060759 0.016353 -0.000000 -0.061274 0.997572 0.033096 -0.000000 -0.014303 -0.034032 0.999319 -0.000000 0.000000 0.000000 0.000000 1.000000
0.998003 0.061025 0.016310 0.000000 -0.061538 0.997558 0.033036 -0.000000 -0.014254 -0.033974 0.999321 -0.000000 0.000000 0.000000 0.000000 1.000000
0.997989 0.061261 0.016257 -0.000000 -0.061770 0.997547 0.032917 -0.000000 -0.014201 -0.033855 0.999326 -0.000000 0.000000 0.000000 0.000000 1.000000
0.997979 0.061433 0.016217 -0.000000 -0.061939 0.997540 0.032830 -0.000000 -0.014160 -0.033768 0.999329 -0.000000 0.000000 0.000000 0.000000 1.000000
0.997973 0.061544 0.016194 -0.000000 -0.062049 0.997534 0.032803 0.000000 -0.014135 -0.033742 0.999331 -0.000000 0.000000 0.000000 0.000000 1.000000
0.997969 0.061614 0.016177 -0.000000 -0.062118 0.997530 0.032777 0.000000 -0.014118 -0.033715 0.999332 -0.000000 0.000000 0.000000 0.000000 1.000000
0.997967 0.061655 0.016167 -0.000000 -0.062158 0.997528 0.032757 -0.000000 -0.014107 -0.033696 0.999333 0.000000 0.000000 0.000000 0.000000 1.000000
0.997965 0.061675 0.016161 0.000000 -0.062179 0.997528 0.032746 -0.000000 -0.014102 -0.033685 0.999333 0.000000 0.000000 0.000000 0.000000 1.000000
0.997965 0.061683 0.016159 -0.000000 -0.062186 0.997527 0.032742 -0.000000 -0.014100 -0.033680 0.999333 0.000000 0.000000 0.000000 0.000000 1.000000
0.997965 0.061684 0.016159 0.000000 -0.062187 0.997527 0.032742 -0.000000 -0.014099 -0.033680 0.999333 0.000000 0.000000 0.000000 0.000000 1.000000
0.997965 0.061683 0.016159 -0.000000 -0.062186 0.997527 0.032742 -0.000000 -0.014099 -0.033680 0.999333 0.000000 0.000000 0.000000 0.000000 1.000000
0.997965 0.061678 0.016160 -0.000000 -0.062181 0.997527 0.032744 0.000000 -0.014101 -0.033683 0.999333 0.000000 0.000000 0.000000 0.000000 1.000000
0.997966 0.061664 0.016164 0.000000 -0.062168 0.997528 0.032751 -0.000000 -0.014105 -0.033689 0.999333 -0.000000 0.000000 0.000000 0.000000 1.000000
0.997968 0.061636 0.016171 0.000000 -0.062140 0.997529 0.032763 0.000000 -0.014112 -0.033701 0.999332 0.000000 0.000000 0.000000 0.000000 1.000000
0.997970 0.061590 0.016182 -0.000000 -0.062094 0.997532 0.032780 -0.000000 -0.014123 -0.033718 0.999331 0.000000 0.000000 0.000000 0.000000 1.000000
0.997975 0.061517 0.016198 -0.000000 -0.062022 0.997535 0.032800 -0.000000 -0.014140 -0.033738 0.999331 -0.000000 0.000000 0.000000 0.000000 1.000000
0.997981 0.061401 0.016240 0.000000 -0.061910 0.997537 0.032959 0.000000 -0.014176 -0.033898 0.999325 -0.000000 0.000000 0.000000 0.000000 1.000000
0.997991 0.061211 0.016312 0.000000 -0.061727 0.997538 0.033278 -0.000000 -0.014235 -0.034218 0.999313 0.000000 0.000000 0.000000 0.000000 1.000000
0.998008 0.060920 0.016387 0.000000 -0.061443 0.997545 0.033576 -0.000000 -0.014302 -0.034516 0.999302 -0.000000 0.000000 0.000000 0.000000 1.000000
0.998030 0.060536 0.016446 0.000000 -0.061064 0.997564 0.033724 -0.000000 -0.014364 -0.034662 0.999296 -0.000000 0.000000 0.000000 0.000000 1.000000
0.998056 0.060103 0.016479 0.000000 -0.060631 0.997592 0.033672 -0.000000 -0.014416 -0.034605 0.999297 -0.000000 0.000000 0.000000 0.000000 1.000000
0.998081 0.059691 0.016490 -0.000000 -0.060216 0.997624 0.033468 0.000000 -0.014453 -0.034397 0.999304 0.000000 0.000000 0.000000 0.000000 1.000000
0.998099 0.059385 0.016487 0.000000 -0.059908 0.997650 0.033237 -0.000000 -0.014474 -0.034162 0.999312 -0.000000 0.000000 0.000000 0.000000 1.000000
0.998106 0.059267 0.016484 0.000000 -0.059788 0.997661 0.033132 -0.000000 -0.014482 -0.034054 0.999315 -0.000000 0.000000 0.000000 0.000000 1.000000
0.998098 0.059410 0.016484 -0.000000 -0.059932 0.997650 0.033214 0.000000 -0.014472 -0.034139 0.999312 0.000000 0.000000 0.000000 0.000000 1.000000
0.998078 0.059733 0.016474 0.000000 -0.060256 0.997626 0.033328 -0.000000 -0.014444 -0.034256 0.999309 -0.000000 0.000000 0.000000 0.000000 1.000000
0.998058 0.060082 0.016446 0.000000 -0.060604 0.997606 0.033309 -0.000000 -0.014405 -0.034241 0.999310 0.000000 0.000000 0.000000 0.000000 1.000000
0.998043 0.060340 0.016408 0.000000 -0.060858 0.997595 0.033166 -0.000000 -0.014368 -0.034100 0.999315 -0.000000 0.000000 0.000000 0.000000 1.000000</float_array>
     <technique_common>
      <accessor source="#jnt_height-Matrix-animation-output-transform-array" count="30" stride="16">
       <param type="float4x4"></param>
      </accessor>
     </technique_common>
    </source>
    <source id="jnt_height-Interpolations">
     <Name_array id="jnt_height-Interpolations-array" count="30">
 LINEAR LINEAR LINEAR LINEAR LINEAR LINEAR LINEAR LINEAR LINEAR LINEAR LINEAR
LINEAR LINEAR LINEAR LINEAR LINEAR LINEAR LINEAR LINEAR LINEAR LINEAR LINEAR LINEAR
LINEAR LINEAR LINEAR LINEAR LINEAR LINEAR LINEAR</Name_array>
     <technique_common>
      <accessor source="#jnt_height-Interpolations-array" count="30">
       <param type="name"></param>
      </accessor>
     </technique_common>
    </source>
    <sampler id="jnt_height-Matrix-animation-transform">
     <input semantic="INPUT" source="#jnt_height-Matrix-animation-input"></input>
     <input semantic="OUTPUT" source="#jnt_height-Matrix-animation-output-transform"></input>
     <input semantic="INTERPOLATION" source="#jnt_height-Interpolations"></input>
    </sampler>
    <channel source="#jnt_height-Matrix-animation-transform" target="jnt_height/matrix"></channel>
   </animation>
  </animation>
  <animation id="jnt_spine1-anim" name="jnt_spine1">
   <animation>
    <source id="jnt_spine1-Matrix-animation-input">
     <float_array id="jnt_spine1-Matrix-animation-input-array" count="30">

0.000000 0.033333 0.066667 0.100000 0.133333 0.166667 0.200000 0.233333 0.266667 0.300000 0.333333 0.366667 0.400000 0.433333 0.466667 0.500000
0.533333 0.566667 0.600000 0.633333 0.666667 0.700000 0.733333 0.766667 0.800000 0.833333 0.866667 0.900000 0.933333 0.966667</float_array>
     <technique_common>
      <accessor source="#jnt_spine1-Matrix-animation-input-array" count="30">
       <param name="TIME" type="float"></param>
      </accessor>
     </technique_common>
    </source>
    <source id="jnt_spine1-Matrix-animation-output-transform">
     <float_array id="jnt_spine1-Matrix-animation-output-transform-array" count="480">

0.041100 0.012129 0.999082 -0.005844 0.999142 0.004664 -0.041159 0.209026 -0.005159 0.999916 -0.011927 0.038786 0.000000 0.000000 0.000000 1.000000
0.041103 0.012100 0.999082 -0.005844 0.999142 0.004683 -0.041162 0.209026 -0.005177 0.999916 -0.011897 0.038786 0.000000 0.000000 0.000000 1.000000
0.041105 0.012024 0.999083 -0.005844 0.999141 0.004714 -0.041164 0.209026 -0.005204 0.999917 -0.011820 0.038786 0.000000 0.000000 0.000000 1.000000
0.041098 0.011921 0.999084 -0.005844 0.999142 0.004715 -0.041157 0.209026 -0.005201 0.999918 -0.011717 0.038786 0.000000 0.000000 0.000000 1.000000
0.041083 0.011815 0.999086 -0.005844 0.999143 0.004684 -0.041141 0.209026 -0.005166 0.999919 -0.011612 0.038786 0.000000 0.000000 0.000000 1.000000
0.041074 0.011735 0.999088 -0.005844 0.999143 0.004665 -0.041131 0.209026 -0.005144 0.999920 -0.011534 0.038786 0.000000 0.000000 0.000000 1.000000
0.041074 0.011689 0.999088 -0.005844 0.999143 0.004670 -0.041131 0.209026 -0.005147 0.999921 -0.011487 0.038786 0.000000 0.000000 0.000000 1.000000
0.041073 0.011656 0.999089 -0.005844 0.999143 0.004669 -0.041130 0.209026 -0.005144 0.999921 -0.011455 0.038786 0.000000 0.000000 0.000000 1.000000
0.041071 0.011637 0.999089 -0.005844 0.999143 0.004667 -0.041128 0.209026 -0.005141 0.999922 -0.011435 0.038786 0.000000 0.000000 0.000000 1.000000
0.041070 0.011627 0.999089 -0.005844 0.999143 0.004665 -0.041127 0.209026 -0.005139 0.999922 -0.011425 0.038786 0.000000 0.000000 0.000000 1.000000
0.041070 0.011623 0.999089 -0.005844 0.999143 0.004664 -0.041126 0.209026 -0.005138 0.999922 -0.011421 0.038786 0.000000 0.000000 0.000000 1.000000
0.041070 0.011622 0.999089 -0.005844 0.999143 0.004664 -0.041126 0.209026 -0.005138 0.999922 -0.011421 0.038786 0.000000 0.000000 0.000000 1.000000
0.041070 0.011623 0.999089 -0.005844 0.999143 0.004664 -0.041126 0.209026 -0.005138 0.999922 -0.011421 0.038786 0.000000 0.000000 0.000000 1.000000
0.041070 0.011625 0.999089 -0.005844 0.999143 0.004664 -0.041126 0.209026 -0.005138 0.999922 -0.011424 0.038786 0.000000 0.000000 0.000000 1.000000
0.041070 0.011632 0.999089 -0.005844 0.999143 0.004665 -0.041127 0.209026 -0.005139 0.999922 -0.011430 0.038786 0.000000 0.000000 0.000000 1.000000
0.041071 0.011645 0.999089 -0.005844 0.999143 0.004666 -0.041128 0.209026 -0.005141 0.999921 -0.011443 0.038786 0.000000 0.000000 0.000000 1.000000
0.041072 0.011666 0.999089 -0.005844 0.999143 0.004667 -0.041129 0.209026 -0.005142 0.999921 -0.011465 0.038786 0.000000 0.000000 0.000000 1.000000
0.041072 0.011698 0.999088 -0.005844 0.999143 0.004664 -0.041129 0.209026 -0.005141 0.999921 -0.011496 0.038786 0.000000 0.000000 0.000000 1.000000
0.041094 0.011769 0.999086 -0.005844 0.999142 0.004732 -0.041152 0.209026 -0.005212 0.999920 -0.011564 0.038786 0.000000 0.000000 0.000000 1.000000
0.041140 0.011890 0.999083 -0.005844 0.999139 0.004880 -0.041200 0.209026 -0.005365 0.999918 -0.011679 0.038786 0.000000 0.000000 0.000000 1.000000
0.041180 0.012036 0.999080 -0.005844 0.999137 0.005013 -0.041243 0.209026 -0.005504 0.999915 -0.011819 0.038786 0.000000 0.000000 0.000000 1.000000
0.041199 0.012181 0.999077 -0.005844 0.999136 0.005060 -0.041263 0.209026 -0.005558 0.999913 -0.011962 0.038786 0.000000 0.000000 0.000000 1.000000
0.041196 0.012308 0.999076 -0.005844 0.999136 0.004999 -0.041260 0.209026 -0.005502 0.999912 -0.012092 0.038786 0.000000 0.000000 0.000000 1.000000
0.041181 0.012406 0.999075 -0.005844 0.999138 0.004859 -0.041244 0.209026 -0.005366 0.999911 -0.012195 0.038786 0.000000 0.000000 0.000000 1.000000
0.041166 0.012467 0.999075 -0.005844 0.999139 0.004713 -0.041227 0.209026 -0.005222 0.999911 -0.012262 0.038786 0.000000 0.000000 0.000000 1.000000
0.041160 0.012489 0.999075 -0.005844 0.999140 0.004647 -0.041220 0.209026 -0.005158 0.999911 -0.012287 0.038786 0.000000 0.000000 0.000000 1.000000
0.041159 0.012457 0.999075 -0.005844 0.999139 0.004698 -0.041221 0.209026 -0.005207 0.999911 -0.012253 0.038786 0.000000 0.000000 0.000000 1.000000
0.041155 0.012376 0.999076 -0.005844 0.999139 0.004773 -0.041217 0.209026 -0.005279 0.999912 -0.012169 0.038786 0.000000 0.000000 0.000000 1.000000
0.041140 0.012269 0.999078 -0.005844 0.999140 0.004777 -0.041201 0.209026 -0.005278 0.999914 -0.012062 0.038786 0.000000 0.000000 0.000000 1.000000
0.041115 0.012172 0.999081 -0.005844 0.999141 0.004711 -0.041175 0.209026 -0.005208 0.999915 -0.011968 0.038786 0.000000 0.000000 0.000000 1.000000</float_array>
     <technique_common>
      <accessor source="#jnt_spine1-Matrix-animation-output-transform-array" count="30" stride="16">
       <param type="float4x4"></param>
      </accessor>
     </technique_common>
    </source>
    <source id="jnt_spine1-Interpolations">
     <Name_array id="jnt_spine1-Interpolations-array" count="30">
 LINEAR LINEAR LINEAR LINEAR LINEAR LINEAR LINEAR LINEAR LINEAR LINEAR LINEAR
LINEAR LINEAR LINEAR LINEAR LINEAR LINEAR LINEAR LINEAR LINEAR LINEAR LINEAR LINEAR
LINEAR LINEAR LINEAR LINEAR LINEAR LINEAR LINEAR</Name_array>
     <technique_common>
      <accessor source="#jnt_spine1-Interpolations-array" count="30">
       <param type="name"></param>
      </accessor>
     </technique_common>
    </source>
    <sampler id="jnt_spine1-Matrix-animation-transform">
     <input semantic="INPUT" source="#jnt_spine1-Matrix-animation-input"></input>
     <input semantic="OUTPUT" source="#jnt_spine1-Matrix-animation-output-transform"></input>
     <input semantic="INTERPOLATION" source="#jnt_spine1-Interpolations"></input>
    </sampler>
    <channel source="#jnt_spine1-Matrix-animation-transform" target="jnt_spine1/matrix"></channel>
   </animation>
  </animation>
  <animation id="jnt_spine2-anim" name="jnt_spine2">
   <animation>
    <source id="jnt_spine2-Matrix-animation-input">
     <float_array id="jnt_spine2-Matrix-animation-input-array" count="30">

0.000000 0.033333 0.066667 0.100000 0.133333 0.166667 0.200000 0.233333 0.266667 0.300000 0.333333 0.366667 0.400000 0.433333 0.466667 0.500000
0.533333 0.566667 0.600000 0.633333 0.666667 0.700000 0.733333 0.766667 0.800000 0.833333 0.866667 0.900000 0.933333 0.966667</float_array>
     <technique_common>
      <accessor source="#jnt_spine2-Matrix-animation-input-array" count="30">
       <param name="TIME" type="float"></param>
      </accessor>
     </technique_common>
    </source>
    <source id="jnt_spine2-Matrix-animation-output-transform">
