<?xml version="1.0"?>
<COLLADA xmlns="http://www.collada.org/2005/11/COLLADASchema" version="1.4.1">
 <asset>
  <contributor>
   <author></author>
   <authoring_tool>FBX COLLADA exporter</authoring_tool>
   <comments></comments>
  </contributor>
  <created>2024-08-13T16:05:06Z</created>
  <keywords></keywords>
  <modified>2024-08-13T16:05:06Z</modified>
  <revision></revision>
  <subject></subject>
  <title></title>
  <unit meter="0.010000" name="centimeter"></unit>
  <up_axis>Y_UP</up_axis>
 </asset>
 <library_animations>
  <animation id="Character-anim" name="Character">
   <animation>
    <source id="Character-Matrix-animation-input">
     <float_array id="Character-Matrix-animation-input-array" count="30">

0.000000 0.033333 0.066667 0.100000 0.133333 0.166667 0.200000 0.233333 0.266667 0.300000 0.333333 0.366667 0.400000 0.433333 0.466667 0.500000
0.533333 0.566667 0.600000 0.633333 0.666667 0.700000 0.733333 0.766667 0.800000 0.833333 0.866667 0.900000 0.933333 0.966667</float_array>
     <technique_common>
      <accessor source="#Character-Matrix-animation-input-array" count="30">
       <param name="TIME" type="float"></param>
      </accessor>
     </technique_common>
    </source>
    <source id="Character-Matrix-animation-output-transform">
     <float_array id="Character-Matrix-animation-output-transform-array" count="480">

1.000000 0.000000 0.000000 0.000000 0.000000 1.000000 -0.000000 0.000000 0.000000 0.000000 1.000000 0.000000 0.000000 0.000000 0.000000 1.000000
1.000000 0.000000 0.000000 0.000000 0.000000 1.000000 -0.000000 0.000000 0.000000 0.000000 1.000000 0.000000 0.000000 0.000000 0.000000 1.000000
1.000000 0.000000 0.000000 0.000000 0.000000 1.000000 -0.000000 0.000000 0.000000 0.000000 1.000000 0.000000 0.000000 0.000000 0.000000 1.000000
1.000000 0.000000 0.000000 0.000000 0.000000 1.000000 -0.000000 0.000000 0.000000 0.000000 1.000000 0.000000 0.000000 0.000000 0.000000 1.000000
1.000000 0.000000 0.000000 0.000000 0.000000 1.000000 -0.000000 0.000000 0.000000 0.000000 1.000000 0.000000 0.000000 0.000000 0.000000 1.000000
1.000000 0.000000 0.000000 0.000000 0.000000 1.000000 -0.000000 0.000000 0.000000 0.000000 1.000000 0.000000 0.000000 0.000000 0.000000 1.000000
1.000000 0.000000 0.000000 0.000000 0.000000 1.000000 -0.000000 0.000000 0.000000 0.000000 1.000000 0.000000 0.000000 0.000000 0.000000 1.000000
1.000000 0.000000 0.000000 0.000000 0.000000 1.000000 -0.000000 0.000000 0.000000 0.000000 1.000000 0.000000 0.000000 0.000000 0.000000 1.000000
1.000000 0.000000 0.000000 0.000000 0.000000 1.000000 -0.000000 0.000000 0.000000 0.000000 1.000000 0.000000 0.000000 0.000000 0.000000 1.000000
1.000000 0.000000 0.000000 0.000000 0.000000 1.000000 -0.000000 0.000000 0.000000 0.000000 1.000000 0.000000 0.000000 0.000000 0.000000 1.000000
1.000000 0.000000 0.000000 0.000000 0.000000 1.000000 -0.000000 0.000000 0.000000 0.000000 1.000000 0.000000 0.000000 0.000000 0.000000 1.000000
1.000000 0.000000 0.000000 0.000000 0.000000 1.000000 -0.000000 0.000000 0.000000 0.000000 1.000000 0.000000 0.000000 0.000000 0.000000 1.000000
1.000000 0.000000 0.000000 0.000000 0.000000 1.000000 -0.000000 0.000000 0.000000 0.000000 1.000000 0.000000 0.000000 0.000000 0.000000 1.000000
1.000000 0.000000 0.000000 0.000000 0.000000 1.000000 -0.000000 0.000000 0.000000 0.000000 1.000000 0.000000 0.000000 0.000000 0.000000 1.000000
1.000000 0.000000 0.000000 0.000000 0.000000 1.000000 -0.000000 0.000000 0.000000 0.000000 1.000000 0.000000 0.000000 0.000000 0.000000 1.000000
1.000000 0.000000 0.000000 0.000000 0.000000 1.000000 -0.000000 0.000000 0.000000 0.000000 1.000000 0.000000 0.000000 0.000000 0.000000 1.000000
1.000000 0.000000 0.000000 0.000000 0.000000 1.000000 -0.000000 0.000000 0.000000 0.000000 1.000000 0.000000 0.000000 0.000000 0.000000 1.000000
1.000000 0.000000 0.000000 0.000000 0.000000 1.000000 -0.000000 0.000000 0.000000 0.000000 1.000000 0.000000 0.000000 0.000000 0.000000 1.000000
1.000000 0.000000 0.000000 0.000000 0.000000 1.000000 -0.000000 0.000000 0.000000 0.000000 1.000000 0.000000 0.000000 0.000000 0.000000 1.000000
1.000000 0.000000 0.000000 0.000000 0.000000 1.000000 -0.000000 0.000000 0.000000 0.000000 1.000000 0.000000 0.000000 0.000000 0.000000 1.000000
1.000000 0.000000 0.000000 0.000000 0.000000 1.000000 -0.000000 0.000000 0.000000 0.000000 1.000000 0.000000 0.000000 0.000000 0.000000 1.000000
1.000000 0.000000 0.000000 0.000000 0.000000 1.000000 -0.000000 0.000000 0.000000 0.000000 1.000000 0.000000 0.000000 0.000000 0.000000 1.000000
1.000000 0.000000 0.000000 0.000000 0.000000 1.000000 -0.000000 0.000000 0.000000 0.000000 1.000000 0.000000 0.000000 0.000000 0.000000 1.000000
1.000000 0.000000 0.000000 0.000000 0.000000 1.000000 -0.000000 0.000000 0.000000 0.000000 1.000000 0.000000 0.000000 0.000000 0.000000 1.000000
1.000000 0.000000 0.000000 0.000000 0.000000 1.000000 -0.000000 0.000000 0.000000 0.000000 1.000000 0.000000 0.000000 0.000000 0.000000 1.000000
1.000000 0.000000 0.000000 0.000000 0.000000 1.000000 -0.000000 0.000000 0.000000 0.000000 1.000000 0.000000 0.000000 0.000000 0.000000 1.000000
1.000000 0.000000 0.000000 0.000000 0.000000 1.000000 -0.000000 0.000000 0.000000 0.000000 1.000000 0.000000 0.000000 0.000000 0.000000 1.000000
1.000000 0.000000 0.000000 0.000000 0.000000 1.000000 -0.000000 0.000000 0.000000 0.000000 1.000000 0.000000 0.000000 0.000000 0.000000 1.000000
1.000000 0.000000 0.000000 0.000000 0.000000 1.000000 -0.000000 0.000000 0.000000 0.000000 1.000000 0.000000 0.000000 0.000000 0.000000 1.000000
1.000000 0.000000 0.000000 0.000000 0.000000 1.000000 -0.000000 0.000000 0.000000 0.000000 1.000000 0.000000 0.000000 0.000000 0.000000 1.000000</float_array>
     <technique_common>
      <accessor source="#Character-Matrix-animation-output-transform-array" count="30" stride="16">
       <param type="float4x4"></param>
      </accessor>
     </technique_common>
    </source>
    <source id="Character-Interpolations">
     <Name_array id="Character-Interpolations-array" count="30">
 LINEAR LINEAR LINEAR LINEAR LINEAR LINEAR LINEAR LINEAR LINEAR LINEAR LINEAR
LINEAR LINEAR LINEAR LINEAR LINEAR LINEAR LINEAR LINEAR LINEAR LINEAR LINEAR LINEAR
LINEAR LINEAR LINEAR LINEAR LINEAR LINEAR LINEAR</Name_array>
     <technique_common>
      <accessor source="#Character-Interpolations-array" count="30">
       <param type="name"></param>
      </accessor>
     </technique_common>
    </source>
    <sampler id="Character-Matrix-animation-transform">
     <input semantic="INPUT" source="#Character-Matrix-animation-input"></input>
     <input semantic="OUTPUT" source="#Character-Matrix-animation-output-transform"></input>
     <input semantic="INTERPOLATION" source="#Character-Interpolations"></input>
    </sampler>
    <channel source="#Character-Matrix-animation-transform" target="Character/matrix"></channel>
   </animation>
  </animation>
  <animation id="HIK_root_jnt-anim" name="HIK_root_jnt">
   <animation>
    <source id="HIK_root_jnt-Matrix-animation-input">
     <float_array id="HIK_root_jnt-Matrix-animation-input-array" count="30">

0.000000 0.033333 0.066667 0.100000 0.133333 0.166667 0.200000 0.233333 0.266667 0.300000 0.333333 0.366667 0.400000 0.433333 0.466667 0.500000
0.533333 0.566667 0.600000 0.633333 0.666667 0.700000 0.733333 0.766667 0.800000 0.833333 0.866667 0.900000 0.933333 0.966667</float_array>
     <technique_common>
      <accessor source="#HIK_root_jnt-Matrix-animation-input-array" count="30">
       <param name="TIME" type="float"></param>
      </accessor>
     </technique_common>
    </source>
    <source id="HIK_root_jnt-Matrix-animation-output-transform">
     <float_array id="HIK_root_jnt-Matrix-animation-output-transform-array" count="480">

1.000000 0.000000 0.000000 0.000000 0.000000 1.000000 -0.000000 0.000000 0.000000 0.000000 1.000000 0.000000 0.000000 0.000000 0.000000 1.000000
1.000000 0.000000 0.000000 0.000000 0.000000 1.000000 -0.000000 0.000000 0.000000 0.000000 1.000000 0.000000 0.000000 0.000000 0.000000 1.000000
1.000000 0.000000 0.000000 0.000000 0.000000 1.000000 -0.000000 0.000000 0.000000 0.000000 1.000000 0.000000 0.000000 0.000000 0.000000 1.000000
1.000000 0.000000 0.000000 0.000000 0.000000 1.000000 -0.000000 0.000000 0.000000 0.000000 1.000000 0.000000 0.000000 0.000000 0.000000 1.000000
1.000000 0.000000 0.000000 0.000000 0.000000 1.000000 -0.000000 0.000000 0.000000 0.000000 1.000000 0.000000 0.000000 0.000000 0.000000 1.000000
1.000000 0.000000 0.000000 0.000000 0.000000 1.000000 -0.000000 0.000000 0.000000 0.000000 1.000000 0.000000 0.000000 0.000000 0.000000 1.000000
1.000000 0.000000 0.000000 0.000000 0.000000 1.000000 -0.000000 0.000000 0.000000 0.000000 1.000000 0.000000 0.000000 0.000000 0.000000 1.000000
1.000000 0.000000 0.000000 0.000000 0.000000 1.000000 -0.000000 0.000000 0.000000 0.000000 1.000000 0.000000 0.000000 0.000000 0.000000 1.000000
1.000000 0.000000 0.000000 0.000000 0.000000 1.000000 -0.000000 0.000000 0.000000 0.000000 1.000000 0.000000 0.000000 0.000000 0.000000 1.000000
1.000000 0.000000 0.000000 0.000000 0.000000 1.000000 -0.000000 0.000000 0.000000 0.000000 1.000000 0.000000 0.000000 0.000000 0.000000 1.000000
1.000000 0.000000 0.000000 0.000000 0.000000 1.000000 -0.000000 0.000000 0.000000 0.000000 1.000000 0.000000 0.000000 0.000000 0.000000 1.000000
1.000000 0.000000 0.000000 0.000000 0.000000 1.000000 -0.000000 0.000000 0.000000 0.000000 1.000000 0.000000 0.000000 0.000000 0.000000 1.000000
1.000000 0.000000 0.000000 0.000000 0.000000 1.000000 -0.000000 0.000000 0.000000 0.000000 1.000000 0.000000 0.000000 0.000000 0.000000 1.000000
1.000000 0.000000 0.000000 0.000000 0.000000 1.000000 -0.000000 0.000000 0.000000 0.000000 1.000000 0.000000 0.000000 0.000000 0.000000 1.000000
1.000000 0.000000 0.000000 0.000000 0.000000 1.000000 -0.000000 0.000000 0.000000 0.000000 1.000000 0.000000 0.000000 0.000000 0.000000 1.000000
1.000000 0.000000 0.000000 0.000000 0.000000 1.000000 -0.000000 0.000000 0.000000 0.000000 1.000000 0.000000 0.000000 0.000000 0.000000 1.000000
1.000000 0.000000 0.000000 0.000000 0.000000 1.000000 -0.000000 0.000000 0.000000 0.000000 1.000000 0.000000 0.000000 0.000000 0.000000 1.000000
1.000000 0.000000 0.000000 0.000000 0.000000 1.000000 -0.000000 0.000000 0.000000 0.000000 1.000000 0.000000 0.000000 0.000000 0.000000 1.000000
1.000000 0.000000 0.000000 0.000000 0.000000 1.000000 -0.000000 0.000000 0.000000 0.000000 1.000000 0.000000 0.000000 0.000000 0.000000 1.000000
1.000000 0.000000 0.000000 0.000000 0.000000 1.000000 -0.000000 0.000000 0.000000 0.000000 1.000000 0.000000 0.000000 0.000000 0.000000 1.000000
1.000000 0.000000 0.000000 0.000000 0.000000 1.000000 -0.000000 0.000000 0.000000 0.000000 1.000000 0.000000 0.000000 0.000000 0.000000 1.000000
1.000000 0.000000 0.000000 0.000000 0.000000 1.000000 -0.000000 0.000000 0.000000 0.000000 1.000000 0.000000 0.000000 0.000000 0.000000 1.000000
1.000000 0.000000 0.000000 0.000000 0.000000 1.000000 -0.000000 0.000000 0.000000 0.000000 1.000000 0.000000 0.000000 0.000000 0.000000 1.000000
1.000000 0.000000 0.000000 0.000000 0.000000 1.000000 -0.000000 0.000000 0.000000 0.000000 1.000000 0.000000 0.000000 0.000000 0.000000 1.000000
1.000000 0.000000 0.000000 0.000000 0.000000 1.000000 -0.000000 0.000000 0.000000 0.000000 1.000000 0.000000 0.000000 0.000000 0.000000 1.000000
1.000000 0.000000 0.000000 0.000000 0.000000 1.000000 -0.000000 0.000000 0.000000 0.000000 1.000000 0.000000 0.000000 0.000000 0.000000 1.000000
1.000000 0.000000 0.000000 0.000000 0.000000 1.000000 -0.000000 0.000000 0.000000 0.000000 1.000000 0.000000 0.000000 0.000000 0.000000 1.000000
1.000000 0.000000 0.000000 0.000000 0.000000 1.000000 -0.000000 0.000000 0.000000 0.000000 1.000000 0.000000 0.000000 0.000000 0.000000 1.000000
1.000000 0.000000 0.000000 0.000000 0.000000 1.000000 -0.000000 0.000000 0.000000 0.000000 1.000000 0.000000 0.000000 0.000000 0.000000 1.000000
1.000000 0.000000 0.000000 0.000000 0.000000 1.000000 -0.000000 0.000000 0.000000 0.000000 1.000000 0.000000 0.000000 0.000000 0.000000 1.000000</float_array>
     <technique_common>
      <accessor source="#HIK_root_jnt-Matrix-animation-output-transform-array" count="30" stride="16">
       <param type="float4x4"></param>
      </accessor>
     </technique_common>
    </source>
    <source id="HIK_root_jnt-Interpolations">
     <Name_array id="HIK_root_jnt-Interpolations-array" count="30">
 LINEAR LINEAR LINEAR LINEAR LINEAR LINEAR LINEAR LINEAR LINEAR LINEAR LINEAR
LINEAR LINEAR LINEAR LINEAR LINEAR LINEAR LINEAR LINEAR LINEAR LINEAR LINEAR LINEAR
LINEAR LINEAR LINEAR LINEAR LINEAR LINEAR LINEAR</Name_array>
     <technique_common>
      <accessor source="#HIK_root_jnt-Interpolations-array" count="30">
       <param type="name"></param>
      </accessor>
     </technique_common>
    </source>
    <sampler id="HIK_root_jnt-Matrix-animation-transform">
     <input semantic="INPUT" source="#HIK_root_jnt-Matrix-animation-input"></input>
     <input semantic="OUTPUT" source="#HIK_root_jnt-Matrix-animation-output-transform"></input>
     <input semantic="INTERPOLATION" source="#HIK_root_jnt-Interpolations"></input>
    </sampler>
    <channel source="#HIK_root_jnt-Matrix-animation-transform" target="HIK_root_jnt/matrix"></channel>
   </animation>
  </animation>
  <animation id="root_jnt-anim" name="root_jnt">
   <animation>
    <source id="root_jnt-Matrix-animation-input">
     <float_array id="root_jnt-Matrix-animation-input-array" count="30">

0.000000 0.033333 0.066667 0.100000 0.133333 0.166667 0.200000 0.233333 0.266667 0.300000 0.333333 0.366667 0.400000 0.433333 0.466667 0.500000
0.533333 0.566667 0.600000 0.633333 0.666667 0.700000 0.733333 0.766667 0.800000 0.833333 0.866667 0.900000 0.933333 0.966667</float_array>
     <technique_common>
      <accessor source="#root_jnt-Matrix-animation-input-array" count="30">
       <param name="TIME" type="float"></param>
      </accessor>
     </technique_common>
    </source>
    <source id="root_jnt-Matrix-animation-output-transform">
     <float_array id="root_jnt-Matrix-animation-output-transform-array" count="480">

1.000000 0.000000 0.000000 0.000000 0.000000 1.000000 -0.000000 0.000000 0.000000 0.000000 1.000000 0.000000 0.000000 0.000000 0.000000 1.000000
1.000000 0.000000 0.000000 0.000000 0.000000 1.000000 -0.000000 0.000000 0.000000 0.000000 1.000000 0.000000 0.000000 0.000000 0.000000 1.000000
1.000000 0.000000 0.000000 0.000000 0.000000 1.000000 -0.000000 0.000000 0.000000 0.000000 1.000000 0.000000 0.000000 0.000000 0.000000 1.000000
1.000000 0.000000 0.000000 0.000000 0.000000 1.000000 -0.000000 0.000000 0.000000 0.000000 1.000000 0.000000 0.000000 0.000000 0.000000 1.000000
1.000000 0.000000 0.000000 0.000000 0.000000 1.000000 -0.000000 0.000000 0.000000 0.000000 1.000000 0.000000 0.000000 0.000000 0.000000 1.000000
1.000000 0.000000 0.000000 0.000000 0.000000 1.000000 -0.000000 0.000000 0.000000 0.000000 1.000000 0.000000 0.000000 0.000000 0.000000 1.000000
1.000000 0.000000 0.000000 0.000000 0.000000 1.000000 -0.000000 0.000000 0.000000 0.000000 1.000000 0.000000 0.000000 0.000000 0.000000 1.000000
1.000000 0.000000 0.000000 0.000000 0.000000 1.000000 -0.000000 0.000000 0.000000 0.000000 1.000000 0.000000 0.000000 0.000000 0.000000 1.000000
1.000000 0.000000 0.000000 0.000000 0.000000 1.000000 -0.000000 0.000000 0.000000 0.000000 1.000000 0.000000 0.000000 0.000000 0.000000 1.000000
1.000000 0.000000 0.000000 0.000000 0.000000 1.000000 -0.000000 0.000000 0.000000 0.000000 1.000000 0.000000 0.000000 0.000000 0.000000 1.000000
1.000000 0.000000 0.000000 0.000000 0.000000 1.000000 -0.000000 0.000000 0.000000 0.000000 1.000000 0.000000 0.000000 0.000000 0.000000 1.000000
1.000000 0.000000 0.000000 0.000000 0.000000 1.000000 -0.000000 0.000000 0.000000 0.000000 1.000000 0.000000 0.000000 0.000000 0.000000 1.000000
1.000000 0.000000 0.000000 0.000000 0.000000 1.000000 -0.000000 0.000000 0.000000 0.000000 1.000000 0.000000 0.000000 0.000000 0.000000 1.000000
1.000000 0.000000 0.000000 0.000000 0.000000 1.000000 -0.000000 0.000000 0.000000 0.000000 1.000000 0.000000 0.000000 0.000000 0.000000 1.000000
1.000000 0.000000 0.000000 0.000000 0.000000 1.000000 -0.000000 0.000000 0.000000 0.000000 1.000000 0.000000 0.000000 0.000000 0.000000 1.000000
1.000000 0.000000 0.000000 0.000000 0.000000 1.000000 -0.000000 0.000000 0.000000 0.000000 1.000000 0.000000 0.000000 0.000000 0.000000 1.000000
1.000000 0.000000 0.000000 0.000000 0.000000 1.000000 -0.000000 0.000000 0.000000 0.000000 1.000000 0.000000 0.000000 0.000000 0.000000 1.000000
1.000000 0.000000 0.000000 0.000000 0.000000 1.000000 -0.000000 0.000000 0.000000 0.000000 1.000000 0.000000 0.000000 0.000000 0.000000 1.000000
1.000000 0.000000 0.000000 0.000000 0.000000 1.000000 -0.000000 0.000000 0.000000 0.000000 1.000000 0.000000 0.000000 0.000000 0.000000 1.000000
1.000000 0.000000 0.000000 0.000000 0.000000 1.000000 -0.000000 0.000000 0.000000 0.000000 1.000000 0.000000 0.000000 0.000000 0.000000 1.000000
1.000000 0.000000 0.000000 0.000000 0.000000 1.000000 -0.000000 0.000000 0.000000 0.000000 1.000000 0.000000 0.000000 0.000000 0.000000 1.000000
1.000000 0.000000 0.000000 0.000000 0.000000 1.000000 -0.000000 0.000000 0.000000 0.000000 1.000000 0.000000 0.000000 0.000000 0.000000 1.000000
1.000000 0.000000 0.000000 0.000000 0.000000 1.000000 -0.000000 0.000000 0.000000 0.000000 1.000000 0.000000 0.000000 0.000000 0.000000 1.000000
1.000000 0.000000 0.000000 0.000000 0.000000 1.000000 -0.000000 0.000000 0.000000 0.000000 1.000000 0.000000 0.000000 0.000000 0.000000 1.000000
1.000000 0.000000 0.000000 0.000000 0.000000 1.000000 -0.000000 0.000000 0.000000 0.000000 1.000000 0.000000 0.000000 0.000000 0.000000 1.000000
1.000000 0.000000 0.000000 0.000000 0.000000 1.000000 -0.000000 0.000000 0.000000 0.000000 1.000000 0.000000 0.000000 0.000000 0.000000 1.000000
1.000000 0.000000 0.000000 0.000000 0.000000 1.000000 -0.000000 0.000000 0.000000 0.000000 1.000000 0.000000 0.000000 0.000000 0.000000 1.000000
1.000000 0.000000 0.000000 0.000000 0.000000 1.000000 -0.000000 0.000000 0.000000 0.000000 1.000000 0.000000 0.000000 0.000000 0.000000 1.000000
1.000000 0.000000 0.000000 0.000000 0.000000 1.000000 -0.000000 0.000000 0.000000 0.000000 1.000000 0.000000 0.000000 0.000000 0.000000 1.000000
1.000000 0.000000 0.000000 0.000000 0.000000 1.000000 -0.000000 0.000000 0.000000 0.000000 1.000000 0.000000 0.000000 0.000000 0.000000 1.000000</float_array>
     <technique_common>
      <accessor source="#root_jnt-Matrix-animation-output-transform-array" count="30" stride="16">
       <param type="float4x4"></param>
      </accessor>
     </technique_common>
    </source>
    <source id="root_jnt-Interpolations">
     <Name_array id="root_jnt-Interpolations-array" count="30">
 LINEAR LINEAR LINEAR LINEAR LINEAR LINEAR LINEAR LINEAR LINEAR LINEAR LINEAR
LINEAR LINEAR LINEAR LINEAR LINEAR LINEAR LINEAR LINEAR LINEAR LINEAR LINEAR LINEAR
LINEAR LINEAR LINEAR LINEAR LINEAR LINEAR LINEAR</Name_array>
     <technique_common>
      <accessor source="#root_jnt-Interpolations-array" count="30">
       <param type="name"></param>
      </accessor>
     </technique_common>
    </source>
    <sampler id="root_jnt-Matrix-animation-transform">
     <input semantic="INPUT" source="#root_jnt-Matrix-animation-input"></input>
     <input semantic="OUTPUT" source="#root_jnt-Matrix-animation-output-transform"></input>
     <input semantic="INTERPOLATION" source="#root_jnt-Interpolations"></input>
    </sampler>
    <channel source="#root_jnt-Matrix-animation-transform" target="root_jnt/matrix"></channel>
   </animation>
  </animation>
  <animation id="jnt_hips-anim" name="jnt_hips">
   <animation>
    <source id="jnt_hips-Matrix-animation-input">
     <float_array id="jnt_hips-Matrix-animation-input-array" count="30">

0.000000 0.033333 0.066667 0.100000 0.133333 0.166667 0.200000 0.233333 0.266667 0.300000 0.333333 0.366667 0.400000 0.433333 0.466667 0.500000
0.533333 0.566667 0.600000 0.633333 0.666667 0.700000 0.733333 0.766667 0.800000 0.833333 0.866667 0.900000 0.933333 0.966667</float_array>
     <technique_common>
      <accessor source="#jnt_hips-Matrix-animation-input-array" count="30">
       <param name="TIME" type="float"></param>
      </accessor>
     </technique_common>
    </source>
    <source id="jnt_hips-Matrix-animation-output-transform">
     <float_array id="jnt_hips-Matrix-animation-output-transform-array" count="480">

0.978206 0.062545 -0.197990 -0.000000 -0.056947 0.997803 0.033849 1.941480 0.199673 -0.021836 0.979619 -0.247371 0.000000 0.000000 0.000000 1.000000
0.978205 0.062687 -0.197953 -0.000000 -0.057095 0.997795 0.033837 1.941480 0.199638 -0.021797 0.979627 -0.247371 0.000000 0.000000 0.000000 1.000000
0.978201 0.063068 -0.197852 -0.000000 -0.057494 0.997774 0.033799 1.941480 0.199543 -0.021686 0.979649 -0.247371 0.000000 0.000000 0.000000 1.000000
0.978195 0.063623 -0.197705 -0.000000 -0.058078 0.997742 0.033730 1.941480 0.199404 -0.021512 0.979681 -0.247371 0.000000 0.000000 0.000000 1.000000
0.978187 0.064286 -0.197529 -0.000000 -0.058779 0.997705 0.033625 1.941480 0.199237 -0.021281 0.979720 -0.247371 0.000000 0.000000 0.000000 1.000000
0.978178 0.064992 -0.197340 -0.000000 -0.059531 0.997665 0.033484 1.941480 0.199055 -0.021006 0.979763 -0.247371 0.000000 0.000000 0.000000 1.000000
0.978170 0.065682 -0.197155 -0.000000 -0.060273 0.997626 0.033317 1.941480 0.198875 -0.020707 0.979806 -0.247371 0.000000 0.000000 0.000000 1.000000
0.978161 0.066302 -0.196989 -0.000000 -0.060945 0.997591 0.033140 1.941480 0.198711 -0.020411 0.979846 -0.247371 0.000000 0.000000 0.000000 1.000000
0.978154 0.066802 -0.196854 -0.000000 -0.061490 0.997563 0.032978 1.941480 0.198577 -0.020153 0.979878 -0.247371 0.000000 0.000000 0.000000 1.000000
0.978150 0.067135 -0.196764 -0.000000 -0.061857 0.997544 0.032859 1.941480 0.198486 -0.019970 0.979900 -0.247371 0.000000 0.000000 0.000000 1.000000
0.978148 0.067257 -0.196731 -0.000000 -0.061991 0.997537 0.032813 1.941480 0.198453 -0.019901 0.979908 -0.247371 0.000000 0.000000 0.000000 1.000000
0.978148 0.067257 -0.196731 -0.000000 -0.061991 0.997537 0.032813 1.941480 0.198453 -0.019901 0.979908 -0.247371 0.000000 0.000000 0.000000 1.000000
0.978148 0.067257 -0.196731 -0.000000 -0.061991 0.997537 0.032813 1.941480 0.198453 -0.019901 0.979908 -0.247371 0.000000 0.000000 0.000000 1.000000
0.978148 0.067257 -0.196731 -0.000000 -0.061991 0.997537 0.032813 1.941480 0.198453 -0.019901 0.979908 -0.247371 0.000000 0.000000 0.000000 1.000000
0.978148 0.067257 -0.196731 -0.000000 -0.061991 0.997537 0.032813 1.941480 0.198453 -0.019901 0.979908 -0.247371 0.000000 0.000000 0.000000 1.000000
0.978148 0.067257 -0.196731 -0.000000 -0.061991 0.997537 0.032813 1.941480 0.198453 -0.019901 0.979908 -0.247371 0.000000 0.000000 0.000000 1.000000
0.978148 0.067257 -0.196731 -0.000000 -0.061991 0.997537 0.032813 1.941480 0.198453 -0.019901 0.979908 -0.247371 0.000000 0.000000 0.000000 1.000000
0.978148 0.067257 -0.196731 -0.000000 -0.061991 0.997537 0.032813 1.941480 0.198453 -0.019901 0.979908 -0.247371 0.000000 0.000000 0.000000 1.000000
0.978148 0.067257 -0.196731 -0.000000 -0.061991 0.997537 0.032813 1.941480 0.198453 -0.019901 0.979908 -0.247371 0.000000 0.000000 0.000000 1.000000
0.978148 0.067257 -0.196731 -0.000000 -0.061991 0.997537 0.032813 1.941480 0.198453 -0.019901 0.979908 -0.247371 0.000000 0.000000 0.000000 1.000000
0.978148 0.067257 -0.196731 -0.000000 -0.061991 0.997537 0.032813 1.941480 0.198453 -0.019901 0.979908 -0.247371 0.000000 0.000000 0.000000 1.000000
0.978148 0.067257 -0.196731 -0.000000 -0.061991 0.997537 0.032813 1.941480 0.198453 -0.019901 0.979908 -0.247371 0.000000 0.000000 0.000000 1.000000
0.978148 0.067257 -0.196731 -0.000000 -0.061991 0.997537 0.032813 1.941480 0.198453 -0.019901 0.979908 -0.247371 0.000000 0.000000 0.000000 1.000000
0.978148 0.067257 -0.196731 -0.000000 -0.061991 0.997537 0.032813 1.941480 0.198453 -0.019901 0.979908 -0.247371 0.000000 0.000000 0.000000 1.000000
0.978148 0.067257 -0.196731 -0.000000 -0.061991 0.997537 0.032813 1.941480 0.198453 -0.019901 0.979908 -0.247371 0.000000 0.000000 0.000000 1.000000
0.978148 0.067257 -0.196731 -0.000000 -0.061991 0.997537 0.032813 1.941480 0.198453 -0.019901 0.979908 -0.247371 0.000000 0.000000 0.000000 1.000000
0.978148 0.067257 -0.196731 -0.000000 -0.061991 0.997537 0.032813 1.941480 0.198453 -0.019901 0.979908 -0.247371 0.000000 0.000000 0.000000 1.000000
0.978148 0.067257 -0.196731 -0.000000 -0.061991 0.997537 0.032813 1.941480 0.198453 -0.019901 0.979908 -0.247371 0.000000 0.000000 0.000000 1.000000
0.978148 0.067257 -0.196731 -0.000000 -0.061991 0.997537 0.032813 1.941480 0.198453 -0.019901 0.979908 -0.247371 0.000000 0.000000 0.000000 1.000000
0.978148 0.067257 -0.196731 -0.000000 -0.061991 0.997537 0.032813 1.941480 0.198453 -0.019901 0.979908 -0.247371 0.000000 0.000000 0.000000 1.000000</float_array>
     <technique_common>
      <accessor source="#jnt_hips-Matrix-animation-output-transform-array" count="30" stride="16">
       <param type="float4x4"></param>
      </accessor>
     </technique_common>
    </source>
    <source id="jnt_hips-Interpolations">
     <Name_array id="jnt_hips-Interpolations-array" count="30">
 LINEAR LINEAR LINEAR LINEAR LINEAR LINEAR LINEAR LINEAR LINEAR LINEAR LINEAR
LINEAR LINEAR LINEAR LINEAR LINEAR LINEAR LINEAR LINEAR LINEAR LINEAR LINEAR LINEAR
LINEAR LINEAR LINEAR LINEAR LINEAR LINEAR LINEAR</Name_array>
     <technique_common>
      <accessor source="#jnt_hips-Interpolations-array" count="30">
       <param type="name"></param>
      </accessor>
     </technique_common>
    </source>
    <sampler id="jnt_hips-Matrix-animation-transform">
     <input semantic="INPUT" source="#jnt_hips-Matrix-animation-input"></input>
     <input semantic="OUTPUT" source="#jnt_hips-Matrix-animation-output-transform"></input>
     <input semantic="INTERPOLATION" source="#jnt_hips-Interpolations"></input>
    </sampler>
    <channel source="#jnt_hips-Matrix-animation-transform" target="jnt_hips/matrix"></channel>
   </animation>
  </animation>
  <animation id="jnt_height-anim" name="jnt_height">
   <animation>
    <source id="jnt_height-Matrix-animation-input">
     <float_array id="jnt_height-Matrix-animation-input-array" count="30">

0.000000 0.033333 0.066667 0.100000 0.133333 0.166667 0.200000 0.233333 0.266667 0.300000 0.333333 0.366667 0.400000 0.433333 0.466667 0.500000
0.533333 0.566667 0.600000 0.633333 0.666667 0.700000 0.733333 0.766667 0.800000 0.833333 0.866667 0.900000 0.933333 0.966667</float_array>
     <technique_common>
      <accessor source="#jnt_height-Matrix-animation-input-array" count="30">
       <param name="TIME" type="float"></param>
      </accessor>
     </technique_common>
    </source>
    <source id="jnt_height-Matrix-animation-output-transform">
     <float_array id="jnt_height-Matrix-animation-output-transform-array" count="480">

0.998296 0.056424 0.014903 -0.000000 -0.056901 0.997805 0.033863 -0.000000 -0.012960 -0.034653 0.999315 0.000000 0.000000 0.000000 0.000000 1.000000
0.998287 0.056570 0.014942 0.000000 -0.057049 0.997797 0.033851 -0.000000 -0.012994 -0.034645 0.999315 -0.000000 0.000000 0.000000 0.000000 1.000000
0.998263 0.056966 0.015047 -0.000000 -0.057447 0.997776 0.033813 0.000000 -0.013087 -0.034619 0.999315 0.000000 0.000000 0.000000 0.000000 1.000000
0.998227 0.057544 0.015200 0.000000 -0.058030 0.997744 0.033745 -0.000000 -0.013224 -0.034567 0.999315 -0.000000 0.000000 0.000000 0.000000 1.000000
0.998184 0.058240 0.015384 0.000000 -0.058730 0.997707 0.033640 0.000000 -0.013389 -0.034482 0.999316 0.000000 0.000000 0.000000 0.000000 1.000000
0.998137 0.058987 0.015580 -0.000000 -0.059482 0.997667 0.033500 -0.000000 -0.013568 -0.034364 0.999317 -0.000000 0.000000 0.000000 0.000000 1.000000
0.998090 0.059724 0.015773 0.000000 -0.060223 0.997628 0.033333 -0.000000 -0.013745 -0.034220 0.999320 0.000000 0.000000 0.000000 0.000000 1.000000
0.998047 0.060392 0.015947 0.000000 -0.060894 0.997593 0.033157 -0.000000 -0.013906 -0.034063 0.999323 0.000000 0.000000 0.000000 0.000000 1.000000
0.998012 0.060935 0.016088 0.000000 -0.061439 0.997565 0.032994 -0.000000 -0.014038 -0.033917 0.999326 0.000000 0.000000 0.000000 0.000000 1.000000
0.997988 0.061299 0.016182 -0.000000 -0.061805 0.997546 0.032876 -0.000000 -0.014127 -0.033810 0.999328 0.000000 0.000000 0.000000 0.000000 1.000000
0.997979 0.061433 0.016217 -0.000000 -0.061939 0.997540 0.032830 -0.000000 -0.014160 -0.033768 0.999329 -0.000000 0.000000 0.000000 0.000000 1.000000
0.997979 0.061433 0.016217 -0.000000 -0.061939 0.997540 0.032830 -0.000000 -0.014160 -0.033768 0.999329 -0.000000 0.000000 0.000000 0.000000 1.000000
0.997979 0.061433 0.016217 -0.000000 -0.061939 0.997540 0.032830 -0.000000 -0.014160 -0.033768 0.999329 -0.000000 0.000000 0.000000 0.000000 1.000000
0.997979 0.061433 0.016217 -0.000000 -0.061939 0.997540 0.032830 -0.000000 -0.014160 -0.033768 0.999329 -0.000000 0.000000 0.000000 0.000000 1.000000
0.997979 0.061433 0.016217 -0.000000 -0.061939 0.997540 0.032830 -0.000000 -0.014160 -0.033768 0.999329 -0.000000 0.000000 0.000000 0.000000 1.000000
0.997979 0.061433 0.016217 -0.000000 -0.061939 0.997540 0.032830 -0.000000 -0.014160 -0.033768 0.999329 -0.000000 0.000000 0.000000 0.000000 1.000000
0.997979 0.061433 0.016217 -0.000000 -0.061939 0.997540 0.032830 -0.000000 -0.014160 -0.033768 0.999329 -0.000000 0.000000 0.000000 0.000000 1.000000
0.997979 0.061433 0.016217 -0.000000 -0.061939 0.997540 0.032830 -0.000000 -0.014160 -0.033768 0.999329 -0.000000 0.000000 0.000000 0.000000 1.000000
0.997979 0.061433 0.016217 -0.000000 -0.061939 0.997540 0.032830 -0.000000 -0.014160 -0.033768 0.999329 -0.000000 0.000000 0.000000 0.000000 1.000000
0.997979 0.061433 0.016217 -0.000000 -0.061939 0.997540 0.032830 -0.000000 -0.014160 -0.033768 0.999329 -0.000000 0.000000 0.000000 0.000000 1.000000
0.997979 0.061433 0.016217 -0.000000 -0.061939 0.997540 0.032830 -0.000000 -0.014160 -0.033768 0.999329 -0.000000 0.000000 0.000000 0.000000 1.000000
0.997979 0.061433 0.016217 -0.000000 -0.061939 0.997540 0.032830 -0.000000 -0.014160 -0.033768 0.999329 -0.000000 0.000000 0.000000 0.000000 1.000000
0.997979 0.061433 0.016217 -0.000000 -0.061939 0.997540 0.032830 -0.000000 -0.014160 -0.033768 0.999329 -0.000000 0.000000 0.000000 0.000000 1.000000
0.997979 0.061433 0.016217 -0.000000 -0.061939 0.997540 0.032830 -0.000000 -0.014160 -0.033768 0.999329 -0.000000 0.000000 0.000000 0.000000 1.000000
0.997979 0.061433 0.016217 -0.000000 -0.061939 0.997540 0.032830 -0.000000 -0.014160 -0.033768 0.999329 -0.000000 0.000000 0.000000 0.000000 1.000000
0.997979 0.061433 0.016217 -0.000000 -0.061939 0.997540 0.032830 -0.000000 -0.014160 -0.033768 0.999329 -0.000000 0.000000 0.000000 0.000000 1.000000
0.997979 0.061433 0.016217 -0.000000 -0.061939 0.997540 0.032830 -0.000000 -0.014160 -0.033768 0.999329 -0.000000 0.000000 0.000000 0.000000 1.000000
0.997979 0.061433 0.016217 -0.000000 -0.061939 0.997540 0.032830 -0.000000 -0.014160 -0.033768 0.999329 -0.000000 0.000000 0.000000 0.000000 1.000000
0.997979 0.061433 0.016217 -0.000000 -0.061939 0.997540 0.032830 -0.000000 -0.014160 -0.033768 0.999329 -0.000000 0.000000 0.000000 0.000000 1.000000
0.997979 0.061433 0.016217 -0.000000 -0.061939 0.997540 0.032830 -0.000000 -0.014160 -0.033768 0.999329 -0.000000 0.000000 0.000000 0.000000 1.000000</float_array>
     <technique_common>
      <accessor source="#jnt_height-Matrix-animation-output-transform-array" count="30" stride="16">
       <param type="float4x4"></param>
      </accessor>
     </technique_common>
    </source>
    <source id="jnt_height-Interpolations">
     <Name_array id="jnt_height-Interpolations-array" count="30">
 LINEAR LINEAR LINEAR LINEAR LINEAR LINEAR LINEAR LINEAR LINEAR LINEAR LINEAR
LINEAR LINEAR LINEAR LINEAR LINEAR LINEAR LINEAR LINEAR LINEAR LINEAR LINEAR LINEAR
LINEAR LINEAR LINEAR LINEAR LINEAR LINEAR LINEAR</Name_array>
     <technique_common>
      <accessor source="#jnt_height-Interpolations-array" count="30">
       <param type="name"></param>
      </accessor>
     </technique_common>
    </source>
    <sampler id="jnt_height-Matrix-animation-transform">
     <input semantic="INPUT" source="#jnt_height-Matrix-animation-input"></input>
     <input semantic="OUTPUT" source="#jnt_height-Matrix-animation-output-transform"></input>
     <input semantic="INTERPOLATION" source="#jnt_height-Interpolations"></input>
    </sampler>
    <channel source="#jnt_height-Matrix-animation-transform" target="jnt_height/matrix"></channel>
   </animation>
  </animation>
  <animation id="jnt_spine1-anim" name="jnt_spine1">
   <animation>
    <source id="jnt_spine1-Matrix-animation-input">
     <float_array id="jnt_spine1-Matrix-animation-input-array" count="30">

0.000000 0.033333 0.066667 0.100000 0.133333 0.166667 0.200000 0.233333 0.266667 0.300000 0.333333 0.366667 0.400000 0.433333 0.466667 0.500000
0.533333 0.566667 0.600000 0.633333 0.666667 0.700000 0.733333 0.766667 0.800000 0.833333 0.866667 0.900000 0.933333 0.966667</float_array>
     <technique_common>
      <accessor source="#jnt_spine1-Matrix-animation-input-array" count="30">
       <param name="TIME" type="float"></param>
      </accessor>
     </technique_common>
    </source>
    <source id="jnt_spine1-Matrix-animation-output-transform">
     <float_array id="jnt_spine1-Matrix-animation-output-transform-array" count="480">

0.037770 0.010829 0.999228 -0.005844 0.999272 0.005074 -0.037827 0.209026 -0.005480 0.999929 -0.010629 0.038786 0.000000 0.000000 0.000000 1.000000
0.037865 0.010855 0.999224 -0.005844 0.999268 0.005073 -0.037922 0.209026 -0.005481 0.999928 -0.010655 0.038786 0.000000 0.000000 0.000000 1.000000
0.038124 0.010927 0.999214 -0.005844 0.999258 0.005067 -0.038181 0.209026 -0.005481 0.999928 -0.010726 0.038786 0.000000 0.000000 0.000000 1.000000
0.038503 0.011032 0.999198 -0.005844 0.999244 0.005051 -0.038560 0.209026 -0.005472 0.999927 -0.010830 0.038786 0.000000 0.000000 0.000000 1.000000
0.038959 0.011159 0.999179 -0.005844 0.999226 0.005017 -0.039017 0.209026 -0.005449 0.999925 -0.010955 0.038786 0.000000 0.000000 0.000000 1.000000
0.039451 0.011294 0.999158 -0.005844 0.999207 0.004965 -0.039509 0.209026 -0.005407 0.999924 -0.011089 0.038786 0.000000 0.000000 0.000000 1.000000
0.039938 0.011428 0.999137 -0.005844 0.999188 0.004896 -0.039996 0.209026 -0.005349 0.999923 -0.011223 0.038786 0.000000 0.000000 0.000000 1.000000
0.040381 0.011548 0.999118 -0.005844 0.999171 0.004818 -0.040438 0.209026 -0.005281 0.999922 -0.011344 0.038786 0.000000 0.000000 0.000000 1.000000
0.040742 0.011646 0.999102 -0.005844 0.999156 0.004743 -0.040799 0.209026 -0.005214 0.999921 -0.011443 0.038786 0.000000 0.000000 0.000000 1.000000
0.040985 0.011711 0.999092 -0.005844 0.999147 0.004687 -0.041042 0.209026 -0.005163 0.999921 -0.011509 0.038786 0.000000 0.000000 0.000000 1.000000
0.041074 0.011735 0.999088 -0.005844 0.999143 0.004665 -0.041131 0.209026 -0.005144 0.999920 -0.011534 0.038786 0.000000 0.000000 0.000000 1.000000
0.041074 0.011735 0.999088 -0.005844 0.999143 0.004665 -0.041131 0.209026 -0.005144 0.999920 -0.011534 0.038786 0.000000 0.000000 0.000000 1.000000
0.041074 0.011735 0.999088 -0.005844 0.999143 0.004665 -0.041131 0.209026 -0.005144 0.999920 -0.011534 0.038786 0.000000 0.000000 0.000000 1.000000
0.041074 0.011735 0.999088 -0.005844 0.999143 0.004665 -0.041131 0.209026 -0.005144 0.999920 -0.011534 0.038786 0.000000 0.000000 0.000000 1.000000
0.041074 0.011735 0.999088 -0.005844 0.999143 0.004665 -0.041131 0.209026 -0.005144 0.999920 -0.011534 0.038786 0.000000 0.000000 0.000000 1.000000
0.041074 0.011735 0.999088 -0.005844 0.999143 0.004665 -0.041131 0.209026 -0.005144 0.999920 -0.011534 0.038786 0.000000 0.000000 0.000000 1.000000
0.041074 0.011735 0.999088 -0.005844 0.999143 0.004665 -0.041131 0.209026 -0.005144 0.999920 -0.011534 0.038786 0.000000 0.000000 0.000000 1.000000
0.041074 0.011735 0.999088 -0.005844 0.999143 0.004665 -0.041131 0.209026 -0.005144 0.999920 -0.011534 0.038786 0.000000 0.000000 0.000000 1.000000
0.041074 0.011735 0.999088 -0.005844 0.999143 0.004665 -0.041131 0.209026 -0.005144 0.999920 -0.011534 0.038786 0.000000 0.000000 0.000000 1.000000
0.041074 0.011735 0.999088 -0.005844 0.999143 0.004665 -0.041131 0.209026 -0.005144 0.999920 -0.011534 0.038786 0.000000 0.000000 0.000000 1.000000
0.041074 0.011735 0.999088 -0.005844 0.999143 0.004665 -0.041131 0.209026 -0.005144 0.999920 -0.011534 0.038786 0.000000 0.000000 0.000000 1.000000
0.041074 0.011735 0.999088 -0.005844 0.999143 0.004665 -0.041131 0.209026 -0.005144 0.999920 -0.011534 0.038786 0.000000 0.000000 0.000000 1.000000
0.041074 0.011735 0.999088 -0.005844 0.999143 0.004665 -0.041131 0.209026 -0.005144 0.999920 -0.011534 0.038786 0.000000 0.000000 0.000000 1.000000
0.041074 0.011735 0.999088 -0.005844 0.999143 0.004665 -0.041131 0.209026 -0.005144 0.999920 -0.011534 0.038786 0.000000 0.000000 0.000000 1.000000
0.041074 0.011735 0.999088 -0.005844 0.999143 0.004665 -0.041131 0.209026 -0.005144 0.999920 -0.011534 0.038786 0.000000 0.000000 0.000000 1.000000
0.041074 0.011735 0.999088 -0.005844 0.999143 0.004665 -0.041131 0.209026 -0.005144 0.999920 -0.011534 0.038786 0.000000 0.000000 0.000000 1.000000
0.041074 0.011735 0.999088 -0.005844 0.999143 0.004665 -0.041131 0.209026 -0.005144 0.999920 -0.011534 0.038786 0.000000 0.000000 0.000000 1.000000
0.041074 0.011735 0.999088 -0.005844 0.999143 0.004665 -0.041131 0.209026 -0.005144 0.999920 -0.011534 0.038786 0.000000 0.000000 0.000000 1.000000
0.041074 0.011735 0.999088 -0.005844 0.999143 0.004665 -0.041131 0.209026 -0.005144 0.999920 -0.011534 0.038786 0.000000 0.000000 0.000000 1.000000
0.041074 0.011735 0.999088 -0.005844 0.999143 0.004665 -0.041131 0.209026 -0.005144 0.999920 -0.011534 0.038786 0.000000 0.000000 0.000000 1.000000</float_array>
     <technique_common>
      <accessor source="#jnt_spine1-Matrix-animation-output-transform-array" count="30" stride="16">
       <param type="float4x4"></param>
      </accessor>
     </technique_common>
    </source>
    <source id="jnt_spine1-Interpolations">
     <Name_array id="jnt_spine1-Interpolations-array" count="30">
 LINEAR LINEAR LINEAR LINEAR LINEAR LINEAR LINEAR LINEAR LINEAR LINEAR LINEAR
LINEAR LINEAR LINEAR LINEAR LINEAR LINEAR LINEAR LINEAR LINEAR LINEAR LINEAR LINEAR
LINEAR LINEAR LINEAR LINEAR LINEAR LINEAR LINEAR</Name_array>
     <technique_common>
      <accessor source="#jnt_spine1-Interpolations-array" count="30">
       <param type="name"></param>
      </accessor>
     </technique_common>
    </source>
    <sampler id="jnt_spine1-Matrix-animation-transform">
     <input semantic="INPUT" source="#jnt_spine1-Matrix-animation-input"></input>
     <input semantic="OUTPUT" source="#jnt_spine1-Matrix-animation-output-transform"></input>
     <input semantic="INTERPOLATION" source="#jnt_spine1-Interpolations"></input>
    </sampler>
    <channel source="#jnt_spine1-Matrix-animation-transform" target="jnt_spine1/matrix"></channel>
   </animation>
  </animation>
  <animation id="jnt_spine2-anim" name="jnt_spine2">
   <animation>
    <source id="jnt_spine2-Matrix-animation-input">
     <float_array id="jnt_spine2-Matrix-animation-input-array" count="30">

0.000000 0.033333 0.066667 0.100000 0.133333 0.166667 0.200000 0.233333 0.266667 0.300000 0.333333 0.366667 0.400000 0.433333 0.466667 0.500000
0.533333 0.566667 0.600000 0.633333 0.666667 0.700000 0.733333 0.766667 0.800000 0.833333 0.866667 0.900000 0.933333 0.966667</float_array>
     <technique_common>
      <accessor source="#jnt_spine2-Matrix-animation-input-array" count="30">
       <param name="TIME" type="float"></param>
      </accessor>
     </technique_common>
    </source>
    <source id="jnt_spine2-Matrix-animation-output-transform">
