<?xml version="1.0" encoding="utf-8"?>
<COLLADA xmlns="http://www.collada.org/2005/11/COLLADASchema" version="1.4.1">
  <asset><contributor><author></author><authoring_tool>FBX COLLADA exporter</authoring_tool><comments></comments></contributor><created>2024-05-17T12:17:29Z</created><keywords></keywords><modified>2024-05-17T12:17:29Z</modified><revision></revision><subject></subject><title></title><unit meter="0.010000" name="centimeter"></unit><up_axis>Y_UP</up_axis></asset>
  <library_animations>
    <animation id="Medkit_Bag-anim" name="Medkit_Bag"><animation><source id="Medkit_Bag-Matrix-animation-input"><float_array id="Medkit_Bag-Matrix-animation-input-array" count="180">

0.000000 0.033333 0.066667 0.100000 0.133333 0.166667 0.200000 0.233333 0.266667 0.300000 0.333333 0.366667 0.400000 0.433333 0.466667 0.500000
0.533333 0.566667 0.600000 0.633333 0.666667 0.700000 0.733333 0.766667 0.800000 0.833333 0.866667 0.900000 0.933333 0.966667 1.000000 1.033333
1.066667 1.100000 1.133333 1.166667 1.200000 1.233333 1.266667 1.300000 1.333333 1.366667 1.400000 1.433333 1.466667 1.500000 1.533333 1.566667
1.600000 1.633333 1.666667 1.700000 1.733333 1.766667 1.800000 1.833333 1.866667 1.900000 1.933333 1.966667 2.000000 2.033333 2.066667 2.100000
2.133333 2.166667 2.200000 2.233333 2.266667 2.300000 2.333333 2.366667 2.400000 2.433333 2.466667 2.500000 2.533333 2.566667 2.600000 2.633333
2.666667 2.700000 2.733333 2.766667 2.800000 2.833333 2.866667 2.900000 2.933333 2.966667 3.000000 3.033333 3.066667 3.100000 3.133333 3.166667
3.200000 3.233333 3.266667 3.300000 3.333333 3.366667 3.400000 3.433333 3.466667 3.500000 3.533333 3.566667 3.600000 3.633333 3.666667 3.700000
3.733333 3.766667 3.800000 3.833333 3.866667 3.900000 3.933333 3.966667 4.000000 4.033333 4.066667 4.100000 4.133333 4.166667 4.200000 4.233333
4.266667 4.300000 4.333333 4.366667 4.400000 4.433333 4.466667 4.500000 4.533333 4.566667 4.600000 4.633333 4.666667 4.700000 4.733333 4.766667
4.800000 4.833333 4.866667 4.900000 4.933333 4.966667 5.000000 5.033333 5.066667 5.100000 5.133333 5.166667 5.200000 5.233333 5.266667 5.300000
5.333333 5.366667 5.400000 5.433333 5.466667 5.500000 5.533333 5.566667 5.600000 5.633333 5.666667 5.700000 5.733333 5.766667 5.800000 5.833333
5.866667 5.900000 5.933333 5.966667</float_array><technique_common><accessor source="#Medkit_Bag-Matrix-animation-input-array" count="180"><param name="TIME" type="float"/></accessor></technique_common></source><source id="Medkit_Bag-Matrix-animation-output-transform"><float_array id="Medkit_Bag-Matrix-animation-output-transform-array" count="2880">

-0.999965 0.003354 -0.007946 0.025536 0.004810 0.981574 -0.191024 3.599837 0.007159 -0.191054 -0.981560 1.292293 0.000000 0.000000 0.000000 1.000000
-0.999860 0.012179 -0.011688 0.033182 0.014184 0.981575 -0.190554 3.594829 0.009152 -0.190692 -0.981614 1.291449 0.000000 0.000000 0.000000 1.000000
-0.999302 0.031675 -0.019916 0.050293 0.034881 0.981246 -0.189581 3.583685 0.013538 -0.190142 -0.981670 1.289479 0.000000 0.000000 0.000000 1.000000
-0.998285 0.051371 -0.028162 0.067851 0.055780 0.980412 -0.188896 3.572373 0.017906 -0.190141 -0.981600 1.287241 0.000000 0.000000 0.000000 1.000000
-0.997636 0.060841 -0.032014 0.076214 0.065829 0.979652 -0.189607 3.567220 0.019827 -0.191264 -0.981345 1.285650 0.000000 0.000000 0.000000 1.000000
-0.997650 0.060253 -0.032695 0.071934 0.065520 0.978361 -0.196263 3.569420 0.020162 -0.197942 -0.980013 1.283741 0.000000 0.000000 0.000000 1.000000
-0.997797 0.057150 -0.033774 0.060247 0.062998 0.975595 -0.210353 3.574667 0.020928 -0.212016 -0.977049 1.280223 0.000000 0.000000 0.000000 1.000000
-0.998047 0.052221 -0.034354 0.044272 0.058712 0.971766 -0.228528 3.581202 0.021450 -0.230097 -0.972937 1.275575 0.000000 0.000000 0.000000 1.000000
-0.998371 0.046192 -0.033570 0.027142 0.053083 0.967441 -0.247470 3.587315 0.021045 -0.248846 -0.968321 1.270205 0.000000 0.000000 0.000000 1.000000
-0.998741 0.039812 -0.030613 0.011989 0.046495 0.963422 -0.263930 3.591372 0.018986 -0.265019 -0.964063 1.264391 0.000000 0.000000 0.000000 1.000000
-0.999124 0.033816 -0.024741 0.001923 0.039319 0.960717 -0.274733 3.591822 0.014479 -0.275463 -0.961209 1.258276 0.000000 0.000000 0.000000 1.000000
-0.999506 0.027758 -0.014928 0.004924 0.030720 0.963898 -0.264496 3.582721 0.007047 -0.264822 -0.964278 1.255059 0.000000 0.000000 0.000000 1.000000
-0.999965 0.003354 -0.007946 0.025596 0.004810 0.981575 -0.191024 3.511814 0.007159 -0.191054 -0.981560 1.274008 0.000000 0.000000 0.000000 1.000000
-0.999578 -0.026867 -0.011303 0.009487 -0.024320 0.982499 -0.184677 3.433313 0.016067 -0.184322 -0.982741 1.283922 0.000000 0.000000 0.000000 1.000000
-0.998992 -0.043086 -0.012767 0.000811 -0.040044 0.982453 -0.182165 3.391131 0.020392 -0.181468 -0.983192 1.288529 0.000000 0.000000 0.000000 1.000000
-0.998616 -0.051135 -0.012461 -0.003609 -0.048023 0.982148 -0.181880 3.371062 0.021539 -0.181028 -0.983248 1.289607 0.000000 0.000000 0.000000 1.000000
-0.998328 -0.056868 -0.010633 -0.006586 -0.053984 0.981769 -0.182254 3.358582 0.020804 -0.181374 -0.983200 1.288883 0.000000 0.000000 0.000000 1.000000
-0.997787 -0.066095 -0.007568 -0.010757 -0.063624 0.981289 -0.181733 3.339156 0.019438 -0.180848 -0.983325 1.288089 0.000000 0.000000 0.000000 1.000000
-0.996639 -0.081876 -0.003571 -0.017470 -0.079906 0.980495 -0.179574 3.304936 0.018204 -0.178684 -0.983745 1.288165 0.000000 0.000000 0.000000 1.000000
-0.994686 -0.102978 0.001044 -0.026197 -0.101548 0.979080 -0.176333 3.258520 0.017137 -0.175501 -0.984336 1.288853 0.000000 0.000000 0.000000 1.000000
-0.991788 -0.127773 0.005970 -0.036265 -0.126878 0.976770 -0.172697 3.203442 0.016234 -0.172035 -0.984963 1.289803 0.000000 0.000000 0.000000 1.000000
-0.987919 -0.154599 0.010940 -0.047061 -0.154205 0.973413 -0.169383 3.143308 0.015537 -0.169022 -0.985496 1.290699 0.000000 0.000000 0.000000 1.000000
-0.983217 -0.181774 0.015734 -0.058075 -0.181825 0.969023 -0.167144 3.081810 0.015136 -0.167198 -0.985814 1.291263 0.000000 0.000000 0.000000 1.000000
-0.978004 -0.207617 0.020179 -0.068928 -0.208043 0.963801 -0.166760 3.022721 0.015174 -0.167289 -0.985798 1.291255 0.000000 0.000000 0.000000 1.000000
-0.972782 -0.230470 0.024141 -0.079378 -0.231190 0.958114 -0.169029 2.969875 0.015826 -0.170008 -0.985322 1.290474 0.000000 0.000000 0.000000 1.000000
-0.968187 -0.248723 0.027501 -0.089308 -0.249642 0.952440 -0.174752 2.927135 0.017272 -0.176056 -0.984235 1.288722 0.000000 0.000000 0.000000 1.000000
-0.964922 -0.260813 0.030109 -0.098684 -0.261809 0.947281 -0.184711 2.898337 0.019653 -0.186113 -0.982338 1.285825 0.000000 0.000000 0.000000 1.000000
-0.963389 -0.266259 0.031502 -0.110491 -0.267025 0.942231 -0.202238 2.888143 0.024165 -0.203244 -0.978836 1.280415 0.000000 0.000000 0.000000 1.000000
-0.960433 -0.277005 0.029024 -0.160523 -0.274908 0.926075 -0.258484 2.909551 0.044723 -0.256234 -0.965586 1.259989 0.000000 0.000000 0.000000 1.000000
-0.954880 -0.296033 0.023974 -0.250810 -0.285000 0.890583 -0.354458 2.961505 0.083580 -0.345294 -0.934772 1.227523 0.000000 0.000000 0.000000 1.000000
-0.946483 -0.322181 0.019328 -0.370363 -0.291771 0.828467 -0.478034 3.032504 0.138000 -0.458087 -0.878136 1.191565 0.000000 0.000000 0.000000 1.000000
-0.935274 -0.353466 0.018130 -0.507911 -0.289622 0.734887 -0.613242 3.111537 0.203436 -0.578796 -0.789695 1.160115 0.000000 0.000000 0.000000 1.000000
-0.921906 -0.386762 0.022581 -0.652343 -0.274921 0.612021 -0.741523 3.190186 0.272972 -0.689817 -0.670557 1.139017 0.000000 0.000000 0.000000 1.000000
-0.907720 -0.418277 0.033067 -0.793152 -0.247909 0.471072 -0.846547 3.263721 0.338513 -0.776619 -0.531298 1.129717 0.000000 0.000000 0.000000 1.000000
-0.894484 -0.444538 0.047840 -0.920657 -0.213054 0.329720 -0.919731 3.335573 0.393079 -0.832870 -0.389641 1.129766 0.000000 0.000000 0.000000 1.000000
-0.883834 -0.463457 0.063632 -1.026304 -0.177574 0.206533 -0.962198 3.407788 0.432794 -0.861715 -0.264840 1.134551 0.000000 0.000000 0.000000 1.000000
-0.876940 -0.474425 0.076824 -1.101930 -0.149091 0.116578 -0.981934 3.478751 0.456896 -0.872543 -0.172965 1.139188 0.000000 0.000000 0.000000 1.000000
-0.874577 -0.477496 0.084359 -1.139310 -0.134004 0.070811 -0.988454 3.545328 0.466007 -0.875777 -0.125917 1.140305 0.000000 0.000000 0.000000 1.000000
-0.876559 -0.473449 0.086567 -1.137558 -0.132978 0.065374 -0.988968 3.601979 0.462565 -0.878392 -0.120263 1.136980 0.000000 0.000000 0.000000 1.000000
-0.880373 -0.465584 0.090444 -1.120192 -0.134795 0.062784 -0.988889 3.638615 0.454730 -0.882775 -0.118032 1.131110 0.000000 0.000000 0.000000 1.000000
-0.885611 -0.454318 0.096398 -1.095270 -0.138336 0.059904 -0.988579 3.658273 0.443353 -0.888824 -0.115900 1.122440 0.000000 0.000000 0.000000 1.000000
-0.892036 -0.439781 0.104259 -1.069119 -0.143433 0.056702 -0.988041 3.664950 0.428608 -0.896314 -0.113660 1.110476 0.000000 0.000000 0.000000 1.000000
-0.899379 -0.422091 0.113850 -1.048086 -0.149925 0.053161 -0.987274 3.662676 0.410665 -0.904994 -0.111095 1.094795 0.000000 0.000000 0.000000 1.000000
-0.907348 -0.401377 0.124983 -1.038342 -0.157650 0.049273 -0.986272 3.654312 0.389707 -0.914587 -0.107985 1.074883 0.000000 0.000000 0.000000 1.000000
-0.915603 -0.377881 0.137414 -1.040509 -0.166443 0.045096 -0.985026 3.629954 0.366025 -0.924756 -0.104186 1.049624 0.000000 0.000000 0.000000 1.000000
-0.923765 -0.352012 0.150837 -1.048939 -0.176135 0.040782 -0.983528 3.592920 0.340060 -0.935108 -0.099675 1.020218 0.000000 0.000000 0.000000 1.000000
-0.931492 -0.324225 0.164943 -1.057853 -0.186545 0.036483 -0.981776 3.551574 0.312297 -0.945277 -0.094466 0.988560 0.000000 0.000000 0.000000 1.000000
-0.938497 -0.295019 0.179423 -1.061510 -0.197478 0.032331 -0.979781 3.514266 0.283252 -0.954945 -0.088603 0.956511 0.000000 0.000000 0.000000 1.000000
-0.944559 -0.264932 0.193973 -1.054242 -0.208727 0.028441 -0.977567 3.489343 0.253471 -0.963848 -0.082163 0.925919 0.000000 0.000000 0.000000 1.000000
-0.949532 -0.234532 0.208303 -1.037858 -0.220076 0.024898 -0.975172 3.475457 0.223521 -0.971790 -0.075257 0.898157 0.000000 0.000000 0.000000 1.000000
-0.953349 -0.204412 0.222141 -1.018191 -0.231302 0.021766 -0.972646 3.464704 0.193985 -0.978643 -0.068032 0.872789 0.000000 0.000000 0.000000 1.000000
-0.956025 -0.175181 0.235232 -0.995705 -0.242177 0.019078 -0.970051 3.455580 0.165447 -0.984352 -0.060664 0.848904 0.000000 0.000000 0.000000 1.000000
-0.957644 -0.147450 0.247350 -0.970918 -0.252477 0.016842 -0.967463 3.446570 0.138486 -0.988927 -0.053357 0.825547 0.000000 0.000000 0.000000 1.000000
-0.958359 -0.121827 0.258288 -0.944343 -0.261978 0.015046 -0.964963 3.436116 0.113672 -0.992438 -0.046336 0.801667 0.000000 0.000000 0.000000 1.000000
-0.958370 -0.098907 0.267864 -0.916702 -0.270465 0.013657 -0.962640 3.422791 0.091553 -0.995004 -0.039839 0.773620 0.000000 0.000000 0.000000 1.000000
-0.957911 -0.079271 0.275913 -0.889628 -0.277725 0.012627 -0.960584 3.407165 0.072662 -0.996774 -0.034111 0.735710 0.000000 0.000000 0.000000 1.000000
-0.957232 -0.063485 0.282281 -0.865452 -0.283557 0.011907 -0.958888 3.391561 0.057514 -0.997913 -0.029399 0.694803 0.000000 0.000000 0.000000 1.000000
-0.956571 -0.052103 0.286816 -0.846451 -0.287758 0.011446 -0.957642 3.378330 0.046613 -0.998577 -0.025942 0.658537 0.000000 0.000000 0.000000 1.000000
-0.956134 -0.045668 0.289360 -0.834971 -0.290133 0.011207 -0.956927 3.369867 0.040458 -0.998895 -0.023965 0.634667 0.000000 0.000000 0.000000 1.000000
-0.956119 -0.045473 0.289440 -0.833607 -0.290208 0.011198 -0.956905 3.368506 0.040272 -0.998904 -0.023903 0.630567 0.000000 0.000000 0.000000 1.000000
-0.957063 -0.060572 0.283492 -0.847457 -0.284677 0.011755 -0.958558 3.374882 0.054729 -0.998095 -0.028494 0.646160 0.000000 0.000000 0.000000 1.000000
-0.958193 -0.090569 0.271422 -0.874462 -0.273666 0.013124 -0.961742 3.387720 0.083541 -0.995805 -0.037361 0.677611 0.000000 0.000000 0.000000 1.000000
-0.958116 -0.131678 0.254326 -0.910395 -0.258526 0.015570 -0.965886 3.405708 0.123226 -0.991171 -0.048960 0.721789 0.000000 0.000000 0.000000 1.000000
-0.955581 -0.179983 0.233404 -0.951056 -0.240663 0.019300 -0.970424 3.427464 0.170154 -0.983481 -0.061758 0.775387 0.000000 0.000000 0.000000 1.000000
-0.949889 -0.231474 0.210084 -0.992494 -0.221532 0.024325 -0.974856 3.451425 0.220543 -0.972538 -0.074385 0.834603 0.000000 0.000000 0.000000 1.000000
-0.941149 -0.282191 0.186047 -1.031368 -0.202594 0.030373 -0.978798 3.475867 0.270556 -0.958878 -0.085756 0.895186 0.000000 0.000000 0.000000 1.000000
-0.930342 -0.328391 0.163180 -1.065087 -0.185258 0.036879 -0.982004 3.498931 0.316462 -0.943822 -0.095147 0.952509 0.000000 0.000000 0.000000 1.000000
-0.919215 -0.366689 0.143486 -1.091790 -0.170822 0.043033 -0.984369 3.518683 0.354781 -0.929348 -0.102195 1.001711 0.000000 0.000000 0.000000 1.000000
-0.909995 -0.394052 0.128983 -1.110202 -0.160469 0.047874 -0.985886 3.533195 0.382313 -0.917841 -0.106799 1.037924 0.000000 0.000000 0.000000 1.000000
-0.905007 -0.407641 0.121640 -1.119083 -0.155316 0.050423 -0.986584 3.540513 0.396037 -0.911750 -0.108946 1.056199 0.000000 0.000000 0.000000 1.000000
-0.905286 -0.406902 0.122037 -1.119105 -0.155594 0.050290 -0.986547 3.540401 0.395289 -0.912087 -0.108839 1.055854 0.000000 0.000000 0.000000 1.000000
-0.908443 -0.398372 0.126632 -1.115973 -0.158823 0.048721 -0.986111 3.537219 0.386668 -0.915930 -0.107531 1.047625 0.000000 0.000000 0.000000 1.000000
-0.913707 -0.383445 0.134587 -1.110016 -0.164464 0.046064 -0.985314 3.531617 0.371613 -0.922415 -0.105153 1.033237 0.000000 0.000000 0.000000 1.000000
-0.920407 -0.362952 0.145332 -1.101105 -0.172193 0.042596 -0.984148 3.523939 0.351007 -0.930834 -0.101704 1.013682 0.000000 0.000000 0.000000 1.000000
-0.927841 -0.337731 0.158287 -1.089058 -0.181681 0.038604 -0.982606 3.514524 0.325745 -0.940451 -0.097178 0.989934 0.000000 0.000000 0.000000 1.000000
-0.935334 -0.308669 0.172859 -1.073741 -0.192581 0.034369 -0.980686 3.503717 0.296765 -0.950549 -0.091591 0.962988 0.000000 0.000000 0.000000 1.000000
-0.942294 -0.276721 0.188452 -1.055119 -0.204526 0.030149 -0.978404 3.491864 0.265062 -0.960478 -0.085006 0.933840 0.000000 0.000000 0.000000 1.000000
-0.948252 -0.242923 0.204481 -1.033288 -0.217121 0.026160 -0.975801 3.479306 0.231694 -0.969693 -0.077550 0.903460 0.000000 0.000000 0.000000 1.000000
-0.952898 -0.208383 0.220382 -1.008499 -0.229953 0.022569 -0.972947 3.466367 0.197770 -0.977788 -0.069425 0.872775 0.000000 0.000000 0.000000 1.000000
-0.956095 -0.174265 0.235628 -0.981152 -0.242590 0.019487 -0.969940 3.453347 0.164434 -0.984507 -0.060906 0.842639 0.000000 0.000000 0.000000 1.000000
-0.957883 -0.141766 0.249737 -0.951743 -0.254598 0.016962 -0.966905 3.440492 0.132837 -0.989756 -0.052341 0.813764 0.000000 0.000000 0.000000 1.000000
-0.958463 -0.112084 0.262281 -0.920805 -0.265544 0.014988 -0.963989 3.425465 0.104116 -0.993587 -0.044129 0.779492 0.000000 0.000000 0.000000 1.000000
-0.958164 -0.086407 0.272878 -0.890381 -0.275003 0.013515 -0.961355 3.407744 0.079379 -0.996169 -0.036711 0.737280 0.000000 0.000000 0.000000 1.000000
-0.957391 -0.065892 0.281188 -0.863603 -0.282567 0.012460 -0.959173 3.390363 0.059698 -0.997750 -0.030548 0.694181 0.000000 0.000000 0.000000 1.000000
-0.956573 -0.051667 0.286889 -0.843591 -0.287833 0.011735 -0.957615 3.376341 0.046110 -0.998596 -0.026097 0.657206 0.000000 0.000000 0.000000 1.000000
-0.956084 -0.044838 0.289654 -0.833327 -0.290410 0.011267 -0.956843 3.368666 0.039639 -0.998931 -0.023794 0.633285 0.000000 0.000000 0.000000 1.000000
-0.956622 -0.048331 0.287308 -0.837703 -0.288065 0.009384 -0.957572 3.371879 0.043584 -0.998788 -0.022899 0.627935 0.000000 0.000000 0.000000 1.000000
-0.959154 -0.067196 0.274798 -0.861931 -0.275519 0.001543 -0.961301 3.390944 0.064171 -0.997740 -0.019993 0.638243 0.000000 0.000000 0.000000 1.000000
-0.962181 -0.098786 0.253880 -0.901599 -0.254074 -0.010810 -0.967131 3.423621 0.098283 -0.995051 -0.014698 0.661540 0.000000 0.000000 0.000000 1.000000
-0.963834 -0.139872 0.226861 -0.951316 -0.225508 -0.025651 -0.973910 3.467236 0.142041 -0.989838 -0.006819 0.695232 0.000000 0.000000 0.000000 1.000000
-0.962576 -0.187018 0.196155 -1.005655 -0.191845 -0.041053 -0.980573 3.518787 0.191437 -0.981499 0.003638 0.736278 0.000000 0.000000 0.000000 1.000000
-0.957643 -0.236539 0.164239 -1.059944 -0.155469 -0.055394 -0.986293 3.574922 0.242394 -0.970042 0.016273 0.781508 0.000000 0.000000 0.000000 1.000000
-0.949275 -0.284683 0.133558 -1.110016 -0.119118 -0.067528 -0.990588 3.631602 0.291021 -0.956241 0.030192 0.827148 0.000000 0.000000 0.000000 1.000000
-0.938747 -0.327782 0.106386 -1.152712 -0.085737 -0.076859 -0.993356 3.684329 0.333779 -0.941622 0.044048 0.869341 0.000000 0.000000 0.000000 1.000000
-0.928157 -0.362416 0.084759 -1.185526 -0.058327 -0.083282 -0.994824 3.728157 0.367597 -0.928289 0.056161 0.904079 0.000000 0.000000 0.000000 1.000000
-0.920045 -0.385427 0.070493 -1.206672 -0.039818 -0.087008 -0.995418 3.758095 0.389793 -0.918628 0.064705 0.927646 0.000000 0.000000 0.000000 1.000000
-0.916880 -0.393786 0.065332 -1.214186 -0.033035 -0.088252 -0.995557 3.769119 0.397800 -0.914956 0.067908 0.936280 0.000000 0.000000 0.000000 1.000000
-0.916831 -0.393869 0.065515 -1.213710 -0.033401 -0.087851 -0.995580 3.769004 0.397882 -0.914959 0.067389 0.937759 0.000000 0.000000 0.000000 1.000000
-0.916144 -0.395007 0.068223 -1.206785 -0.038684 -0.082279 -0.995865 3.766298 0.398985 -0.914986 0.060099 0.956994 0.000000 0.000000 0.000000 1.000000
-0.914744 -0.397186 0.074108 -1.193756 -0.049736 -0.071330 -0.996219 3.758389 0.400968 -0.914963 0.045494 0.992100 0.000000 0.000000 0.000000 1.000000
-0.912719 -0.400061 0.083071 -1.177027 -0.065898 -0.056518 -0.996231 3.742966 0.403246 -0.914745 0.025222 1.034602 0.000000 0.000000 0.000000 1.000000
-0.910122 -0.403303 0.095022 -1.159124 -0.086491 -0.039362 -0.995482 3.717815 0.405219 -0.914220 0.000943 1.076139 0.000000 0.000000 0.000000 1.000000
-0.906993 -0.406562 0.109890 -1.142464 -0.110799 -0.021384 -0.993620 3.680684 0.406316 -0.913373 -0.025651 1.108254 0.000000 0.000000 0.000000 1.000000
-0.903352 -0.409476 0.127631 -1.129441 -0.138077 -0.004090 -0.990420 3.629327 0.406073 -0.912312 -0.052845 1.122501 0.000000 0.000000 0.000000 1.000000
-0.899229 -0.411608 0.148229 -1.120685 -0.167554 0.011043 -0.985808 3.561723 0.404127 -0.911295 -0.078897 1.113738 0.000000 0.000000 0.000000 1.000000
-0.894655 -0.412452 0.171700 -1.111541 -0.198459 0.022580 -0.979856 3.478379 0.400265 -0.910700 -0.102056 1.090902 0.000000 0.000000 0.000000 1.000000
-0.889673 -0.411404 0.198077 -1.100980 -0.230046 0.029139 -0.972750 3.381402 0.394419 -0.910988 -0.120566 1.060627 0.000000 0.000000 0.000000 1.000000
-0.884273 -0.407875 0.227388 -1.088535 -0.261741 0.029649 -0.964690 3.272981 0.386729 -0.912557 -0.132976 1.029152 0.000000 0.000000 0.000000 1.000000
-0.877690 -0.403135 0.259129 -1.075727 -0.294347 0.026776 -0.955330 3.156464 0.378187 -0.914749 -0.142163 1.000516 0.000000 0.000000 0.000000 1.000000
-0.869728 -0.397771 0.292158 -1.063069 -0.327387 0.022011 -0.944641 3.035805 0.369319 -0.917221 -0.149369 0.975065 0.000000 0.000000 0.000000 1.000000
-0.860567 -0.391917 0.325318 -1.050596 -0.359895 0.015919 -0.932864 2.914815 0.360425 -0.919864 -0.154749 0.952793 0.000000 0.000000 0.000000 1.000000
-0.850530 -0.385754 0.357488 -1.038388 -0.390942 0.009038 -0.920378 2.797234 0.351807 -0.922558 -0.158495 0.933614 0.000000 0.000000 0.000000 1.000000
-0.840079 -0.379519 0.387606 -1.026789 -0.419647 0.001878 -0.907692 2.686714 0.343757 -0.925183 -0.160842 0.917570 0.000000 0.000000 0.000000 1.000000
-0.829787 -0.373499 0.414678 -1.016093 -0.445190 -0.005084 -0.895429 2.586833 0.336548 -0.927617 -0.162060 0.904535 0.000000 0.000000 0.000000 1.000000
-0.820314 -0.368024 0.437779 -1.006801 -0.466805 -0.011401 -0.884294 2.501061 0.330431 -0.929747 -0.162444 0.894492 0.000000 0.000000 0.000000 1.000000
-0.812362 -0.363456 0.456042 -0.999261 -0.483775 -0.016650 -0.875041 2.432862 0.325630 -0.931463 -0.162306 0.887213 0.000000 0.000000 0.000000 1.000000
-0.806641 -0.360170 0.468631 -0.994017 -0.495404 -0.020425 -0.868429 2.385625 0.322352 -0.932664 -0.161955 0.882638 0.000000 0.000000 0.000000 1.000000
-0.803812 -0.358538 0.474703 -0.991512 -0.500986 -0.022311 -0.865175 2.362770 0.320788 -0.933249 -0.161689 0.880636 0.000000 0.000000 0.000000 1.000000
-0.803614 -0.358423 0.475126 -0.991335 -0.501373 -0.022446 -0.864947 2.361177 0.320680 -0.933290 -0.161666 0.880502 0.000000 0.000000 0.000000 1.000000
-0.803614 -0.358423 0.475126 -0.991335 -0.501373 -0.022446 -0.864947 2.361177 0.320680 -0.933290 -0.161666 0.880502 0.000000 0.000000 0.000000 1.000000
-0.803614 -0.358423 0.475126 -0.991335 -0.501373 -0.022446 -0.864947 2.361177 0.320680 -0.933290 -0.161666 0.880502 0.000000 0.000000 0.000000 1.000000
-0.803614 -0.358423 0.475126 -0.991335 -0.501373 -0.022446 -0.864947 2.361177 0.320680 -0.933290 -0.161666 0.880502 0.000000 0.000000 0.000000 1.000000
-0.803614 -0.358423 0.475126 -0.991335 -0.501373 -0.022446 -0.864947 2.361177 0.320680 -0.933290 -0.161666 0.880502 0.000000 0.000000 0.000000 1.000000
-0.803614 -0.358423 0.475126 -0.991335 -0.501373 -0.022446 -0.864947 2.361177 0.320680 -0.933290 -0.161666 0.880502 0.000000 0.000000 0.000000 1.000000
-0.803614 -0.358423 0.475126 -0.991335 -0.501373 -0.022446 -0.864947 2.361177 0.320680 -0.933290 -0.161666 0.880502 0.000000 0.000000 0.000000 1.000000
-0.803614 -0.358423 0.475126 -0.991335 -0.501373 -0.022446 -0.864947 2.361177 0.320680 -0.933290 -0.161666 0.880502 0.000000 0.000000 0.000000 1.000000
-0.803614 -0.358423 0.475126 -0.991335 -0.501373 -0.022446 -0.864947 2.361177 0.320680 -0.933290 -0.161666 0.880502 0.000000 0.000000 0.000000 1.000000
-0.803614 -0.358423 0.475126 -0.991335 -0.501373 -0.022446 -0.864947 2.361177 0.320680 -0.933290 -0.161666 0.880502 0.000000 0.000000 0.000000 1.000000
-0.803614 -0.358423 0.475126 -0.991335 -0.501373 -0.022446 -0.864947 2.361177 0.320680 -0.933290 -0.161666 0.880502 0.000000 0.000000 0.000000 1.000000
-0.803614 -0.358423 0.475126 -0.991335 -0.501373 -0.022446 -0.864947 2.361177 0.320680 -0.933290 -0.161666 0.880502 0.000000 0.000000 0.000000 1.000000
-0.803614 -0.358423 0.475126 -0.991335 -0.501373 -0.022446 -0.864947 2.361177 0.320680 -0.933290 -0.161666 0.880502 0.000000 0.000000 0.000000 1.000000
-0.803614 -0.358423 0.475126 -0.991335 -0.501373 -0.022446 -0.864947 2.361177 0.320680 -0.933290 -0.161666 0.880502 0.000000 0.000000 0.000000 1.000000
-0.803614 -0.358423 0.475126 -0.991335 -0.501373 -0.022446 -0.864947 2.361177 0.320680 -0.933290 -0.161666 0.880502 0.000000 0.000000 0.000000 1.000000
-0.803614 -0.358423 0.475126 -0.991335 -0.501373 -0.022446 -0.864947 2.361177 0.320680 -0.933290 -0.161666 0.880502 0.000000 0.000000 0.000000 1.000000
-0.803614 -0.358423 0.475126 -0.991335 -0.501373 -0.022446 -0.864947 2.361177 0.320680 -0.933290 -0.161666 0.880502 0.000000 0.000000 0.000000 1.000000
-0.803614 -0.358423 0.475126 -0.991335 -0.501373 -0.022446 -0.864947 2.361177 0.320680 -0.933290 -0.161666 0.880502 0.000000 0.000000 0.000000 1.000000
-0.803614 -0.358423 0.475126 -0.991335 -0.501373 -0.022446 -0.864947 2.361177 0.320680 -0.933290 -0.161666 0.880502 0.000000 0.000000 0.000000 1.000000
-0.803614 -0.358423 0.475126 -0.991335 -0.501373 -0.022446 -0.864947 2.361177 0.320680 -0.933290 -0.161666 0.880502 0.000000 0.000000 0.000000 1.000000
-0.803614 -0.358423 0.475126 -0.991335 -0.501373 -0.022446 -0.864947 2.361177 0.320680 -0.933290 -0.161666 0.880502 0.000000 0.000000 0.000000 1.000000
-0.803614 -0.358423 0.475126 -0.991335 -0.501373 -0.022446 -0.864947 2.361177 0.320680 -0.933290 -0.161666 0.880502 0.000000 0.000000 0.000000 1.000000
-0.803614 -0.358423 0.475126 -0.991335 -0.501373 -0.022446 -0.864947 2.361177 0.320680 -0.933290 -0.161666 0.880502 0.000000 0.000000 0.000000 1.000000
-0.803614 -0.358423 0.475126 -0.991335 -0.501373 -0.022446 -0.864947 2.361177 0.320680 -0.933290 -0.161666 0.880502 0.000000 0.000000 0.000000 1.000000
-0.803614 -0.358423 0.475126 -0.991335 -0.501373 -0.022446 -0.864947 2.361177 0.320680 -0.933290 -0.161666 0.880502 0.000000 0.000000 0.000000 1.000000
-0.803614 -0.358423 0.475126 -0.991335 -0.501373 -0.022446 -0.864947 2.361177 0.320680 -0.933290 -0.161666 0.880502 0.000000 0.000000 0.000000 1.000000
-0.803614 -0.358423 0.475126 -0.991335 -0.501373 -0.022446 -0.864947 2.361177 0.320680 -0.933290 -0.161666 0.880502 0.000000 0.000000 0.000000 1.000000
-0.803614 -0.358423 0.475126 -0.991335 -0.501373 -0.022446 -0.864947 2.361177 0.320680 -0.933290 -0.161666 0.880502 0.000000 0.000000 0.000000 1.000000
-0.803614 -0.358423 0.475126 -0.991335 -0.501373 -0.022446 -0.864947 2.361177 0.320680 -0.933290 -0.161666 0.880502 0.000000 0.000000 0.000000 1.000000
-0.803614 -0.358423 0.475126 -0.991335 -0.501373 -0.022446 -0.864947 2.361177 0.320680 -0.933290 -0.161666 0.880502 0.000000 0.000000 0.000000 1.000000
-0.803614 -0.358423 0.475126 -0.991335 -0.501373 -0.022446 -0.864947 2.361177 0.320680 -0.933290 -0.161666 0.880502 0.000000 0.000000 0.000000 1.000000
-0.803614 -0.358423 0.475126 -0.991335 -0.501373 -0.022446 -0.864947 2.361177 0.320680 -0.933290 -0.161666 0.880502 0.000000 0.000000 0.000000 1.000000
-0.803614 -0.358423 0.475126 -0.991335 -0.501373 -0.022446 -0.864947 2.361177 0.320680 -0.933290 -0.161666 0.880502 0.000000 0.000000 0.000000 1.000000
-0.803614 -0.358423 0.475126 -0.991335 -0.501373 -0.022446 -0.864947 2.361177 0.320680 -0.933290 -0.161666 0.880502 0.000000 0.000000 0.000000 1.000000
-0.803614 -0.358423 0.475126 -0.991335 -0.501373 -0.022446 -0.864947 2.361177 0.320680 -0.933290 -0.161666 0.880502 0.000000 0.000000 0.000000 1.000000
-0.803614 -0.358423 0.475126 -0.991335 -0.501373 -0.022446 -0.864947 2.361177 0.320680 -0.933290 -0.161666 0.880502 0.000000 0.000000 0.000000 1.000000
-0.803614 -0.358423 0.475126 -0.991335 -0.501373 -0.022446 -0.864947 2.361177 0.320680 -0.933290 -0.161666 0.880502 0.000000 0.000000 0.000000 1.000000
-0.803614 -0.358423 0.475126 -0.991335 -0.501373 -0.022446 -0.864947 2.361177 0.320680 -0.933290 -0.161666 0.880502 0.000000 0.000000 0.000000 1.000000
-0.803614 -0.358423 0.475126 -0.991335 -0.501373 -0.022446 -0.864947 2.361177 0.320680 -0.933290 -0.161666 0.880502 0.000000 0.000000 0.000000 1.000000
-0.803614 -0.358423 0.475126 -0.991335 -0.501373 -0.022446 -0.864947 2.361177 0.320680 -0.933290 -0.161666 0.880502 0.000000 0.000000 0.000000 1.000000
-0.803614 -0.358423 0.475126 -0.991335 -0.501373 -0.022446 -0.864947 2.361177 0.320680 -0.933290 -0.161666 0.880502 0.000000 0.000000 0.000000 1.000000
-0.803614 -0.358423 0.475126 -0.991335 -0.501373 -0.022446 -0.864947 2.361177 0.320680 -0.933290 -0.161666 0.880502 0.000000 0.000000 0.000000 1.000000
-0.803614 -0.358423 0.475126 -0.991335 -0.501373 -0.022446 -0.864947 2.361177 0.320680 -0.933290 -0.161666 0.880502 0.000000 0.000000 0.000000 1.000000
-0.803614 -0.358423 0.475126 -0.991335 -0.501373 -0.022446 -0.864947 2.361177 0.320680 -0.933290 -0.161666 0.880502 0.000000 0.000000 0.000000 1.000000
-0.803614 -0.358423 0.475126 -0.991335 -0.501373 -0.022446 -0.864947 2.361177 0.320680 -0.933290 -0.161666 0.880502 0.000000 0.000000 0.000000 1.000000
-0.803614 -0.358423 0.475126 -0.991335 -0.501373 -0.022446 -0.864947 2.361177 0.320680 -0.933290 -0.161666 0.880502 0.000000 0.000000 0.000000 1.000000
-0.803614 -0.358423 0.475126 -0.991335 -0.501373 -0.022446 -0.864947 2.361177 0.320680 -0.933290 -0.161666 0.880502 0.000000 0.000000 0.000000 1.000000
-0.803614 -0.358423 0.475126 -0.991335 -0.501373 -0.022446 -0.864947 2.361177 0.320680 -0.933290 -0.161666 0.880502 0.000000 0.000000 0.000000 1.000000
-0.803614 -0.358423 0.475126 -0.991335 -0.501373 -0.022446 -0.864947 2.361177 0.320680 -0.933290 -0.161666 0.880502 0.000000 0.000000 0.000000 1.000000
-0.803614 -0.358423 0.475126 -0.991335 -0.501373 -0.022446 -0.864947 2.361177 0.320680 -0.933290 -0.161666 0.880502 0.000000 0.000000 0.000000 1.000000
-0.803614 -0.358423 0.475126 -0.991335 -0.501373 -0.022446 -0.864947 2.361177 0.320680 -0.933290 -0.161666 0.880502 0.000000 0.000000 0.000000 1.000000
-0.803614 -0.358423 0.475126 -0.991335 -0.501373 -0.022446 -0.864947 2.361177 0.320680 -0.933290 -0.161666 0.880502 0.000000 0.000000 0.000000 1.000000
-0.803614 -0.358423 0.475126 -0.991335 -0.501373 -0.022446 -0.864947 2.361177 0.320680 -0.933290 -0.161666 0.880502 0.000000 0.000000 0.000000 1.000000
-0.803614 -0.358423 0.475126 -0.991335 -0.501373 -0.022446 -0.864947 2.361177 0.320680 -0.933290 -0.161666 0.880502 0.000000 0.000000 0.000000 1.000000
-0.803614 -0.358423 0.475126 -0.991335 -0.501373 -0.022446 -0.864947 2.361177 0.320680 -0.933290 -0.161666 0.880502 0.000000 0.000000 0.000000 1.000000
-0.803614 -0.358423 0.475126 -0.991335 -0.501373 -0.022446 -0.864947 2.361177 0.320680 -0.933290 -0.161666 0.880502 0.000000 0.000000 0.000000 1.000000
-0.803614 -0.358423 0.475126 -0.991335 -0.501373 -0.022446 -0.864947 2.361177 0.320680 -0.933290 -0.161666 0.880502 0.000000 0.000000 0.000000 1.000000
-0.803614 -0.358423 0.475126 -0.991335 -0.501373 -0.022446 -0.864947 2.361177 0.320680 -0.933290 -0.161666 0.880502 0.000000 0.000000 0.000000 1.000000
-0.803614 -0.358423 0.475126 -0.991335 -0.501373 -0.022446 -0.864947 2.361177 0.320680 -0.933290 -0.161666 0.880502 0.000000 0.000000 0.000000 1.000000
-0.803614 -0.358423 0.475126 -0.991335 -0.501373 -0.022446 -0.864947 2.361177 0.320680 -0.933290 -0.161666 0.880502 0.000000 0.000000 0.000000 1.000000
-0.803614 -0.358423 0.475126 -0.991335 -0.501373 -0.022446 -0.864947 2.361177 0.320680 -0.933290 -0.161666 0.880502 0.000000 0.000000 0.000000 1.000000
-0.803614 -0.358423 0.475126 -0.991335 -0.501373 -0.022446 -0.864947 2.361177 0.320680 -0.933290 -0.161666 0.880502 0.000000 0.000000 0.000000 1.000000</float_array><technique_common><accessor source="#Medkit_Bag-Matrix-animation-output-transform-array" count="180" stride="16"><param type="float4x4"/></accessor></technique_common></source><source id="Medkit_Bag-Interpolations"><Name_array id="Medkit_Bag-Interpolations-array" count="180">
 LINEAR LINEAR LINEAR LINEAR LINEAR LINEAR LINEAR LINEAR LINEAR LINEAR LINEAR
LINEAR LINEAR LINEAR LINEAR LINEAR LINEAR LINEAR LINEAR LINEAR LINEAR LINEAR LINEAR
LINEAR LINEAR LINEAR LINEAR LINEAR LINEAR LINEAR LINEAR LINEAR LINEAR LINEAR LINEAR
LINEAR LINEAR LINEAR LINEAR LINEAR LINEAR LINEAR LINEAR LINEAR LINEAR LINEAR LINEAR
LINEAR LINEAR LINEAR LINEAR LINEAR LINEAR LINEAR LINEAR LINEAR LINEAR LINEAR LINEAR
LINEAR LINEAR LINEAR LINEAR LINEAR LINEAR LINEAR LINEAR LINEAR LINEAR LINEAR LINEAR
LINEAR LINEAR LINEAR LINEAR LINEAR LINEAR LINEAR LINEAR LINEAR LINEAR LINEAR LINEAR
LINEAR LINEAR LINEAR LINEAR LINEAR LINEAR LINEAR LINEAR LINEAR LINEAR LINEAR LINEAR
LINEAR LINEAR LINEAR LINEAR LINEAR LINEAR LINEAR LINEAR LINEAR LINEAR LINEAR LINEAR
LINEAR LINEAR LINEAR LINEAR LINEAR LINEAR LINEAR LINEAR LINEAR LINEAR LINEAR LINEAR
LINEAR LINEAR LINEAR LINEAR LINEAR LINEAR LINEAR LINEAR LINEAR LINEAR LINEAR LINEAR
LINEAR LINEAR LINEAR LINEAR LINEAR LINEAR LINEAR LINEAR LINEAR LINEAR LINEAR LINEAR
LINEAR LINEAR LINEAR LINEAR LINEAR LINEAR LINEAR LINEAR LINEAR LINEAR LINEAR LINEAR
LINEAR LINEAR LINEAR LINEAR LINEAR LINEAR LINEAR LINEAR LINEAR LINEAR LINEAR LINEAR
LINEAR LINEAR LINEAR LINEAR LINEAR LINEAR LINEAR LINEAR LINEAR LINEAR LINEAR LINEAR
LINEAR</Name_array><technique_common><accessor source="#Medkit_Bag-Interpolations-array" count="180"><param type="name"/></accessor></technique_common></source><sampler id="Medkit_Bag-Matrix-animation-transform"><input semantic="INPUT" source="#Medkit_Bag-Matrix-animation-input"/><input semantic="OUTPUT" source="#Medkit_Bag-Matrix-animation-output-transform"/><input semantic="INTERPOLATION" source="#Medkit_Bag-Interpolations"/></sampler><channel source="#Medkit_Bag-Matrix-animation-transform" target="Medkit_Bag/matrix"/></animation></animation>
    <animation id="jnt_medkit-anim" name="jnt_medkit"><animation><source id="jnt_medkit-Matrix-animation-input"><float_array id="jnt_medkit-Matrix-animation-input-array" count="180">

0.000000 0.033333 0.066667 0.100000 0.133333 0.166667 0.200000 0.233333 0.266667 0.300000 0.333333 0.366667 0.400000 0.433333 0.466667 0.500000
0.533333 0.566667 0.600000 0.633333 0.666667 0.700000 0.733333 0.766667 0.800000 0.833333 0.866667 0.900000 0.933333 0.966667 1.000000 1.033333
1.066667 1.100000 1.133333 1.166667 1.200000 1.233333 1.266667 1.300000 1.333333 1.366667 1.400000 1.433333 1.466667 1.500000 1.533333 1.566667
1.600000 1.633333 1.666667 1.700000 1.733333 1.766667 1.800000 1.833333 1.866667 1.900000 1.933333 1.966667 2.000000 2.033333 2.066667 2.100000
2.133333 2.166667 2.200000 2.233333 2.266667 2.300000 2.333333 2.366667 2.400000 2.433333 2.466667 2.500000 2.533333 2.566667 2.600000 2.633333
2.666667 2.700000 2.733333 2.766667 2.800000 2.833333 2.866667 2.900000 2.933333 2.966667 3.000000 3.033333 3.066667 3.100000 3.133333 3.166667
3.200000 3.233333 3.266667 3.300000 3.333333 3.366667 3.400000 3.433333 3.466667 3.500000 3.533333 3.566667 3.600000 3.633333 3.666667 3.700000
3.733333 3.766667 3.800000 3.833333 3.866667 3.900000 3.933333 3.966667 4.000000 4.033333 4.066667 4.100000 4.133333 4.166667 4.200000 4.233333
4.266667 4.300000 4.333333 4.366667 4.400000 4.433333 4.466667 4.500000 4.533333 4.566667 4.600000 4.633333 4.666667 4.700000 4.733333 4.766667
4.800000 4.833333 4.866667 4.900000 4.933333 4.966667 5.000000 5.033333 5.066667 5.100000 5.133333 5.166667 5.200000 5.233333 5.266667 5.300000
5.333333 5.366667 5.400000 5.433333 5.466667 5.500000 5.533333 5.566667 5.600000 5.633333 5.666667 5.700000 5.733333 5.766667 5.800000 5.833333
5.866667 5.900000 5.933333 5.966667</float_array><technique_common><accessor source="#jnt_medkit-Matrix-animation-input-array" count="180"><param name="TIME" type="float"/></accessor></technique_common></source><source id="jnt_medkit-Matrix-animation-output-transform"><float_array id="jnt_medkit-Matrix-animation-output-transform-array" count="2880">

1.000000 0.000000 -0.000000 0.000000 0.000000 1.000000 -0.000000 0.000000 0.000000 0.000000 1.000000 0.000000 0.000000 0.000000 0.000000 1.000000
1.000000 -0.000000 -0.000000 0.000000 0.000000 1.000000 -0.000000 0.000000 0.000000 0.000000 1.000000 0.000000 0.000000 0.000000 0.000000 1.000000
1.000000 0.000000 -0.000000 0.000000 -0.000000 1.000000 -0.000000 0.000000 0.000000 0.000000 1.000000 0.000000 0.000000 0.000000 0.000000 1.000000
1.000000 0.000000 -0.000000 0.000000 0.000000 1.000000 -0.000000 0.000000 0.000000 0.000000 1.000000 0.000000 0.000000 0.000000 0.000000 1.000000
1.000000 -0.000000 -0.000000 0.000000 -0.000000 1.000000 -0.000000 0.000000 0.000000 0.000000 1.000000 0.000000 0.000000 0.000000 0.000000 1.000000
1.000000 -0.000000 -0.000000 0.000000 0.000000 1.000000 -0.000000 0.000000 0.000000 0.000000 1.000000 0.000000 0.000000 0.000000 0.000000 1.000000
1.000000 0.000000 -0.000000 0.000000 -0.000000 1.000000 -0.000000 0.000000 0.000000 0.000000 1.000000 0.000000 0.000000 0.000000 0.000000 1.000000
1.000000 0.000000 -0.000000 0.000000 0.000000 1.000000 -0.000000 0.000000 0.000000 0.000000 1.000000 0.000000 0.000000 0.000000 0.000000 1.000000
1.000000 -0.000000 -0.000000 0.000000 0.000000 1.000000 -0.000000 0.000000 0.000000 0.000000 1.000000 0.000000 0.000000 0.000000 0.000000 1.000000
1.000000 -0.000000 -0.000000 0.000000 0.000000 1.000000 -0.000000 0.000000 0.000000 0.000000 1.000000 0.000000 0.000000 0.000000 0.000000 1.000000
1.000000 0.000000 -0.000000 0.000000 -0.000000 1.000000 -0.000000 0.000000 0.000000 0.000000 1.000000 0.000000 0.000000 0.000000 0.000000 1.000000
1.000000 0.000000 -0.000000 0.000000 0.000000 1.000000 -0.000000 0.000000 0.000000 0.000000 1.000000 0.000000 0.000000 0.000000 0.000000 1.000000
1.000000 -0.000000 -0.000000 0.000000 -0.000000 1.000000 -0.000000 0.000000 0.000000 0.000000 1.000000 0.000000 0.000000 0.000000 0.000000 1.000000
1.000000 -0.000000 -0.000000 0.000000 0.000000 1.000000 -0.000000 0.000000 0.000000 0.000000 1.000000 0.000000 0.000000 0.000000 0.000000 1.000000
1.000000 -0.000000 -0.000000 0.000000 -0.000000 1.000000 -0.000000 0.000000 0.000000 0.000000 1.000000 0.000000 0.000000 0.000000 0.000000 1.000000
1.000000 0.000000 -0.000000 0.000000 -0.000000 1.000000 -0.000000 0.000000 0.000000 0.000000 1.000000 0.000000 0.000000 0.000000 0.000000 1.000000
1.000000 0.000000 -0.000000 0.000000 -0.000000 1.000000 -0.000000 0.000000 0.000000 0.000000 1.000000 0.000000 0.000000 0.000000 0.000000 1.000000
1.000000 0.000000 -0.000000 0.000000 0.000000 1.000000 -0.000000 0.000000 0.000000 0.000000 1.000000 0.000000 0.000000 0.000000 0.000000 1.000000
1.000000 0.000000 -0.000000 0.000000 -0.000000 1.000000 -0.000000 0.000000 0.000000 0.000000 1.000000 0.000000 0.000000 0.000000 0.000000 1.000000
1.000000 0.000000 -0.000000 0.000000 0.000000 1.000000 -0.000000 0.000000 0.000000 0.000000 1.000000 0.000000 0.000000 0.000000 0.000000 1.000000
1.000000 0.000000 -0.000000 0.000000 0.000000 1.000000 -0.000000 0.000000 0.000000 0.000000 1.000000 0.000000 0.000000 0.000000 0.000000 1.000000
1.000000 -0.000000 -0.000000 0.000000 -0.000000 1.000000 -0.000000 0.000000 0.000000 0.000000 1.000000 0.000000 0.000000 0.000000 0.000000 1.000000
1.000000 -0.000000 -0.000000 0.000000 0.000000 1.000000 -0.000000 0.000000 0.000000 0.000000 1.000000 0.000000 0.000000 0.000000 0.000000 1.000000
1.000000 -0.000000 -0.000000 0.000000 0.000000 1.000000 -0.000000 0.000000 0.000000 0.000000 1.000000 0.000000 0.000000 0.000000 0.000000 1.000000
1.000000 0.000000 -0.000000 0.000000 0.000000 1.000000 -0.000000 0.000000 0.000000 0.000000 1.000000 0.000000 0.000000 0.000000 0.000000 1.000000
1.000000 0.000000 -0.000000 0.000000 0.000000 1.000000 -0.000000 0.000000 0.000000 0.000000 1.000000 0.000000 0.000000 0.000000 0.000000 1.000000
1.000000 -0.000000 -0.000000 0.000000 0.000000 1.000000 -0.000000 0.000000 0.000000 0.000000 1.000000 0.000000 0.000000 0.000000 0.000000 1.000000
1.000000 -0.000000 -0.000000 0.000000 -0.000000 1.000000 -0.000000 0.000000 0.000000 0.000000 1.000000 0.000000 0.000000 0.000000 0.000000 1.000000
1.000000 0.000000 -0.000000 0.000000 0.000000 1.000000 -0.000000 0.000000 0.000000 0.000000 1.000000 0.000000 0.000000 0.000000 0.000000 1.000000
1.000000 0.000000 -0.000000 0.000000 0.000000 1.000000 -0.000000 0.000000 0.000000 0.000000 1.000000 0.000000 0.000000 0.000000 0.000000 1.000000
1.000000 -0.000000 -0.000000 0.000000 0.000000 1.000000 -0.000000 0.000000 0.000000 0.000000 1.000000 0.000000 0.000000 0.000000 0.000000 1.000000
1.000000 0.000000 -0.000000 0.000000 -0.000000 1.000000 -0.000000 0.000000 0.000000 0.000000 1.000000 0.000000 0.000000 0.000000 0.000000 1.000000
1.000000 0.000000 -0.000000 0.000000 0.000000 1.000000 -0.000000 0.000000 0.000000 0.000000 1.000000 0.000000 0.000000 0.000000 0.000000 1.000000
1.000000 -0.000000 -0.000000 0.000000 0.000000 1.000000 -0.000000 0.000000 0.000000 0.000000 1.000000 0.000000 0.000000 0.000000 0.000000 1.000000
1.000000 0.000000 -0.000000 0.000000 0.000000 1.000000 -0.000000 0.000000 0.000000 0.000000 1.000000 0.000000 0.000000 0.000000 0.000000 1.000000
1.000000 -0.000000 -0.000000 0.000000 0.000000 1.000000 -0.000000 0.000000 0.000000 0.000000 1.000000 0.000000 0.000000 0.000000 0.000000 1.000000
1.000000 0.000000 -0.000000 0.000000 0.000000 1.000000 -0.000000 0.000000 0.000000 0.000000 1.000000 0.000000 0.000000 0.000000 0.000000 1.000000
1.000000 0.000000 -0.000000 0.000000 -0.000000 1.000000 -0.000000 0.000000 0.000000 0.000000 1.000000 0.000000 0.000000 0.000000 0.000000 1.000000
1.000000 -0.000000 -0.000000 0.000000 -0.000000 1.000000 -0.000000 0.000000 0.000000 0.000000 1.000000 0.000000 0.000000 0.000000 0.000000 1.000000
1.000000 0.000000 -0.000000 0.000000 0.000000 1.000000 -0.000000 0.000000 0.000000 0.000000 1.000000 0.000000 0.000000 0.000000 0.000000 1.000000
