<?xml version="1.0" encoding="utf-8"?>
<COLLADA xmlns="http://www.collada.org/2005/11/COLLADASchema" version="1.4.1">
  <asset><contributor><author></author><authoring_tool>FBX COLLADA exporter</authoring_tool><comments></comments></contributor><created>2024-05-17T18:49:38Z</created><keywords></keywords><modified>2024-05-17T18:49:38Z</modified><revision></revision><subject></subject><title></title><unit meter="0.010000" name="centimeter"></unit><up_axis>Y_UP</up_axis></asset>
  <library_animations>
    <animation id="Medkit_Bag-anim" name="Medkit_Bag"><animation><source id="Medkit_Bag-Matrix-animation-input"><float_array id="Medkit_Bag-Matrix-animation-input-array" count="300">

0.000000 0.033333 0.066667 0.100000 0.133333 0.166667 0.200000 0.233333 0.266667 0.300000 0.333333 0.366667 0.400000 0.433333 0.466667 0.500000
0.533333 0.566667 0.600000 0.633333 0.666667 0.700000 0.733333 0.766667 0.800000 0.833333 0.866667 0.900000 0.933333 0.966667 1.000000 1.033333
1.066667 1.100000 1.133333 1.166667 1.200000 1.233333 1.266667 1.300000 1.333333 1.366667 1.400000 1.433333 1.466667 1.500000 1.533333 1.566667
1.600000 1.633333 1.666667 1.700000 1.733333 1.766667 1.800000 1.833333 1.866667 1.900000 1.933333 1.966667 2.000000 2.033333 2.066667 2.100000
2.133333 2.166667 2.200000 2.233333 2.266667 2.300000 2.333333 2.366667 2.400000 2.433333 2.466667 2.500000 2.533333 2.566667 2.600000 2.633333
2.666667 2.700000 2.733333 2.766667 2.800000 2.833333 2.866667 2.900000 2.933333 2.966667 3.000000 3.033333 3.066667 3.100000 3.133333 3.166667
3.200000 3.233333 3.266667 3.300000 3.333333 3.366667 3.400000 3.433333 3.466667 3.500000 3.533333 3.566667 3.600000 3.633333 3.666667 3.700000
3.733333 3.766667 3.800000 3.833333 3.866667 3.900000 3.933333 3.966667 4.000000 4.033333 4.066667 4.100000 4.133333 4.166667 4.200000 4.233333
4.266667 4.300000 4.333333 4.366667 4.400000 4.433333 4.466667 4.500000 4.533333 4.566667 4.600000 4.633333 4.666667 4.700000 4.733333 4.766667
4.800000 4.833333 4.866667 4.900000 4.933333 4.966667 5.000000 5.033333 5.066667 5.100000 5.133333 5.166667 5.200000 5.233333 5.266667 5.300000
5.333333 5.366667 5.400000 5.433333 5.466667 5.500000 5.533333 5.566667 5.600000 5.633333 5.666667 5.700000 5.733333 5.766667 5.800000 5.833333
5.866667 5.900000 5.933333 5.966667 6.000000 6.033333 6.066667 6.100000 6.133333 6.166667 6.200000 6.233333 6.266667 6.300000 6.333333 6.366667
6.400000 6.433333 6.466667 6.500000 6.533333 6.566667 6.600000 6.633333 6.666667 6.700000 6.733333 6.766667 6.800000 6.833333 6.866667 6.900000
6.933333 6.966667 7.000000 7.033333 7.066667 7.100000 7.133333 7.166667 7.200000 7.233333 7.266667 7.300000 7.333333 7.366667 7.400000 7.433333
7.466667 7.500000 7.533333 7.566667 7.600000 7.633333 7.666667 7.700000 7.733333 7.766667 7.800000 7.833333 7.866667 7.900000 7.933333 7.966667
8.000000 8.033333 8.066667 8.100000 8.133333 8.166667 8.200000 8.233333 8.266667 8.300000 8.333333 8.366667 8.400000 8.433333 8.466667 8.500000
8.533333 8.566667 8.600000 8.633333 8.666667 8.700000 8.733333 8.766667 8.800000 8.833333 8.866667 8.900000 8.933333 8.966667 9.000000 9.033333
9.066667 9.100000 9.133333 9.166667 9.200000 9.233333 9.266667 9.300000 9.333333 9.366667 9.400000 9.433333 9.466667 9.500000 9.533333 9.566667
9.600000 9.633333 9.666667 9.700000 9.733333 9.766667 9.800000 9.833333 9.866667 9.900000 9.933333 9.966667</float_array><technique_common><accessor source="#Medkit_Bag-Matrix-animation-input-array" count="300"><param name="TIME" type="float"/></accessor></technique_common></source><source id="Medkit_Bag-Matrix-animation-output-transform"><float_array id="Medkit_Bag-Matrix-animation-output-transform-array" count="4800">

-0.999965 0.003354 -0.007946 0.025536 0.004810 0.981574 -0.191024 3.599837 0.007159 -0.191054 -0.981560 1.292293 0.000000 0.000000 0.000000 1.000000
-0.999861 0.012001 -0.011782 0.033069 0.014027 0.981587 -0.190505 3.599540 0.009278 -0.190642 -0.981622 1.292370 0.000000 0.000000 0.000000 1.000000
-0.999312 0.031201 -0.020165 0.049986 0.034461 0.981286 -0.189450 3.596252 0.013877 -0.190013 -0.981690 1.291938 0.000000 0.000000 0.000000 1.000000
-0.998304 0.050838 -0.028440 0.067501 0.055307 0.980468 -0.188748 3.586515 0.018289 -0.189999 -0.981620 1.290007 0.000000 0.000000 0.000000 1.000000
-0.997636 0.060841 -0.032014 0.076214 0.065829 0.979652 -0.189607 3.567220 0.019827 -0.191264 -0.981345 1.285650 0.000000 0.000000 0.000000 1.000000
-0.997623 0.060804 -0.032496 0.070627 0.066019 0.978348 -0.196159 3.542100 0.019865 -0.197836 -0.980040 1.279284 0.000000 0.000000 0.000000 1.000000
-0.997775 0.057556 -0.033705 0.056022 0.063375 0.975633 -0.210060 3.520586 0.020793 -0.211727 -0.977114 1.271803 0.000000 0.000000 0.000000 1.000000
-0.998082 0.051769 -0.034018 0.038854 0.058203 0.971709 -0.228900 3.509428 0.021205 -0.230439 -0.972862 1.263620 0.000000 0.000000 0.000000 1.000000
-0.998708 0.041767 -0.029037 0.022918 0.047703 0.967200 -0.249501 3.522557 0.017664 -0.250561 -0.967946 1.256728 0.000000 0.000000 0.000000 1.000000
-0.999456 0.026757 -0.019427 0.008521 0.030978 0.963150 -0.267181 3.546499 0.011562 -0.267636 -0.963457 1.252055 0.000000 0.000000 0.000000 1.000000
-0.999954 0.006338 -0.007503 -0.004326 0.008170 0.960780 -0.277197 3.561110 0.005452 -0.277243 -0.960791 1.249456 0.000000 0.000000 0.000000 1.000000
-0.999791 -0.020060 0.004377 -0.006568 -0.020493 0.961903 -0.272626 3.546551 0.001258 -0.272657 -0.962117 1.248878 0.000000 0.000000 0.000000 1.000000
-0.998728 -0.048263 0.014723 0.081745 -0.050370 0.970850 -0.234338 3.499832 -0.002984 -0.234780 -0.972050 1.252112 0.000000 0.000000 0.000000 1.000000
-0.997559 -0.067192 0.019129 0.173523 -0.069637 0.978288 -0.195207 3.443202 -0.005597 -0.196061 -0.980582 1.257332 0.000000 0.000000 0.000000 1.000000
-0.997409 -0.070066 0.016434 0.168264 -0.071903 0.979824 -0.186486 3.401883 -0.003036 -0.187183 -0.982327 1.262678 0.000000 0.000000 0.000000 1.000000
-0.997606 -0.068257 0.011253 0.112242 -0.069163 0.980640 -0.183205 3.382275 0.001470 -0.183544 -0.983017 1.269188 0.000000 0.000000 0.000000 1.000000
-0.997890 -0.064772 0.005015 0.033489 -0.064603 0.981219 -0.181763 3.375666 0.006853 -0.181702 -0.983336 1.276116 0.000000 0.000000 0.000000 1.000000
-0.998103 -0.061587 -0.001215 -0.045362 -0.060344 0.981536 -0.181515 3.372972 0.012371 -0.181096 -0.983394 1.282574 0.000000 0.000000 0.000000 1.000000
-0.998140 -0.060673 -0.006379 -0.101716 -0.058505 0.981586 -0.181846 3.365110 0.017295 -0.181133 -0.983313 1.287695 0.000000 0.000000 0.000000 1.000000
-0.997879 -0.064479 -0.009252 -0.116361 -0.061718 0.981306 -0.182297 3.342619 0.020834 -0.181337 -0.983206 1.290611 0.000000 0.000000 0.000000 1.000000
-0.996799 -0.079643 -0.007335 -0.117375 -0.076940 0.979914 -0.183985 3.296564 0.021840 -0.182831 -0.982908 1.290670 0.000000 0.000000 0.000000 1.000000
-0.994483 -0.104914 -0.001308 -0.116720 -0.102826 0.977014 -0.186742 3.231825 0.020870 -0.185576 -0.982415 1.288610 0.000000 0.000000 0.000000 1.000000
-0.990597 -0.136635 0.007247 -0.114493 -0.135517 0.972421 -0.189828 3.156033 0.018890 -0.189023 -0.981797 1.285410 0.000000 0.000000 0.000000 1.000000
-0.985109 -0.171136 0.016693 -0.111028 -0.171123 0.966244 -0.192593 3.076968 0.016830 -0.192580 -0.981143 1.282038 0.000000 0.000000 0.000000 1.000000
-0.978475 -0.204815 0.025337 -0.107077 -0.205789 0.959061 -0.194562 3.002588 0.015549 -0.195586 -0.980569 1.279438 0.000000 0.000000 0.000000 1.000000
-0.971682 -0.234203 0.031449 -0.103869 -0.235774 0.951953 -0.195444 2.940982 0.015836 -0.197322 -0.980217 1.278507 0.000000 0.000000 0.000000 1.000000
-0.966108 -0.255991 0.033299 -0.103013 -0.257489 0.946386 -0.195080 2.900287 0.018425 -0.197041 -0.980228 1.280134 0.000000 0.000000 0.000000 1.000000
-0.963499 -0.266256 0.027967 -0.108476 -0.266571 0.944438 -0.192299 2.895508 0.024788 -0.192734 -0.980944 1.285124 0.000000 0.000000 0.000000 1.000000
-0.966769 -0.255657 0.001126 -0.146444 -0.251887 0.951737 -0.175364 3.008076 0.043761 -0.169819 -0.984509 1.291950 0.000000 0.000000 0.000000 1.000000
-0.972944 -0.226904 -0.043575 -0.213413 -0.218563 0.965004 -0.144912 3.221619 0.074931 -0.131467 -0.988491 1.300302 0.000000 0.000000 0.000000 1.000000
-0.977677 -0.186671 -0.096470 -0.296047 -0.176338 0.978558 -0.106441 3.487795 0.114271 -0.087053 -0.989635 1.309858 0.000000 0.000000 0.000000 1.000000
-0.978542 -0.142981 -0.148382 -0.383940 -0.134330 0.988681 -0.066823 3.759408 0.156257 -0.045456 -0.986677 1.319091 0.000000 0.000000 0.000000 1.000000
-0.975934 -0.103563 -0.191917 -0.471642 -0.099052 0.994535 -0.032982 3.992682 0.194284 -0.013178 -0.980863 1.326259 0.000000 0.000000 0.000000 1.000000
-0.972224 -0.076418 -0.221236 -0.556513 -0.075604 0.997064 -0.012159 4.145790 0.221515 0.004905 -0.975152 1.330478 0.000000 0.000000 0.000000 1.000000
-0.969764 -0.064606 -0.235349 -0.634696 -0.064920 0.997870 -0.006425 4.206972 0.235261 0.009048 -0.971897 1.331920 0.000000 0.000000 0.000000 1.000000
-0.967867 -0.056290 -0.245091 -0.700215 -0.057378 0.998349 -0.002704 4.250682 0.244837 0.011446 -0.969503 1.334120 0.000000 0.000000 0.000000 1.000000
-0.966490 -0.049781 -0.251842 -0.753645 -0.051482 0.998673 0.000162 4.284996 0.251499 0.013122 -0.967775 1.336665 0.000000 0.000000 0.000000 1.000000
-0.965651 -0.044441 -0.256026 -0.796027 -0.046552 0.998913 0.002188 4.311409 0.255650 0.014031 -0.966674 1.338924 0.000000 0.000000 0.000000 1.000000
-0.965322 -0.039625 -0.258048 -0.828356 -0.041923 0.999115 0.003407 4.331405 0.257684 0.014107 -0.966133 1.340249 0.000000 0.000000 0.000000 1.000000
-0.965445 -0.034686 -0.258299 -0.851613 -0.036936 0.999310 0.003862 4.346459 0.257986 0.013269 -0.966065 1.340003 0.000000 0.000000 0.000000 1.000000
-0.965937 -0.028973 -0.257163 -0.866759 -0.030938 0.999515 0.003596 4.358039 0.256933 0.011429 -0.966369 1.337543 0.000000 0.000000 0.000000 1.000000
-0.966691 -0.021829 -0.255027 -0.874675 -0.023275 0.999725 0.002654 4.367566 0.254898 0.008501 -0.966938 1.332135 0.000000 0.000000 0.000000 1.000000
-0.967576 -0.012596 -0.252277 -0.876303 -0.013298 0.999911 0.001078 4.376492 0.252240 0.004398 -0.967661 1.323154 0.000000 0.000000 0.000000 1.000000
-0.968427 -0.000618 -0.249308 -0.872532 -0.000358 0.999999 -0.001090 4.386229 0.249307 -0.000966 -0.968431 1.309930 0.000000 0.000000 0.000000 1.000000
-0.969385 0.016619 -0.244995 -0.858234 0.018680 0.999807 -0.006092 4.397589 0.244845 -0.010482 -0.969512 1.288404 0.000000 0.000000 0.000000 1.000000
-0.970852 0.043041 -0.235795 -0.820477 0.049093 0.998597 -0.019851 4.408591 0.234609 -0.030848 -0.971607 1.250663 0.000000 0.000000 0.000000 1.000000
-0.971831 0.073823 -0.223830 -0.770743 0.084774 0.995609 -0.039705 4.417364 0.219915 -0.057561 -0.973826 1.203029 0.000000 0.000000 0.000000 1.000000
-0.971917 0.103461 -0.211374 -0.722577 0.118997 0.990950 -0.062115 4.422659 0.203034 -0.085522 -0.975436 1.152927 0.000000 0.000000 0.000000 1.000000
-0.971125 0.129801 -0.200183 -0.682105 0.148915 0.985316 -0.083523 4.425797 0.186401 -0.110920 -0.976199 1.107298 0.000000 0.000000 0.000000 1.000000
-0.968990 0.155956 -0.191681 -0.642910 0.177473 0.978965 -0.100654 4.430981 0.171950 -0.131549 -0.976289 1.071637 0.000000 0.000000 0.000000 1.000000
-0.964679 0.185300 -0.187253 -0.597401 0.208081 0.971880 -0.110236 4.442558 0.161560 -0.145305 -0.976114 1.051370 0.000000 0.000000 0.000000 1.000000
-0.956673 0.221976 -0.188436 -0.538732 0.244578 0.963777 -0.106375 4.463896 0.157997 -0.147852 -0.976314 1.053054 0.000000 0.000000 0.000000 1.000000
-0.944601 0.264848 -0.193881 -0.469478 0.285726 0.954208 -0.088589 4.492305 0.161539 -0.139077 -0.977024 1.074786 0.000000 0.000000 0.000000 1.000000
-0.929541 0.309265 -0.200781 -0.396416 0.327078 0.942977 -0.061764 4.522904 0.170230 -0.123082 -0.977694 1.109357 0.000000 0.000000 0.000000 1.000000
-0.913392 0.350571 -0.206928 -0.327055 0.364282 0.930771 -0.031069 4.551253 0.181710 -0.103757 -0.977869 1.149291 0.000000 0.000000 0.000000 1.000000
-0.898874 0.384135 -0.210879 -0.269702 0.393367 0.919379 -0.001993 4.573696 0.193112 -0.084743 -0.977517 1.186776 0.000000 0.000000 0.000000 1.000000
-0.889245 0.405411 -0.211874 -0.233178 0.410837 0.911494 0.019812 4.587358 0.201153 -0.069427 -0.977103 1.213697 0.000000 0.000000 0.000000 1.000000
-0.887298 0.410803 -0.209638 -0.224649 0.414178 0.909713 0.029651 4.590291 0.202890 -0.060518 -0.977336 1.223187 0.000000 0.000000 0.000000 1.000000
-0.888953 0.408932 -0.206257 -0.227869 0.410822 0.911020 0.035612 4.588276 0.202466 -0.053077 -0.977857 1.227423 0.000000 0.000000 0.000000 1.000000
-0.892248 0.403565 -0.202568 -0.236046 0.404006 0.913834 0.041072 4.583790 0.201687 -0.045192 -0.978413 1.231355 0.000000 0.000000 0.000000 1.000000
-0.896824 0.395255 -0.198708 -0.248462 0.394289 0.917828 0.046148 4.577161 0.200619 -0.036961 -0.978979 1.234922 0.000000 0.000000 0.000000 1.000000
-0.902321 0.384546 -0.194795 -0.264513 0.382221 0.922666 0.050944 4.568799 0.199320 -0.028486 -0.979527 1.238351 0.000000 0.000000 0.000000 1.000000
-0.908385 0.371993 -0.190952 -0.283508 0.368358 0.928022 0.055559 4.559049 0.197875 -0.019869 -0.980033 1.241668 0.000000 0.000000 0.000000 1.000000
-0.914681 0.358168 -0.187296 -0.304765 0.353272 0.933590 0.060081 4.548276 0.196376 -0.011211 -0.980472 1.244913 0.000000 0.000000 0.000000 1.000000
-0.920904 0.343663 -0.183946 -0.327576 0.337550 0.939089 0.064588 4.536846 0.194937 -0.002612 -0.980819 1.248055 0.000000 0.000000 0.000000 1.000000
-0.926789 0.329094 -0.181007 -0.351390 0.321803 0.944279 0.069143 4.525263 0.193674 0.005832 -0.981055 1.251407 0.000000 0.000000 0.000000 1.000000
-0.932106 0.315101 -0.178591 -0.375546 0.306658 0.948954 0.073805 4.513968 0.192730 0.014028 -0.981158 1.254996 0.000000 0.000000 0.000000 1.000000
-0.936661 0.302341 -0.176806 -0.399426 0.292758 0.952948 0.078627 4.503448 0.192258 0.021885 -0.981107 1.258926 0.000000 0.000000 0.000000 1.000000
-0.940295 0.291483 -0.175751 -0.422438 0.280757 0.956127 0.083652 4.494222 0.192423 0.029314 -0.980881 1.263331 0.000000 0.000000 0.000000 1.000000
-0.942865 0.283202 -0.175519 -0.444001 0.271308 0.958376 0.088928 4.486818 0.193397 0.036227 -0.980458 1.268350 0.000000 0.000000 0.000000 1.000000
-0.944236 0.278170 -0.176193 -0.463538 0.265061 0.959590 0.094500 4.481770 0.195360 0.042528 -0.979816 1.274125 0.000000 0.000000 0.000000 1.000000
-0.944784 0.275697 -0.177144 -0.481445 0.261317 0.960017 0.100407 4.478743 0.197742 0.048572 -0.979057 1.280591 0.000000 0.000000 0.000000 1.000000
-0.945013 0.274526 -0.177738 -0.498362 0.258836 0.960020 0.106611 4.476731 0.199899 0.054743 -0.978293 1.287265 0.000000 0.000000 0.000000 1.000000
-0.944975 0.274470 -0.178025 -0.514405 0.257442 0.959660 0.113034 4.475451 0.201867 0.060983 -0.977519 1.294326 0.000000 0.000000 0.000000 1.000000
-0.944714 0.275340 -0.178067 -0.529475 0.256959 0.958992 0.119605 4.474490 0.203696 0.067236 -0.976730 1.301541 0.000000 0.000000 0.000000 1.000000
-0.944272 0.276951 -0.177915 -0.543672 0.257214 0.958073 0.126245 4.473552 0.205418 0.073446 -0.975922 1.309058 0.000000 0.000000 0.000000 1.000000
-0.943688 0.279116 -0.177632 -0.556950 0.258030 0.956956 0.132878 4.472259 0.207073 0.079560 -0.975092 1.316758 0.000000 0.000000 0.000000 1.000000
-0.943000 0.281652 -0.177281 -0.569310 0.259234 0.955698 0.139426 4.470259 0.208696 0.085521 -0.974241 1.324596 0.000000 0.000000 0.000000 1.000000
-0.942248 0.284376 -0.176930 -0.580708 0.260652 0.954358 0.145815 4.467181 0.210320 0.091276 -0.973369 1.332458 0.000000 0.000000 0.000000 1.000000
-0.941474 0.287105 -0.176642 -0.591239 0.262109 0.952998 0.151964 4.462723 0.211969 0.096770 -0.972480 1.340460 0.000000 0.000000 0.000000 1.000000
-0.940719 0.289659 -0.176493 -0.600858 0.263432 0.951685 0.157797 4.456516 0.213672 0.101948 -0.971578 1.348473 0.000000 0.000000 0.000000 1.000000
-0.940028 0.291858 -0.176555 -0.609570 0.264447 0.950485 0.163237 4.448214 0.215454 0.106757 -0.970668 1.356449 0.000000 0.000000 0.000000 1.000000
-0.939444 0.293520 -0.176905 -0.617384 0.264980 0.949470 0.168206 4.437476 0.217337 0.111143 -0.969755 1.364347 0.000000 0.000000 0.000000 1.000000
-0.939012 0.294468 -0.177623 -0.624263 0.264857 0.948710 0.172626 4.423940 0.219345 0.115052 -0.968847 1.372044 0.000000 0.000000 0.000000 1.000000
-0.938775 0.294520 -0.178784 -0.630295 0.263905 0.948278 0.176417 4.407298 0.221494 0.118433 -0.967950 1.379631 0.000000 0.000000 0.000000 1.000000
-0.938774 0.293494 -0.180469 -0.635405 0.261950 0.948242 0.179498 4.387172 0.223809 0.121233 -0.967070 1.386925 0.000000 0.000000 0.000000 1.000000
-0.939045 0.291208 -0.182751 -0.639671 0.258816 0.948667 0.181785 4.363245 0.226306 0.123404 -0.966215 1.394008 0.000000 0.000000 0.000000 1.000000
-0.940101 0.285339 -0.186541 -0.640728 0.252112 0.950243 0.182972 4.331516 0.229467 0.124982 -0.965266 1.401137 0.000000 0.000000 0.000000 1.000000
-0.946375 0.253277 -0.200573 -0.612255 0.218434 0.959033 0.180395 4.254339 0.238045 0.126908 -0.962934 1.412656 0.000000 0.000000 0.000000 1.000000
-0.953784 0.203125 -0.221456 -0.555633 0.166340 0.970617 0.173879 4.147345 0.250267 0.129005 -0.959551 1.426645 0.000000 0.000000 0.000000 1.000000
-0.958055 0.153401 -0.242082 -0.483943 0.115144 0.979545 0.165028 4.044739 0.262444 0.130230 -0.956125 1.439518 0.000000 0.000000 0.000000 1.000000
-0.958810 0.123103 -0.255998 -0.412867 0.084464 0.984006 0.156836 3.983085 0.271210 0.128752 -0.953877 1.446958 0.000000 0.000000 0.000000 1.000000
-0.957896 0.124052 -0.258944 -0.354581 0.086832 0.984779 0.150568 3.985737 0.273680 0.121743 -0.954091 1.444004 0.000000 0.000000 0.000000 1.000000
-0.956833 0.140863 -0.254231 -0.301529 0.107483 0.984188 0.140792 4.021937 0.270042 0.107388 -0.956848 1.426736 0.000000 0.000000 0.000000 1.000000
-0.955003 0.168169 -0.244321 -0.252908 0.140156 0.981826 0.127962 4.079308 0.261399 0.087961 -0.961221 1.397536 0.000000 0.000000 0.000000 1.000000
-0.951691 0.201834 -0.231415 -0.208898 0.179727 0.977187 0.113157 4.148085 0.248974 0.066099 -0.966259 1.358969 0.000000 0.000000 0.000000 1.000000
-0.946708 0.237454 -0.217633 -0.170327 0.220924 0.970381 0.097742 4.218801 0.234396 0.044453 -0.971131 1.314306 0.000000 0.000000 0.000000 1.000000
-0.940677 0.270409 -0.204966 -0.138675 0.258469 0.962406 0.083474 4.282533 0.219832 0.025544 -0.975210 1.266988 0.000000 0.000000 0.000000 1.000000
-0.935023 0.296008 -0.195235 -0.115953 0.287242 0.955114 0.072452 4.330935 0.207917 0.011665 -0.978083 1.220346 0.000000 0.000000 0.000000 1.000000
-0.931666 0.309614 -0.190115 -0.104587 0.302329 0.950850 0.066954 4.356174 0.201500 0.004901 -0.979483 1.178124 0.000000 0.000000 0.000000 1.000000
-0.931669 0.309930 -0.189581 -0.104431 0.301762 0.950714 0.071286 4.352702 0.202330 0.009206 -0.979281 1.143847 0.000000 0.000000 0.000000 1.000000
-0.933317 0.305271 -0.189038 -0.108786 0.292546 0.951756 0.092614 4.324891 0.208190 0.031136 -0.977599 1.119864 0.000000 0.000000 0.000000 1.000000
-0.936223 0.296650 -0.188388 -0.116707 0.275628 0.952433 0.130003 4.274639 0.217992 0.069786 -0.973459 1.105364 0.000000 0.000000 0.000000 1.000000
-0.940108 0.284303 -0.188079 -0.127936 0.251117 0.950709 0.181916 4.202983 0.230527 0.123790 -0.965166 1.099759 0.000000 0.000000 0.000000 1.000000
-0.944624 0.268495 -0.188681 -0.142104 0.219083 0.944040 0.246560 4.110566 0.244321 0.191568 -0.950590 1.102024 0.000000 0.000000 0.000000 1.000000
-0.949367 0.249592 -0.190820 -0.158823 0.179762 0.929645 0.321632 3.997941 0.257671 0.271042 -0.927445 1.110915 0.000000 0.000000 0.000000 1.000000
-0.953883 0.228131 -0.195116 -0.177488 0.133737 0.904858 0.404164 3.865813 0.268754 0.359427 -0.893641 1.124463 0.000000 0.000000 0.000000 1.000000
-0.957710 0.204852 -0.202073 -0.197398 0.082080 0.867570 0.490497 3.715420 0.275791 0.453164 -0.847698 1.140313 0.000000 0.000000 0.000000 1.000000
-0.960431 0.180681 -0.211976 -0.217830 0.026405 0.816683 0.576485 3.548773 0.277276 0.548071 -0.789142 1.155953 0.000000 0.000000 0.000000 1.000000
-0.961726 0.156662 -0.224825 -0.237887 -0.031221 0.752467 0.657894 3.368940 0.272239 0.639726 -0.718779 1.168601 0.000000 0.000000 0.000000 1.000000
-0.961434 0.133836 -0.240287 -0.256775 -0.088479 0.676691 0.730937 3.180033 0.260424 0.724001 -0.638754 1.175976 0.000000 0.000000 0.000000 1.000000
-0.959578 0.113100 -0.257729 -0.273836 -0.143104 0.592450 0.792801 2.987022 0.242356 0.797629 -0.552319 1.176563 0.000000 0.000000 0.000000 1.000000
-0.956356 0.095098 -0.276307 -0.288626 -0.193172 0.503735 0.841989 2.795380 0.219256 0.858608 -0.463382 1.169868 0.000000 0.000000 0.000000 1.000000
-0.952105 0.080155 -0.295089 -0.300945 -0.237317 0.414855 0.878400 2.610637 0.192827 0.906350 -0.375965 1.156460 0.000000 0.000000 0.000000 1.000000
-0.947240 0.068295 -0.313174 -0.310817 -0.274804 0.329909 0.903136 2.438016 0.164998 0.941539 -0.293736 1.137807 0.000000 0.000000 0.000000 1.000000
-0.942200 0.059294 -0.329772 -0.318447 -0.305465 0.252414 0.918145 2.282164 0.137679 0.965801 -0.219713 1.116015 0.000000 0.000000 0.000000 1.000000
-0.937397 0.052775 -0.344249 -0.324108 -0.329564 0.185166 0.925805 2.147207 0.112602 0.981289 -0.156182 1.093448 0.000000 0.000000 0.000000 1.000000
-0.933197 0.048296 -0.356113 -0.328117 -0.347596 0.130280 0.928557 2.036716 0.091239 0.990301 -0.104790 1.072520 0.000000 0.000000 0.000000 1.000000
-0.929910 0.045434 -0.364979 -0.330793 -0.360105 0.089373 0.928628 1.953836 0.074810 0.994962 -0.066748 1.055498 0.000000 0.000000 0.000000 1.000000
-0.927786 0.043850 -0.370535 -0.332294 -0.367531 0.063812 0.927827 1.901862 0.064329 0.996998 -0.043088 1.044209 0.000000 0.000000 0.000000 1.000000
-0.927039 0.043337 -0.372461 -0.332802 -0.370032 0.054955 0.927399 1.883753 0.060659 0.997548 -0.034910 1.040219 0.000000 0.000000 0.000000 1.000000
-0.927039 0.043337 -0.372461 -0.332802 -0.370032 0.054955 0.927399 1.883753 0.060659 0.997548 -0.034910 1.040219 0.000000 0.000000 0.000000 1.000000
-0.927039 0.043337 -0.372461 -0.332802 -0.370032 0.054955 0.927399 1.883753 0.060659 0.997548 -0.034910 1.040219 0.000000 0.000000 0.000000 1.000000
-0.927039 0.043337 -0.372461 -0.332802 -0.370032 0.054955 0.927399 1.883753 0.060659 0.997548 -0.034910 1.040219 0.000000 0.000000 0.000000 1.000000
-0.927039 0.043337 -0.372461 -0.332802 -0.370032 0.054955 0.927399 1.883753 0.060659 0.997548 -0.034910 1.040219 0.000000 0.000000 0.000000 1.000000
-0.927039 0.043337 -0.372461 -0.332802 -0.370032 0.054955 0.927399 1.883753 0.060659 0.997548 -0.034910 1.040219 0.000000 0.000000 0.000000 1.000000
-0.927039 0.043337 -0.372461 -0.332802 -0.370032 0.054955 0.927399 1.883753 0.060659 0.997548 -0.034910 1.040219 0.000000 0.000000 0.000000 1.000000
-0.927039 0.043337 -0.372461 -0.332802 -0.370032 0.054955 0.927399 1.883753 0.060659 0.997548 -0.034910 1.040219 0.000000 0.000000 0.000000 1.000000
-0.927039 0.043337 -0.372461 -0.332802 -0.370032 0.054955 0.927399 1.883753 0.060659 0.997548 -0.034910 1.040219 0.000000 0.000000 0.000000 1.000000
-0.927039 0.043337 -0.372461 -0.332802 -0.370032 0.054955 0.927399 1.883753 0.060659 0.997548 -0.034910 1.040219 0.000000 0.000000 0.000000 1.000000
-0.927039 0.043337 -0.372461 -0.332802 -0.370032 0.054955 0.927399 1.883753 0.060659 0.997548 -0.034910 1.040219 0.000000 0.000000 0.000000 1.000000
-0.927039 0.043337 -0.372461 -0.332802 -0.370032 0.054955 0.927399 1.883753 0.060659 0.997548 -0.034910 1.040219 0.000000 0.000000 0.000000 1.000000
-0.927039 0.043337 -0.372461 -0.332802 -0.370032 0.054955 0.927399 1.883753 0.060659 0.997548 -0.034910 1.040219 0.000000 0.000000 0.000000 1.000000
-0.927039 0.043337 -0.372461 -0.332802 -0.370032 0.054955 0.927399 1.883753 0.060659 0.997548 -0.034910 1.040219 0.000000 0.000000 0.000000 1.000000
-0.927039 0.043337 -0.372461 -0.332802 -0.370032 0.054955 0.927399 1.883753 0.060659 0.997548 -0.034910 1.040219 0.000000 0.000000 0.000000 1.000000
-0.927039 0.043337 -0.372461 -0.332802 -0.370032 0.054955 0.927399 1.883753 0.060659 0.997548 -0.034910 1.040219 0.000000 0.000000 0.000000 1.000000
-0.927039 0.043337 -0.372461 -0.332802 -0.370032 0.054955 0.927399 1.883753 0.060659 0.997548 -0.034910 1.040219 0.000000 0.000000 0.000000 1.000000
-0.927039 0.043337 -0.372461 -0.332802 -0.370032 0.054955 0.927399 1.883753 0.060659 0.997548 -0.034910 1.040219 0.000000 0.000000 0.000000 1.000000
-0.927039 0.043337 -0.372461 -0.332802 -0.370032 0.054955 0.927399 1.883753 0.060659 0.997548 -0.034910 1.040219 0.000000 0.000000 0.000000 1.000000
-0.927039 0.043337 -0.372461 -0.332802 -0.370032 0.054955 0.927399 1.883753 0.060659 0.997548 -0.034910 1.040219 0.000000 0.000000 0.000000 1.000000
-0.927039 0.043337 -0.372461 -0.332802 -0.370032 0.054955 0.927399 1.883753 0.060659 0.997548 -0.034910 1.040219 0.000000 0.000000 0.000000 1.000000
-0.927039 0.043337 -0.372461 -0.332802 -0.370032 0.054955 0.927399 1.883753 0.060659 0.997548 -0.034910 1.040219 0.000000 0.000000 0.000000 1.000000
-0.927039 0.043337 -0.372461 -0.332802 -0.370032 0.054955 0.927399 1.883753 0.060659 0.997548 -0.034910 1.040219 0.000000 0.000000 0.000000 1.000000
-0.927039 0.043337 -0.372461 -0.332802 -0.370032 0.054955 0.927399 1.883753 0.060659 0.997548 -0.034910 1.040219 0.000000 0.000000 0.000000 1.000000
-0.927039 0.043337 -0.372461 -0.332802 -0.370032 0.054955 0.927399 1.883753 0.060659 0.997548 -0.034910 1.040219 0.000000 0.000000 0.000000 1.000000
-0.927039 0.043337 -0.372461 -0.332802 -0.370032 0.054955 0.927399 1.883753 0.060659 0.997548 -0.034910 1.040219 0.000000 0.000000 0.000000 1.000000
-0.927039 0.043337 -0.372461 -0.332802 -0.370032 0.054955 0.927399 1.883753 0.060659 0.997548 -0.034910 1.040219 0.000000 0.000000 0.000000 1.000000
-0.927039 0.043337 -0.372461 -0.332802 -0.370032 0.054955 0.927399 1.883753 0.060659 0.997548 -0.034910 1.040219 0.000000 0.000000 0.000000 1.000000
-0.927039 0.043337 -0.372461 -0.332802 -0.370032 0.054955 0.927399 1.883753 0.060659 0.997548 -0.034910 1.040219 0.000000 0.000000 0.000000 1.000000
-0.927039 0.043337 -0.372461 -0.332802 -0.370032 0.054955 0.927399 1.883753 0.060659 0.997548 -0.034910 1.040219 0.000000 0.000000 0.000000 1.000000
-0.927039 0.043337 -0.372461 -0.332802 -0.370032 0.054955 0.927399 1.883753 0.060659 0.997548 -0.034910 1.040219 0.000000 0.000000 0.000000 1.000000
-0.927039 0.043337 -0.372461 -0.332802 -0.370032 0.054955 0.927399 1.883753 0.060659 0.997548 -0.034910 1.040219 0.000000 0.000000 0.000000 1.000000
-0.927039 0.043337 -0.372461 -0.332802 -0.370032 0.054955 0.927399 1.883753 0.060659 0.997548 -0.034910 1.040219 0.000000 0.000000 0.000000 1.000000
-0.927039 0.043337 -0.372461 -0.332802 -0.370032 0.054955 0.927399 1.883753 0.060659 0.997548 -0.034910 1.040219 0.000000 0.000000 0.000000 1.000000
-0.927039 0.043337 -0.372461 -0.332802 -0.370032 0.054955 0.927399 1.883753 0.060659 0.997548 -0.034910 1.040219 0.000000 0.000000 0.000000 1.000000
-0.927039 0.043337 -0.372461 -0.332802 -0.370032 0.054955 0.927399 1.883753 0.060659 0.997548 -0.034910 1.040219 0.000000 0.000000 0.000000 1.000000
-0.927039 0.043337 -0.372461 -0.332802 -0.370032 0.054955 0.927399 1.883753 0.060659 0.997548 -0.034910 1.040219 0.000000 0.000000 0.000000 1.000000
-0.927039 0.043337 -0.372461 -0.332802 -0.370032 0.054955 0.927399 1.883753 0.060659 0.997548 -0.034910 1.040219 0.000000 0.000000 0.000000 1.000000
-0.927039 0.043337 -0.372461 -0.332802 -0.370032 0.054955 0.927399 1.883753 0.060659 0.997548 -0.034910 1.040219 0.000000 0.000000 0.000000 1.000000
-0.927039 0.043337 -0.372461 -0.332802 -0.370032 0.054955 0.927399 1.883753 0.060659 0.997548 -0.034910 1.040219 0.000000 0.000000 0.000000 1.000000
-0.927039 0.043337 -0.372461 -0.332802 -0.370032 0.054955 0.927399 1.883753 0.060659 0.997548 -0.034910 1.040219 0.000000 0.000000 0.000000 1.000000
-0.927039 0.043337 -0.372461 -0.332802 -0.370032 0.054955 0.927399 1.883753 0.060659 0.997548 -0.034910 1.040219 0.000000 0.000000 0.000000 1.000000
-0.927039 0.043337 -0.372461 -0.332802 -0.370032 0.054955 0.927399 1.883753 0.060659 0.997548 -0.034910 1.040219 0.000000 0.000000 0.000000 1.000000
-0.927039 0.043337 -0.372461 -0.332802 -0.370032 0.054955 0.927399 1.883753 0.060659 0.997548 -0.034910 1.040219 0.000000 0.000000 0.000000 1.000000
-0.927039 0.043337 -0.372461 -0.332802 -0.370032 0.054955 0.927399 1.883753 0.060659 0.997548 -0.034910 1.040219 0.000000 0.000000 0.000000 1.000000
-0.927039 0.043337 -0.372461 -0.332802 -0.370032 0.054955 0.927399 1.883753 0.060659 0.997548 -0.034910 1.040219 0.000000 0.000000 0.000000 1.000000
-0.927039 0.043337 -0.372461 -0.332802 -0.370032 0.054955 0.927399 1.883753 0.060659 0.997548 -0.034910 1.040219 0.000000 0.000000 0.000000 1.000000
-0.927039 0.043337 -0.372461 -0.332802 -0.370032 0.054955 0.927399 1.883753 0.060659 0.997548 -0.034910 1.040219 0.000000 0.000000 0.000000 1.000000
-0.927039 0.043337 -0.372461 -0.332802 -0.370032 0.054955 0.927399 1.883753 0.060659 0.997548 -0.034910 1.040219 0.000000 0.000000 0.000000 1.000000
-0.927039 0.043337 -0.372461 -0.332802 -0.370032 0.054955 0.927399 1.883753 0.060659 0.997548 -0.034910 1.040219 0.000000 0.000000 0.000000 1.000000
-0.927039 0.043337 -0.372461 -0.332802 -0.370032 0.054955 0.927399 1.883753 0.060659 0.997548 -0.034910 1.040219 0.000000 0.000000 0.000000 1.000000
-0.927039 0.043337 -0.372461 -0.332802 -0.370032 0.054955 0.927399 1.883753 0.060659 0.997548 -0.034910 1.040219 0.000000 0.000000 0.000000 1.000000
-0.927039 0.043337 -0.372461 -0.332802 -0.370032 0.054955 0.927399 1.883753 0.060659 0.997548 -0.034910 1.040219 0.000000 0.000000 0.000000 1.000000
-0.927039 0.043337 -0.372461 -0.332802 -0.370032 0.054955 0.927399 1.883753 0.060659 0.997548 -0.034910 1.040219 0.000000 0.000000 0.000000 1.000000
-0.927039 0.043337 -0.372461 -0.332802 -0.370032 0.054955 0.927399 1.883753 0.060659 0.997548 -0.034910 1.040219 0.000000 0.000000 0.000000 1.000000
-0.927039 0.043337 -0.372461 -0.332802 -0.370032 0.054955 0.927399 1.883753 0.060659 0.997548 -0.034910 1.040219 0.000000 0.000000 0.000000 1.000000
-0.927039 0.043337 -0.372461 -0.332802 -0.370032 0.054955 0.927399 1.883753 0.060659 0.997548 -0.034910 1.040219 0.000000 0.000000 0.000000 1.000000
-0.927039 0.043337 -0.372461 -0.332802 -0.370032 0.054955 0.927399 1.883753 0.060659 0.997548 -0.034910 1.040219 0.000000 0.000000 0.000000 1.000000
-0.927039 0.043337 -0.372461 -0.332802 -0.370032 0.054955 0.927399 1.883753 0.060659 0.997548 -0.034910 1.040219 0.000000 0.000000 0.000000 1.000000
-0.927039 0.043337 -0.372461 -0.332802 -0.370032 0.054955 0.927399 1.883753 0.060659 0.997548 -0.034910 1.040219 0.000000 0.000000 0.000000 1.000000
-0.927039 0.043337 -0.372461 -0.332802 -0.370032 0.054955 0.927399 1.883753 0.060659 0.997548 -0.034910 1.040219 0.000000 0.000000 0.000000 1.000000
-0.927039 0.043337 -0.372461 -0.332802 -0.370032 0.054955 0.927399 1.883753 0.060659 0.997548 -0.034910 1.040219 0.000000 0.000000 0.000000 1.000000
-0.927039 0.043337 -0.372461 -0.332802 -0.370032 0.054955 0.927399 1.883753 0.060659 0.997548 -0.034910 1.040219 0.000000 0.000000 0.000000 1.000000
-0.927039 0.043337 -0.372461 -0.332802 -0.370032 0.054955 0.927399 1.883753 0.060659 0.997548 -0.034910 1.040219 0.000000 0.000000 0.000000 1.000000
-0.927039 0.043337 -0.372461 -0.332802 -0.370032 0.054955 0.927399 1.883753 0.060659 0.997548 -0.034910 1.040219 0.000000 0.000000 0.000000 1.000000
-0.927039 0.043337 -0.372461 -0.332802 -0.370032 0.054955 0.927399 1.883753 0.060659 0.997548 -0.034910 1.040219 0.000000 0.000000 0.000000 1.000000
-0.927039 0.043337 -0.372461 -0.332802 -0.370032 0.054955 0.927399 1.883753 0.060659 0.997548 -0.034910 1.040219 0.000000 0.000000 0.000000 1.000000
-0.927039 0.043337 -0.372461 -0.332802 -0.370032 0.054955 0.927399 1.883753 0.060659 0.997548 -0.034910 1.040219 0.000000 0.000000 0.000000 1.000000
-0.927039 0.043337 -0.372461 -0.332802 -0.370032 0.054955 0.927399 1.883753 0.060659 0.997548 -0.034910 1.040219 0.000000 0.000000 0.000000 1.000000
-0.927039 0.043337 -0.372461 -0.332802 -0.370032 0.054955 0.927399 1.883753 0.060659 0.997548 -0.034910 1.040219 0.000000 0.000000 0.000000 1.000000
-0.927039 0.043337 -0.372461 -0.332802 -0.370032 0.054955 0.927399 1.883753 0.060659 0.997548 -0.034910 1.040219 0.000000 0.000000 0.000000 1.000000
-0.927039 0.043337 -0.372461 -0.332802 -0.370032 0.054955 0.927399 1.883753 0.060659 0.997548 -0.034910 1.040219 0.000000 0.000000 0.000000 1.000000
-0.927039 0.043337 -0.372461 -0.332802 -0.370032 0.054955 0.927399 1.883753 0.060659 0.997548 -0.034910 1.040219 0.000000 0.000000 0.000000 1.000000
-0.927039 0.043337 -0.372461 -0.332802 -0.370032 0.054955 0.927399 1.883753 0.060659 0.997548 -0.034910 1.040219 0.000000 0.000000 0.000000 1.000000
-0.927039 0.043337 -0.372461 -0.332802 -0.370032 0.054955 0.927399 1.883753 0.060659 0.997548 -0.034910 1.040219 0.000000 0.000000 0.000000 1.000000
-0.927039 0.043337 -0.372461 -0.332802 -0.370032 0.054955 0.927399 1.883753 0.060659 0.997548 -0.034910 1.040219 0.000000 0.000000 0.000000 1.000000
-0.927039 0.043337 -0.372461 -0.332802 -0.370032 0.054955 0.927399 1.883753 0.060659 0.997548 -0.034910 1.040219 0.000000 0.000000 0.000000 1.000000
-0.927039 0.043337 -0.372461 -0.332802 -0.370032 0.054955 0.927399 1.883753 0.060659 0.997548 -0.034910 1.040219 0.000000 0.000000 0.000000 1.000000
-0.927039 0.043337 -0.372461 -0.332802 -0.370032 0.054955 0.927399 1.883753 0.060659 0.997548 -0.034910 1.040219 0.000000 0.000000 0.000000 1.000000
-0.927039 0.043337 -0.372461 -0.332802 -0.370032 0.054955 0.927399 1.883753 0.060659 0.997548 -0.034910 1.040219 0.000000 0.000000 0.000000 1.000000
-0.927039 0.043337 -0.372461 -0.332802 -0.370032 0.054955 0.927399 1.883753 0.060659 0.997548 -0.034910 1.040219 0.000000 0.000000 0.000000 1.000000
-0.927039 0.043337 -0.372461 -0.332802 -0.370032 0.054955 0.927399 1.883753 0.060659 0.997548 -0.034910 1.040219 0.000000 0.000000 0.000000 1.000000
-0.927039 0.043337 -0.372461 -0.332802 -0.370032 0.054955 0.927399 1.883753 0.060659 0.997548 -0.034910 1.040219 0.000000 0.000000 0.000000 1.000000
-0.927039 0.043337 -0.372461 -0.332802 -0.370032 0.054955 0.927399 1.883753 0.060659 0.997548 -0.034910 1.040219 0.000000 0.000000 0.000000 1.000000
-0.927039 0.043337 -0.372461 -0.332802 -0.370032 0.054955 0.927399 1.883753 0.060659 0.997548 -0.034910 1.040219 0.000000 0.000000 0.000000 1.000000
-0.927039 0.043337 -0.372461 -0.332802 -0.370032 0.054955 0.927399 1.883753 0.060659 0.997548 -0.034910 1.040219 0.000000 0.000000 0.000000 1.000000
-0.927039 0.043337 -0.372461 -0.332802 -0.370032 0.054955 0.927399 1.883753 0.060659 0.997548 -0.034910 1.040219 0.000000 0.000000 0.000000 1.000000
-0.927039 0.043337 -0.372461 -0.332802 -0.370032 0.054955 0.927399 1.883753 0.060659 0.997548 -0.034910 1.040219 0.000000 0.000000 0.000000 1.000000
-0.927039 0.043337 -0.372461 -0.332802 -0.370032 0.054955 0.927399 1.883753 0.060659 0.997548 -0.034910 1.040219 0.000000 0.000000 0.000000 1.000000
-0.927039 0.043337 -0.372461 -0.332802 -0.370032 0.054955 0.927399 1.883753 0.060659 0.997548 -0.034910 1.040219 0.000000 0.000000 0.000000 1.000000
-0.927039 0.043337 -0.372461 -0.332802 -0.370032 0.054955 0.927399 1.883753 0.060659 0.997548 -0.034910 1.040219 0.000000 0.000000 0.000000 1.000000
-0.927039 0.043337 -0.372461 -0.332802 -0.370032 0.054955 0.927399 1.883753 0.060659 0.997548 -0.034910 1.040219 0.000000 0.000000 0.000000 1.000000
-0.927039 0.043337 -0.372461 -0.332802 -0.370032 0.054955 0.927399 1.883753 0.060659 0.997548 -0.034910 1.040219 0.000000 0.000000 0.000000 1.000000
-0.927039 0.043337 -0.372461 -0.332802 -0.370032 0.054955 0.927399 1.883753 0.060659 0.997548 -0.034910 1.040219 0.000000 0.000000 0.000000 1.000000
-0.927039 0.043337 -0.372461 -0.332802 -0.370032 0.054955 0.927399 1.883753 0.060659 0.997548 -0.034910 1.040219 0.000000 0.000000 0.000000 1.000000
-0.927039 0.043337 -0.372461 -0.332802 -0.370032 0.054955 0.927399 1.883753 0.060659 0.997548 -0.034910 1.040219 0.000000 0.000000 0.000000 1.000000
-0.927039 0.043337 -0.372461 -0.332802 -0.370032 0.054955 0.927399 1.883753 0.060659 0.997548 -0.034910 1.040219 0.000000 0.000000 0.000000 1.000000
-0.927039 0.043337 -0.372461 -0.332802 -0.370032 0.054955 0.927399 1.883753 0.060659 0.997548 -0.034910 1.040219 0.000000 0.000000 0.000000 1.000000
-0.927039 0.043337 -0.372461 -0.332802 -0.370032 0.054955 0.927399 1.883753 0.060659 0.997548 -0.034910 1.040219 0.000000 0.000000 0.000000 1.000000
-0.927039 0.043337 -0.372461 -0.332802 -0.370032 0.054955 0.927399 1.883753 0.060659 0.997548 -0.034910 1.040219 0.000000 0.000000 0.000000 1.000000
-0.927039 0.043337 -0.372461 -0.332802 -0.370032 0.054955 0.927399 1.883753 0.060659 0.997548 -0.034910 1.040219 0.000000 0.000000 0.000000 1.000000
-0.927039 0.043337 -0.372461 -0.332802 -0.370032 0.054955 0.927399 1.883753 0.060659 0.997548 -0.034910 1.040219 0.000000 0.000000 0.000000 1.000000
-0.927039 0.043337 -0.372461 -0.332802 -0.370032 0.054955 0.927399 1.883753 0.060659 0.997548 -0.034910 1.040219 0.000000 0.000000 0.000000 1.000000
-0.927039 0.043337 -0.372461 -0.332802 -0.370032 0.054955 0.927399 1.883753 0.060659 0.997548 -0.034910 1.040219 0.000000 0.000000 0.000000 1.000000
-0.927039 0.043337 -0.372461 -0.332802 -0.370032 0.054955 0.927399 1.883753 0.060659 0.997548 -0.034910 1.040219 0.000000 0.000000 0.000000 1.000000
-0.927039 0.043337 -0.372461 -0.332802 -0.370032 0.054955 0.927399 1.883753 0.060659 0.997548 -0.034910 1.040219 0.000000 0.000000 0.000000 1.000000
-0.927039 0.043337 -0.372461 -0.332802 -0.370032 0.054955 0.927399 1.883753 0.060659 0.997548 -0.034910 1.040219 0.000000 0.000000 0.000000 1.000000
-0.927039 0.043337 -0.372461 -0.332802 -0.370032 0.054955 0.927399 1.883753 0.060659 0.997548 -0.034910 1.040219 0.000000 0.000000 0.000000 1.000000
-0.927039 0.043337 -0.372461 -0.332802 -0.370032 0.054955 0.927399 1.883753 0.060659 0.997548 -0.034910 1.040219 0.000000 0.000000 0.000000 1.000000
-0.927039 0.043337 -0.372461 -0.332802 -0.370032 0.054955 0.927399 1.883753 0.060659 0.997548 -0.034910 1.040219 0.000000 0.000000 0.000000 1.000000
-0.927039 0.043337 -0.372461 -0.332802 -0.370032 0.054955 0.927399 1.883753 0.060659 0.997548 -0.034910 1.040219 0.000000 0.000000 0.000000 1.000000
-0.927039 0.043337 -0.372461 -0.332802 -0.370032 0.054955 0.927399 1.883753 0.060659 0.997548 -0.034910 1.040219 0.000000 0.000000 0.000000 1.000000
-0.927039 0.043337 -0.372461 -0.332802 -0.370032 0.054955 0.927399 1.883753 0.060659 0.997548 -0.034910 1.040219 0.000000 0.000000 0.000000 1.000000
-0.927039 0.043337 -0.372461 -0.332802 -0.370032 0.054955 0.927399 1.883753 0.060659 0.997548 -0.034910 1.040219 0.000000 0.000000 0.000000 1.000000
-0.927039 0.043337 -0.372461 -0.332802 -0.370032 0.054955 0.927399 1.883753 0.060659 0.997548 -0.034910 1.040219 0.000000 0.000000 0.000000 1.000000
-0.927039 0.043337 -0.372461 -0.332802 -0.370032 0.054955 0.927399 1.883753 0.060659 0.997548 -0.034910 1.040219 0.000000 0.000000 0.000000 1.000000
-0.927039 0.043337 -0.372461 -0.332802 -0.370032 0.054955 0.927399 1.883753 0.060659 0.997548 -0.034910 1.040219 0.000000 0.000000 0.000000 1.000000
-0.927039 0.043337 -0.372461 -0.332802 -0.370032 0.054955 0.927399 1.883753 0.060659 0.997548 -0.034910 1.040219 0.000000 0.000000 0.000000 1.000000
-0.927039 0.043337 -0.372461 -0.332802 -0.370032 0.054955 0.927399 1.883753 0.060659 0.997548 -0.034910 1.040219 0.000000 0.000000 0.000000 1.000000
-0.927039 0.043337 -0.372461 -0.332802 -0.370032 0.054955 0.927399 1.883753 0.060659 0.997548 -0.034910 1.040219 0.000000 0.000000 0.000000 1.000000
-0.927039 0.043337 -0.372461 -0.332802 -0.370032 0.054955 0.927399 1.883753 0.060659 0.997548 -0.034910 1.040219 0.000000 0.000000 0.000000 1.000000
-0.927039 0.043337 -0.372461 -0.332802 -0.370032 0.054955 0.927399 1.883753 0.060659 0.997548 -0.034910 1.040219 0.000000 0.000000 0.000000 1.000000
-0.927039 0.043337 -0.372461 -0.332802 -0.370032 0.054955 0.927399 1.883753 0.060659 0.997548 -0.034910 1.040219 0.000000 0.000000 0.000000 1.000000
