<?xml version="1.0" encoding="utf-8"?>
<COLLADA xmlns="http://www.collada.org/2005/11/COLLADASchema" version="1.4.1">
  <asset><contributor><author></author><authoring_tool>FBX COLLADA exporter</authoring_tool><comments></comments></contributor><created>2024-05-17T00:00:37Z</created><keywords></keywords><modified>2024-05-17T00:00:37Z</modified><revision></revision><subject></subject><title></title><unit meter="0.010000" name="centimeter"></unit><up_axis>Y_UP</up_axis></asset>
  <library_animations>
    <animation id="Medkit_Bag-anim" name="Medkit_Bag"><animation><source id="Medkit_Bag-Matrix-animation-input"><float_array id="Medkit_Bag-Matrix-animation-input-array" count="174">

0.000000 0.033333 0.066667 0.100000 0.133333 0.166667 0.200000 0.233333 0.266667 0.300000 0.333333 0.366667 0.400000 0.433333 0.466667 0.500000
0.533333 0.566667 0.600000 0.633333 0.666667 0.700000 0.733333 0.766667 0.800000 0.833333 0.866667 0.900000 0.933333 0.966667 1.000000 1.033333
1.066667 1.100000 1.133333 1.166667 1.200000 1.233333 1.266667 1.300000 1.333333 1.366667 1.400000 1.433333 1.466667 1.500000 1.533333 1.566667
1.600000 1.633333 1.666667 1.700000 1.733333 1.766667 1.800000 1.833333 1.866667 1.900000 1.933333 1.966667 2.000000 2.033333 2.066667 2.100000
2.133333 2.166667 2.200000 2.233333 2.266667 2.300000 2.333333 2.366667 2.400000 2.433333 2.466667 2.500000 2.533333 2.566667 2.600000 2.633333
2.666667 2.700000 2.733333 2.766667 2.800000 2.833333 2.866667 2.900000 2.933333 2.966667 3.000000 3.033333 3.066667 3.100000 3.133333 3.166667
3.200000 3.233333 3.266667 3.300000 3.333333 3.366667 3.400000 3.433333 3.466667 3.500000 3.533333 3.566667 3.600000 3.633333 3.666667 3.700000
3.733333 3.766667 3.800000 3.833333 3.866667 3.900000 3.933333 3.966667 4.000000 4.033333 4.066667 4.100000 4.133333 4.166667 4.200000 4.233333
4.266667 4.300000 4.333333 4.366667 4.400000 4.433333 4.466667 4.500000 4.533333 4.566667 4.600000 4.633333 4.666667 4.700000 4.733333 4.766667
4.800000 4.833333 4.866667 4.900000 4.933333 4.966667 5.000000 5.033333 5.066667 5.100000 5.133333 5.166667 5.200000 5.233333 5.266667 5.300000
5.333333 5.366667 5.400000 5.433333 5.466667 5.500000 5.533333 5.566667 5.600000 5.633333 5.666667 5.700000 5.733333 5.766667</float_array><technique_common><accessor source="#Medkit_Bag-Matrix-animation-input-array" count="174"><param name="TIME" type="float"/></accessor></technique_common></source><source id="Medkit_Bag-Matrix-animation-output-transform"><float_array id="Medkit_Bag-Matrix-animation-output-transform-array" count="2784">

-0.999965 0.003354 -0.007946 0.025536 0.004810 0.981574 -0.191024 3.599837 0.007159 -0.191054 -0.981560 1.292293 0.000000 0.000000 0.000000 1.000000
-0.999894 0.010036 -0.010766 0.031315 0.011905 0.981582 -0.190671 3.596064 0.008655 -0.190778 -0.981601 1.291649 0.000000 0.000000 0.000000 1.000000
-0.999522 0.025669 -0.017347 0.044980 0.028499 0.981394 -0.189882 3.587178 0.012150 -0.190284 -0.981660 1.290080 0.000000 0.000000 0.000000 1.000000
-0.998740 0.043635 -0.024879 0.060915 0.047562 0.980805 -0.189107 3.576877 0.016150 -0.190050 -0.981648 1.288136 0.000000 0.000000 0.000000 1.000000
-0.997889 0.057330 -0.030585 0.073168 0.062095 0.980019 -0.188968 3.569055 0.019140 -0.190467 -0.981513 1.286395 0.000000 0.000000 0.000000 1.000000
-0.997625 0.060965 -0.032121 0.075989 0.065988 0.979475 -0.190462 3.567384 0.019850 -0.192127 -0.981176 1.285332 0.000000 0.000000 0.000000 1.000000
-0.997651 0.060194 -0.032781 0.071698 0.065487 0.978280 -0.196676 3.569486 0.020230 -0.198359 -0.979927 1.283645 0.000000 0.000000 0.000000 1.000000
-0.997755 0.057947 -0.033640 0.063075 0.063682 0.976226 -0.207191 3.573377 0.020835 -0.208867 -0.977728 1.281021 0.000000 0.000000 0.000000 1.000000
-0.997925 0.054536 -0.034297 0.051539 0.060778 0.973494 -0.220492 3.578253 0.021363 -0.222117 -0.974792 1.277681 0.000000 0.000000 0.000000 1.000000
-0.998146 0.050285 -0.034352 0.038516 0.056973 0.970308 -0.235070 3.583321 0.021511 -0.236589 -0.971378 1.273822 0.000000 0.000000 0.000000 1.000000
-0.998406 0.045532 -0.033427 0.025430 0.052450 0.966971 -0.249437 3.587816 0.020966 -0.250790 -0.967821 1.269607 0.000000 0.000000 0.000000 1.000000
-0.998691 0.040618 -0.031168 0.013704 0.047383 0.963869 -0.262134 3.591001 0.019394 -0.263266 -0.964535 1.265145 0.000000 0.000000 0.000000 1.000000
-0.998987 0.035878 -0.027240 0.004752 0.041940 0.961460 -0.271729 3.592162 0.016441 -0.272594 -0.961995 1.260498 0.000000 0.000000 0.000000 1.000000
-0.999275 0.031625 -0.021324 -0.000019 0.036296 0.960244 -0.276796 3.590616 0.011723 -0.277367 -0.960699 1.255695 0.000000 0.000000 0.000000 1.000000
-0.999571 0.026265 -0.013103 0.008421 0.028745 0.966245 -0.256022 3.578773 0.005936 -0.256287 -0.966589 1.256238 0.000000 0.000000 0.000000 1.000000
-0.999910 0.011306 -0.007511 0.026998 0.012574 0.979945 -0.198873 3.533888 0.005112 -0.198948 -0.980003 1.270101 0.000000 0.000000 0.000000 1.000000
-0.999878 -0.012165 -0.010016 0.017191 -0.010070 0.982186 -0.187647 3.470107 0.012121 -0.187522 -0.982192 1.279458 0.000000 0.000000 0.000000 1.000000
-0.999513 -0.028911 -0.011929 0.008154 -0.026215 0.982467 -0.184590 3.425596 0.017056 -0.184185 -0.982750 1.284729 0.000000 0.000000 0.000000 1.000000
-0.999120 -0.040094 -0.012494 0.002105 -0.037131 0.982369 -0.183234 3.396939 0.019620 -0.182608 -0.982996 1.287407 0.000000 0.000000 0.000000 1.000000
-0.998765 -0.048287 -0.011870 -0.002266 -0.045309 0.982105 -0.182809 3.377491 0.020485 -0.182044 -0.983083 1.288328 0.000000 0.000000 0.000000 1.000000
-0.998377 -0.056066 -0.010246 -0.006171 -0.053259 0.981754 -0.182552 3.360526 0.020294 -0.181708 -0.983149 1.288338 0.000000 0.000000 0.000000 1.000000
-0.997792 -0.065989 -0.007828 -0.010751 -0.063473 0.981304 -0.181704 3.339314 0.019672 -0.180805 -0.983329 1.288287 0.000000 0.000000 0.000000 1.000000
-0.996833 -0.079407 -0.004807 -0.016585 -0.077250 0.980648 -0.179901 3.310181 0.018999 -0.178959 -0.983679 1.288642 0.000000 0.000000 0.000000 1.000000
-0.995404 -0.095784 -0.001345 -0.023452 -0.094027 0.979637 -0.177405 3.274239 0.018310 -0.176461 -0.984143 1.289293 0.000000 0.000000 0.000000 1.000000
-0.993433 -0.114413 0.002405 -0.031069 -0.113074 0.978138 -0.174535 3.233028 0.017616 -0.173660 -0.984654 1.290087 0.000000 0.000000 0.000000 1.000000
-0.990886 -0.134574 0.006302 -0.039175 -0.133652 0.976055 -0.171624 3.188108 0.016945 -0.170901 -0.985149 1.290880 0.000000 0.000000 0.000000 1.000000
-0.987780 -0.155537 0.010221 -0.047534 -0.155014 0.973348 -0.169017 3.141073 0.016339 -0.168535 -0.985567 1.291541 0.000000 0.000000 0.000000 1.000000
-0.984191 -0.176566 0.014055 -0.055953 -0.176413 0.970035 -0.167069 3.093544 0.015865 -0.166906 -0.985851 1.291953 0.000000 0.000000 0.000000 1.000000
-0.980261 -0.196924 0.017714 -0.064279 -0.197103 0.966202 -0.166149 3.047174 0.015604 -0.166360 -0.985948 1.292018 0.000000 0.000000 0.000000 1.000000
-0.976193 -0.215882 0.021123 -0.072412 -0.216348 0.961993 -0.166631 3.003633 0.015652 -0.167233 -0.985799 1.291648 0.000000 0.000000 0.000000 1.000000
-0.972244 -0.232723 0.024218 -0.080292 -0.233425 0.957596 -0.168894 2.964609 0.016115 -0.169858 -0.985343 1.290765 0.000000 0.000000 0.000000 1.000000
-0.968708 -0.246746 0.026933 -0.087895 -0.247623 0.953230 -0.173315 2.931802 0.017091 -0.174559 -0.984505 1.289268 0.000000 0.000000 0.000000 1.000000
-0.965901 -0.257268 0.029194 -0.095231 -0.258246 0.949114 -0.180263 2.906872 0.018667 -0.181654 -0.983192 1.287136 0.000000 0.000000 0.000000 1.000000
-0.964133 -0.263622 0.030900 -0.102315 -0.264603 0.945437 -0.190097 2.891483 0.020900 -0.191453 -0.981286 1.284277 0.000000 0.000000 0.000000 1.000000
-0.962997 -0.267694 0.031319 -0.116710 -0.268195 0.940263 -0.209714 2.889941 0.026691 -0.210352 -0.977268 1.277756 0.000000 0.000000 0.000000 1.000000
-0.960423 -0.277047 0.028958 -0.160442 -0.274941 0.926128 -0.258259 2.909604 0.044731 -0.255998 -0.965648 1.260101 0.000000 0.000000 0.000000 1.000000
-0.956178 -0.291731 0.024933 -0.229969 -0.283155 0.899664 -0.332312 2.946580 0.074514 -0.324807 -0.942847 1.234374 0.000000 0.000000 0.000000 1.000000
-0.950133 -0.311160 0.020780 -0.319664 -0.289991 0.857047 -0.425887 2.996306 0.114709 -0.410672 -0.904545 1.205178 0.000000 0.000000 0.000000 1.000000
-0.942242 -0.334451 0.018122 -0.423764 -0.292422 0.795038 -0.531423 3.055078 0.163326 -0.506024 -0.846921 1.177060 0.000000 0.000000 0.000000 1.000000
-0.932680 -0.360242 0.018402 -0.536498 -0.287865 0.712608 -0.639790 3.120282 0.217365 -0.602011 -0.768338 1.154135 0.000000 0.000000 0.000000 1.000000
-0.921921 -0.386730 0.022520 -0.652209 -0.274925 0.612217 -0.741361 3.190320 0.272918 -0.689661 -0.670739 1.139014 0.000000 0.000000 0.000000 1.000000
-0.910708 -0.411927 0.030542 -0.765572 -0.253966 0.500094 -0.827899 3.263873 0.325758 -0.761725 -0.560056 1.132328 0.000000 0.000000 0.000000 1.000000
-0.899918 -0.434073 0.041626 -0.871610 -0.227178 0.385211 -0.894435 3.338894 0.372213 -0.814368 -0.445271 1.132535 0.000000 0.000000 0.000000 1.000000
-0.890387 -0.451968 0.054237 -0.965795 -0.198069 0.277383 -0.940127 3.411811 0.409861 -0.847812 -0.336500 1.136817 0.000000 0.000000 0.000000 1.000000
-0.882774 -0.465068 0.066537 -1.043948 -0.170654 0.185477 -0.967723 3.477397 0.437714 -0.865628 -0.243101 1.141992 0.000000 0.000000 0.000000 1.000000
-0.877533 -0.473339 0.076744 -1.101840 -0.148735 0.116530 -0.981994 3.529146 0.455871 -0.873139 -0.172662 1.145022 0.000000 0.000000 0.000000 1.000000
-0.874981 -0.476931 0.083366 -1.135268 -0.135518 0.075948 -0.987866 3.560170 0.464811 -0.875654 -0.131086 1.143683 0.000000 0.000000 0.000000 1.000000
-0.875302 -0.475933 0.085668 -1.141578 -0.132871 0.066364 -0.988916 3.565785 0.464970 -0.876975 -0.121326 1.136742 0.000000 0.000000 0.000000 1.000000
-0.877362 -0.471703 0.087954 -1.140335 -0.133785 0.064446 -0.988919 3.564075 0.460806 -0.879400 -0.119650 1.127505 0.000000 0.000000 0.000000 1.000000
-0.880641 -0.464851 0.091598 -1.138286 -0.135747 0.062328 -0.988788 3.561478 0.453928 -0.883193 -0.117991 1.117161 0.000000 0.000000 0.000000 1.000000
-0.884971 -0.455537 0.096521 -1.135412 -0.138697 0.059996 -0.988523 3.558029 0.444516 -0.888193 -0.116277 1.105607 0.000000 0.000000 0.000000 1.000000
-0.890176 -0.443910 0.102641 -1.131703 -0.142579 0.057441 -0.988122 3.553779 0.432739 -0.894229 -0.114425 1.092775 0.000000 0.000000 0.000000 1.000000
-0.896065 -0.430114 0.109878 -1.127144 -0.147337 0.054662 -0.987582 3.548779 0.418765 -0.901119 -0.112353 1.078598 0.000000 0.000000 0.000000 1.000000
-0.902442 -0.414300 0.118145 -1.121715 -0.152916 0.051658 -0.986895 3.543081 0.402766 -0.908674 -0.109972 1.063020 0.000000 0.000000 0.000000 1.000000
-0.909105 -0.396630 0.127347 -1.115429 -0.159257 0.048438 -0.986055 3.536759 0.384929 -0.916700 -0.107201 1.046046 0.000000 0.000000 0.000000 1.000000
-0.915854 -0.377296 0.137347 -1.108138 -0.166284 0.045054 -0.985055 3.529855 0.365467 -0.924997 -0.104002 1.027736 0.000000 0.000000 0.000000 1.000000
-0.922500 -0.356507 0.147989 -1.099759 -0.173908 0.041590 -0.983890 3.522460 0.344607 -0.933367 -0.100367 1.008359 0.000000 0.000000 0.000000 1.000000
-0.928871 -0.334494 0.159112 -1.090199 -0.182035 0.038122 -0.982559 3.514650 0.322594 -0.941627 -0.096300 0.988151 0.000000 0.000000 0.000000 1.000000
-0.934817 -0.311501 0.170559 -1.079424 -0.190566 0.034721 -0.981067 3.506520 0.299680 -0.949612 -0.091819 0.967384 0.000000 0.000000 0.000000 1.000000
-0.940211 -0.287788 0.182171 -1.067325 -0.199393 0.031449 -0.979421 3.498116 0.276136 -0.957178 -0.086952 0.946213 0.000000 0.000000 0.000000 1.000000
-0.944958 -0.263633 0.193796 -1.053921 -0.208409 0.028361 -0.977637 3.489527 0.252240 -0.964207 -0.081744 0.924897 0.000000 0.000000 0.000000 1.000000
-0.948993 -0.239322 0.205286 -1.039228 -0.217500 0.025500 -0.975734 3.480825 0.228279 -0.970606 -0.076252 0.903646 0.000000 0.000000 0.000000 1.000000
-0.952283 -0.215153 0.216500 -1.023291 -0.226548 0.022897 -0.973738 3.472072 0.204544 -0.976313 -0.070547 0.882658 0.000000 0.000000 0.000000 1.000000
-0.954827 -0.191429 0.227304 -1.006177 -0.235438 0.020573 -0.971678 3.463331 0.181330 -0.981292 -0.064713 0.862113 0.000000 0.000000 0.000000 1.000000
-0.956654 -0.168456 0.237575 -0.987977 -0.244051 0.018540 -0.969592 3.454654 0.158928 -0.985536 -0.058848 0.842175 0.000000 0.000000 0.000000 1.000000
-0.957822 -0.146542 0.247200 -0.968806 -0.252270 0.016796 -0.967518 3.446088 0.137629 -0.989063 -0.053056 0.822992 0.000000 0.000000 0.000000 1.000000
-0.958415 -0.125989 0.256073 -0.948736 -0.259979 0.015334 -0.965499 3.437652 0.117715 -0.991914 -0.047451 0.804634 0.000000 0.000000 0.000000 1.000000
-0.958534 -0.107096 0.264099 -0.927971 -0.267067 0.014137 -0.963581 3.429212 0.099462 -0.994149 -0.042153 0.786636 0.000000 0.000000 0.000000 1.000000
-0.958297 -0.090158 0.271190 -0.906478 -0.273422 0.013183 -0.961811 3.418461 0.083139 -0.995841 -0.037284 0.761293 0.000000 0.000000 0.000000 1.000000
-0.957829 -0.075457 0.277265 -0.885532 -0.278939 0.012445 -0.960235 3.406004 0.069005 -0.997072 -0.032968 0.730012 0.000000 0.000000 0.000000 1.000000
-0.957257 -0.063277 0.282241 -0.866338 -0.283511 0.011897 -0.958902 3.393265 0.057319 -0.997926 -0.029328 0.696933 0.000000 0.000000 0.000000 1.000000
-0.956704 -0.053894 0.286042 -0.850283 -0.287034 0.011515 -0.957858 3.381747 0.048329 -0.998481 -0.026485 0.666405 0.000000 0.000000 0.000000 1.000000
-0.956275 -0.047577 0.288585 -0.838737 -0.289407 0.011276 -0.957146 3.372957 0.042284 -0.998805 -0.024552 0.642779 0.000000 0.000000 0.000000 1.000000
-0.956057 -0.044598 0.289780 -0.833016 -0.290527 0.011168 -0.956808 3.368386 0.039435 -0.998944 -0.023634 0.630370 0.000000 0.000000 0.000000 1.000000
-0.956234 -0.047123 0.288794 -0.835129 -0.289604 0.011255 -0.957087 3.369200 0.041850 -0.998827 -0.024409 0.632263 0.000000 0.000000 0.000000 1.000000
-0.957063 -0.060572 0.283492 -0.847457 -0.284677 0.011755 -0.958558 3.374882 0.054729 -0.998095 -0.028494 0.646160 0.000000 0.000000 0.000000 1.000000
-0.958018 -0.083557 0.274274 -0.868210 -0.276242 0.012772 -0.961010 3.384698 0.076796 -0.996422 -0.035318 0.670202 0.000000 0.000000 0.000000 1.000000
-0.958380 -0.114148 0.261694 -0.895223 -0.264988 0.014446 -0.964150 3.397980 0.106275 -0.993360 -0.044093 0.702795 0.000000 0.000000 0.000000 1.000000
-0.957452 -0.150359 0.246343 -0.926365 -0.251627 0.016901 -0.967684 3.414058 0.141335 -0.988488 -0.054017 0.742345 0.000000 0.000000 0.000000 1.000000
-0.954704 -0.190155 0.228882 -0.959384 -0.236891 0.020206 -0.971333 3.432127 0.180078 -0.981547 -0.064337 0.786895 0.000000 0.000000 0.000000 1.000000
-0.949889 -0.231474 0.210084 -0.992494 -0.221532 0.024325 -0.974856 3.451425 0.220543 -0.972538 -0.074385 0.834603 0.000000 0.000000 0.000000 1.000000
-0.943106 -0.272293 0.190823 -1.023945 -0.206297 0.029105 -0.978063 3.471033 0.260765 -0.961775 -0.083622 0.883189 0.000000 0.000000 0.000000 1.000000
-0.934816 -0.310678 0.172060 -1.052371 -0.191915 0.034269 -0.980820 3.490001 0.298821 -0.949898 -0.091659 0.930300 0.000000 0.000000 0.000000 1.000000
-0.925812 -0.344835 0.154809 -1.076719 -0.179067 0.039434 -0.983053 3.507349 0.332885 -0.937835 -0.098258 0.973468 0.000000 0.000000 0.000000 1.000000
-0.917143 -0.373128 0.140106 -1.096200 -0.168388 0.044138 -0.984739 3.522078 0.361248 -0.926730 -0.103312 1.010179 0.000000 0.000000 0.000000 1.000000
-0.909996 -0.394052 0.128982 -1.110202 -0.160469 0.047875 -0.985886 3.533196 0.382313 -0.917841 -0.106799 1.037924 0.000000 0.000000 0.000000 1.000000
-0.905563 -0.406162 0.122443 -1.118125 -0.155877 0.050141 -0.986510 3.539713 0.394542 -0.912425 -0.108717 1.054200 0.000000 0.000000 0.000000 1.000000
-0.904747 -0.408330 0.121264 -1.119613 -0.155054 0.050556 -0.986618 3.540934 0.396734 -0.911434 -0.109054 1.057239 0.000000 0.000000 0.000000 1.000000
-0.906256 -0.404312 0.123436 -1.118165 -0.156575 0.049809 -0.986416 3.539431 0.392670 -0.913264 -0.108446 1.053342 0.000000 0.000000 0.000000 1.000000
-0.909348 -0.395872 0.127972 -1.115008 -0.159768 0.048268 -0.985980 3.536280 0.384143 -0.917037 -0.107141 1.045206 0.000000 0.000000 0.000000 1.000000
-0.913707 -0.383445 0.134587 -1.110016 -0.164464 0.046064 -0.985314 3.531617 0.371613 -0.922415 -0.105153 1.033237 0.000000 0.000000 0.000000 1.000000
-0.918986 -0.367456 0.142988 -1.103133 -0.170496 0.043340 -0.984411 3.525625 0.355529 -0.929031 -0.102479 1.017959 0.000000 0.000000 0.000000 1.000000
-0.924823 -0.348332 0.152878 -1.094264 -0.177696 0.040245 -0.983269 3.518476 0.336350 -0.936508 -0.099117 0.999872 0.000000 0.000000 0.000000 1.000000
-0.930866 -0.326516 0.163955 -1.083329 -0.185891 0.036924 -0.981883 3.510348 0.314545 -0.944471 -0.095068 0.979483 0.000000 0.000000 0.000000 1.000000
-0.936785 -0.302478 0.175915 -1.070280 -0.194899 0.033516 -0.980257 3.501419 0.290609 -0.952567 -0.090350 0.957303 0.000000 0.000000 0.000000 1.000000
-0.942294 -0.276721 0.188452 -1.055119 -0.204526 0.030149 -0.978404 3.491864 0.265062 -0.960478 -0.085006 0.933840 0.000000 0.000000 0.000000 1.000000
-0.947158 -0.249778 0.201268 -1.037901 -0.214570 0.026930 -0.976344 3.481858 0.238448 -0.967929 -0.079102 0.909589 0.000000 0.000000 0.000000 1.000000
-0.951210 -0.222214 0.214072 -1.018748 -0.224819 0.023950 -0.974113 3.471568 0.211334 -0.974704 -0.072739 0.885029 0.000000 0.000000 0.000000 1.000000
-0.954352 -0.194618 0.226587 -0.997840 -0.235055 0.021272 -0.971756 3.461153 0.184301 -0.980649 -0.066047 0.860610 0.000000 0.000000 0.000000 1.000000
-0.956561 -0.167597 0.238556 -0.975422 -0.245056 0.018937 -0.969331 3.450757 0.157939 -0.985674 -0.059185 0.836746 0.000000 0.000000 0.000000 1.000000
-0.957883 -0.141766 0.249737 -0.951743 -0.254598 0.016962 -0.966905 3.440492 0.132837 -0.989756 -0.052341 0.813764 0.000000 0.000000 0.000000 1.000000
-0.958430 -0.117737 0.259917 -0.927085 -0.263460 0.015340 -0.964555 3.428798 0.109576 -0.992927 -0.045722 0.787247 0.000000 0.000000 0.000000 1.000000
-0.958364 -0.096122 0.268895 -0.902299 -0.271424 0.014048 -0.962364 3.414966 0.088726 -0.995271 -0.039553 0.754677 0.000000 0.000000 0.000000 1.000000
-0.957887 -0.077516 0.276495 -0.879112 -0.278279 0.013047 -0.960418 3.400605 0.070840 -0.996907 -0.034069 0.719815 0.000000 0.000000 0.000000 1.000000
-0.957218 -0.062508 0.282547 -0.858972 -0.283816 0.012292 -0.958807 3.387198 0.056460 -0.997970 -0.029507 0.686085 0.000000 0.000000 0.000000 1.000000
-0.956573 -0.051667 0.286889 -0.843591 -0.287833 0.011735 -0.957615 3.376341 0.046110 -0.998596 -0.026097 0.657206 0.000000 0.000000 0.000000 1.000000
-0.956141 -0.045560 0.289353 -0.834440 -0.290129 0.011342 -0.956927 3.369541 0.040316 -0.998898 -0.024063 0.636669 0.000000 0.000000 0.000000 1.000000
-0.956135 -0.045059 0.289452 -0.833458 -0.290195 0.010825 -0.956913 3.368654 0.039984 -0.998927 -0.023426 0.627969 0.000000 0.000000 0.000000 1.000000
-0.957458 -0.054149 0.283457 -0.845172 -0.284225 0.006915 -0.958739 3.377688 0.049955 -0.998510 -0.022012 0.630306 0.000000 0.000000 0.000000 1.000000
-0.959781 -0.072597 0.271215 -0.868806 -0.271887 -0.000631 -0.962336 3.396477 0.070033 -0.997362 -0.019132 0.641949 0.000000 0.000000 0.000000 1.000000
-0.962181 -0.098786 0.253880 -0.901599 -0.254074 -0.010810 -0.967131 3.423621 0.098283 -0.995051 -0.014698 0.661539 0.000000 0.000000 0.000000 1.000000
-0.963695 -0.131058 0.232638 -0.940780 -0.231698 -0.022579 -0.972532 3.457752 0.132711 -0.991118 -0.008607 0.687749 0.000000 0.000000 0.000000 1.000000
-0.963500 -0.167660 0.208720 -0.983678 -0.205776 -0.034937 -0.977982 3.497416 0.171260 -0.985226 -0.000839 0.719171 0.000000 0.000000 0.000000 1.000000
-0.961055 -0.206752 0.183394 -1.027604 -0.177473 -0.046993 -0.983010 3.540892 0.211856 -0.977265 0.008470 0.754049 0.000000 0.000000 0.000000 1.000000
-0.956217 -0.246399 0.157928 -1.070398 -0.148105 -0.058024 -0.987274 3.586345 0.252426 -0.967431 0.018991 0.790715 0.000000 0.000000 0.000000 1.000000
-0.949275 -0.284683 0.133558 -1.110016 -0.119118 -0.067528 -0.990588 3.631602 0.291021 -0.956241 0.030192 0.827148 0.000000 0.000000 0.000000 1.000000
-0.940934 -0.319734 0.111438 -1.144863 -0.092031 -0.075228 -0.992917 3.674318 0.325852 -0.944517 0.041359 0.861345 0.000000 0.000000 0.000000 1.000000
-0.932243 -0.349785 0.092625 -1.173724 -0.068385 -0.081053 -0.994368 3.712021 0.355321 -0.933318 0.051641 0.891334 0.000000 0.000000 0.000000 1.000000
-0.924469 -0.373185 0.078072 -1.195497 -0.049695 -0.085081 -0.995141 3.742089 0.378012 -0.923848 0.060110 0.915066 0.000000 0.000000 0.000000 1.000000
-0.918944 -0.388369 0.068676 -1.209325 -0.037434 -0.087453 -0.995472 3.761964 0.392614 -0.917345 0.065826 0.930678 0.000000 0.000000 0.000000 1.000000
-0.916880 -0.393786 0.065332 -1.214186 -0.033035 -0.088252 -0.995557 3.769119 0.397800 -0.914956 0.067908 0.936280 0.000000 0.000000 0.000000 1.000000
-0.916850 -0.393838 0.065444 -1.213881 -0.033261 -0.088001 -0.995572 3.769064 0.397852 -0.914958 0.067584 0.937141 0.000000 0.000000 0.000000 1.000000
-0.916413 -0.394573 0.067109 -1.209677 -0.036557 -0.084453 -0.995764 3.767904 0.398567 -0.914976 0.062970 0.948962 0.000000 0.000000 0.000000 1.000000
-0.915514 -0.396023 0.070746 -1.201391 -0.043535 -0.077291 -0.996064 3.764290 0.399930 -0.914982 0.053520 0.971662 0.000000 0.000000 0.000000 1.000000
-0.914203 -0.398012 0.076314 -1.190117 -0.053883 -0.067258 -0.996286 3.756997 0.401665 -0.914912 0.040041 1.001399 0.000000 0.000000 0.000000 1.000000
-0.912516 -0.400375 0.083776 -1.177012 -0.067284 -0.055100 -0.996218 3.744847 0.403475 -0.914694 0.023342 1.034387 0.000000 0.000000 0.000000 1.000000
-0.910479 -0.402947 0.093096 -1.163116 -0.083409 -0.041566 -0.995655 3.726605 0.405064 -0.914280 0.004236 1.066724 0.000000 0.000000 0.000000 1.000000
-0.908111 -0.405552 0.104247 -1.149577 -0.101917 -0.027401 -0.994422 3.701109 0.406144 -0.913662 -0.016449 1.094621 0.000000 0.000000 0.000000 1.000000
-0.905419 -0.408022 0.117215 -1.137450 -0.122457 -0.013352 -0.992391 3.667150 0.406480 -0.912875 -0.037876 1.114209 0.000000 0.000000 0.000000 1.000000
-0.902418 -0.410152 0.131993 -1.127802 -0.144659 -0.000150 -0.989488 3.623537 0.405859 -0.912017 -0.059197 1.121649 0.000000 0.000000 0.000000 1.000000
-0.899118 -0.411720 0.148587 -1.120709 -0.168153 0.011484 -0.985701 3.568762 0.404125 -0.911238 -0.079558 1.114607 0.000000 0.000000 0.000000 1.000000
-0.895533 -0.412469 0.167016 -1.113436 -0.192570 0.020849 -0.981069 3.502067 0.401177 -0.910733 -0.098100 1.097540 0.000000 0.000000 0.000000 1.000000
-0.891678 -0.412107 0.187305 -1.105374 -0.217548 0.027263 -0.975676 3.425207 0.396975 -0.910728 -0.113964 1.074156 0.000000 0.000000 0.000000 1.000000
-0.887571 -0.410293 0.209482 -1.096226 -0.242746 0.030066 -0.969631 3.340109 0.391533 -0.911459 -0.126283 1.048089 0.000000 0.000000 0.000000 1.000000
-0.883080 -0.406991 0.233525 -1.085957 -0.268133 0.029270 -0.962944 3.248754 0.385072 -0.912964 -0.134976 1.022731 0.000000 0.000000 0.000000 1.000000
-0.877713 -0.403155 0.259020 -1.075783 -0.294247 0.026812 -0.955360 3.153420 0.378211 -0.914740 -0.142160 0.999646 0.000000 0.000000 0.000000 1.000000
-0.871459 -0.398916 0.285360 -1.065658 -0.320658 0.023135 -0.946919 3.056011 0.371137 -0.916696 -0.148078 0.978728 0.000000 0.000000 0.000000 1.000000
-0.864402 -0.394339 0.311949 -1.055654 -0.346867 0.018533 -0.937738 2.958409 0.364004 -0.918779 -0.152803 0.960013 0.000000 0.000000 0.000000 1.000000
-0.856684 -0.389511 0.338201 -1.045763 -0.372388 0.013285 -0.927989 2.862456 0.356967 -0.920927 -0.156430 0.943404 0.000000 0.000000 0.000000 1.000000
-0.848507 -0.384538 0.363554 -1.036095 -0.396755 0.007662 -0.917899 2.769972 0.350180 -0.923078 -0.159069 0.928869 0.000000 0.000000 0.000000 1.000000
-0.840128 -0.379550 0.387470 -1.026872 -0.419522 0.001921 -0.907750 2.682728 0.343791 -0.925170 -0.160844 0.916428 0.000000 0.000000 0.000000 1.000000
-0.831845 -0.374697 0.409441 -1.018224 -0.440268 -0.003694 -0.897865 2.602473 0.337938 -0.927141 -0.161895 0.905968 0.000000 0.000000 0.000000 1.000000
-0.823995 -0.370147 0.428987 -1.010370 -0.458599 -0.008952 -0.888605 2.530916 0.332753 -0.928930 -0.162373 0.897424 0.000000 0.000000 0.000000 1.000000
-0.816935 -0.366082 0.445654 -1.003554 -0.474136 -0.013633 -0.880353 2.469740 0.328356 -0.930483 -0.162436 0.890722 0.000000 0.000000 0.000000 1.000000
-0.811032 -0.362693 0.459007 -0.998024 -0.486519 -0.017525 -0.873501 2.420611 0.324855 -0.931744 -0.162244 0.885781 0.000000 0.000000 0.000000 1.000000
-0.806647 -0.360174 0.468617 -0.994027 -0.495391 -0.020420 -0.868437 2.385188 0.322356 -0.932662 -0.161956 0.882513 0.000000 0.000000 0.000000 1.000000
-0.804119 -0.358716 0.474049 -0.991787 -0.500386 -0.022104 -0.865527 2.365144 0.320955 -0.933186 -0.161722 0.880825 0.000000 0.000000 0.000000 1.000000
-0.803614 -0.358423 0.475126 -0.991335 -0.501373 -0.022446 -0.864947 2.361177 0.320680 -0.933290 -0.161666 0.880502 0.000000 0.000000 0.000000 1.000000
-0.803614 -0.358423 0.475126 -0.991335 -0.501373 -0.022446 -0.864947 2.361177 0.320680 -0.933290 -0.161666 0.880502 0.000000 0.000000 0.000000 1.000000
-0.803614 -0.358423 0.475126 -0.991335 -0.501373 -0.022446 -0.864947 2.361177 0.320680 -0.933290 -0.161666 0.880502 0.000000 0.000000 0.000000 1.000000
-0.803614 -0.358423 0.475126 -0.991335 -0.501373 -0.022446 -0.864947 2.361177 0.320680 -0.933290 -0.161666 0.880502 0.000000 0.000000 0.000000 1.000000
-0.803614 -0.358423 0.475126 -0.991335 -0.501373 -0.022446 -0.864947 2.361177 0.320680 -0.933290 -0.161666 0.880502 0.000000 0.000000 0.000000 1.000000
-0.803614 -0.358423 0.475126 -0.991335 -0.501373 -0.022446 -0.864947 2.361177 0.320680 -0.933290 -0.161666 0.880502 0.000000 0.000000 0.000000 1.000000
-0.803614 -0.358423 0.475126 -0.991335 -0.501373 -0.022446 -0.864947 2.361177 0.320680 -0.933290 -0.161666 0.880502 0.000000 0.000000 0.000000 1.000000
-0.803614 -0.358423 0.475126 -0.991335 -0.501373 -0.022446 -0.864947 2.361177 0.320680 -0.933290 -0.161666 0.880502 0.000000 0.000000 0.000000 1.000000
-0.803614 -0.358423 0.475126 -0.991335 -0.501373 -0.022446 -0.864947 2.361177 0.320680 -0.933290 -0.161666 0.880502 0.000000 0.000000 0.000000 1.000000
-0.803614 -0.358423 0.475126 -0.991335 -0.501373 -0.022446 -0.864947 2.361177 0.320680 -0.933290 -0.161666 0.880502 0.000000 0.000000 0.000000 1.000000
-0.803614 -0.358423 0.475126 -0.991335 -0.501373 -0.022446 -0.864947 2.361177 0.320680 -0.933290 -0.161666 0.880502 0.000000 0.000000 0.000000 1.000000
-0.803614 -0.358423 0.475126 -0.991335 -0.501373 -0.022446 -0.864947 2.361177 0.320680 -0.933290 -0.161666 0.880502 0.000000 0.000000 0.000000 1.000000
-0.803614 -0.358423 0.475126 -0.991335 -0.501373 -0.022446 -0.864947 2.361177 0.320680 -0.933290 -0.161666 0.880502 0.000000 0.000000 0.000000 1.000000
-0.803614 -0.358423 0.475126 -0.991335 -0.501373 -0.022446 -0.864947 2.361177 0.320680 -0.933290 -0.161666 0.880502 0.000000 0.000000 0.000000 1.000000
-0.803614 -0.358423 0.475126 -0.991335 -0.501373 -0.022446 -0.864947 2.361177 0.320680 -0.933290 -0.161666 0.880502 0.000000 0.000000 0.000000 1.000000
-0.803614 -0.358423 0.475126 -0.991335 -0.501373 -0.022446 -0.864947 2.361177 0.320680 -0.933290 -0.161666 0.880502 0.000000 0.000000 0.000000 1.000000
-0.803614 -0.358423 0.475126 -0.991335 -0.501373 -0.022446 -0.864947 2.361177 0.320680 -0.933290 -0.161666 0.880502 0.000000 0.000000 0.000000 1.000000
-0.803614 -0.358423 0.475126 -0.991335 -0.501373 -0.022446 -0.864947 2.361177 0.320680 -0.933290 -0.161666 0.880502 0.000000 0.000000 0.000000 1.000000
-0.803614 -0.358423 0.475126 -0.991335 -0.501373 -0.022446 -0.864947 2.361177 0.320680 -0.933290 -0.161666 0.880502 0.000000 0.000000 0.000000 1.000000
-0.803614 -0.358423 0.475126 -0.991335 -0.501373 -0.022446 -0.864947 2.361177 0.320680 -0.933290 -0.161666 0.880502 0.000000 0.000000 0.000000 1.000000
-0.803614 -0.358423 0.475126 -0.991335 -0.501373 -0.022446 -0.864947 2.361177 0.320680 -0.933290 -0.161666 0.880502 0.000000 0.000000 0.000000 1.000000
-0.803614 -0.358423 0.475126 -0.991335 -0.501373 -0.022446 -0.864947 2.361177 0.320680 -0.933290 -0.161666 0.880502 0.000000 0.000000 0.000000 1.000000
-0.803614 -0.358423 0.475126 -0.991335 -0.501373 -0.022446 -0.864947 2.361177 0.320680 -0.933290 -0.161666 0.880502 0.000000 0.000000 0.000000 1.000000
-0.803614 -0.358423 0.475126 -0.991335 -0.501373 -0.022446 -0.864947 2.361177 0.320680 -0.933290 -0.161666 0.880502 0.000000 0.000000 0.000000 1.000000
-0.803614 -0.358423 0.475126 -0.991335 -0.501373 -0.022446 -0.864947 2.361177 0.320680 -0.933290 -0.161666 0.880502 0.000000 0.000000 0.000000 1.000000
-0.803614 -0.358423 0.475126 -0.991335 -0.501373 -0.022446 -0.864947 2.361177 0.320680 -0.933290 -0.161666 0.880502 0.000000 0.000000 0.000000 1.000000
-0.803614 -0.358423 0.475126 -0.991335 -0.501373 -0.022446 -0.864947 2.361177 0.320680 -0.933290 -0.161666 0.880502 0.000000 0.000000 0.000000 1.000000</float_array><technique_common><accessor source="#Medkit_Bag-Matrix-animation-output-transform-array" count="174" stride="16"><param type="float4x4"/></accessor></technique_common></source><source id="Medkit_Bag-Interpolations"><Name_array id="Medkit_Bag-Interpolations-array" count="174">
 LINEAR LINEAR LINEAR LINEAR LINEAR LINEAR LINEAR LINEAR LINEAR LINEAR LINEAR
LINEAR LINEAR LINEAR LINEAR LINEAR LINEAR LINEAR LINEAR LINEAR LINEAR LINEAR LINEAR
LINEAR LINEAR LINEAR LINEAR LINEAR LINEAR LINEAR LINEAR LINEAR LINEAR LINEAR LINEAR
LINEAR LINEAR LINEAR LINEAR LINEAR LINEAR LINEAR LINEAR LINEAR LINEAR LINEAR LINEAR
LINEAR LINEAR LINEAR LINEAR LINEAR LINEAR LINEAR LINEAR LINEAR LINEAR LINEAR LINEAR
LINEAR LINEAR LINEAR LINEAR LINEAR LINEAR LINEAR LINEAR LINEAR LINEAR LINEAR LINEAR
LINEAR LINEAR LINEAR LINEAR LINEAR LINEAR LINEAR LINEAR LINEAR LINEAR LINEAR LINEAR
LINEAR LINEAR LINEAR LINEAR LINEAR LINEAR LINEAR LINEAR LINEAR LINEAR LINEAR LINEAR
LINEAR LINEAR LINEAR LINEAR LINEAR LINEAR LINEAR LINEAR LINEAR LINEAR LINEAR LINEAR
LINEAR LINEAR LINEAR LINEAR LINEAR LINEAR LINEAR LINEAR LINEAR LINEAR LINEAR LINEAR
LINEAR LINEAR LINEAR LINEAR LINEAR LINEAR LINEAR LINEAR LINEAR LINEAR LINEAR LINEAR
LINEAR LINEAR LINEAR LINEAR LINEAR LINEAR LINEAR LINEAR LINEAR LINEAR LINEAR LINEAR
LINEAR LINEAR LINEAR LINEAR LINEAR LINEAR LINEAR LINEAR LINEAR LINEAR LINEAR LINEAR
LINEAR LINEAR LINEAR LINEAR LINEAR LINEAR LINEAR LINEAR LINEAR LINEAR LINEAR LINEAR
LINEAR LINEAR LINEAR LINEAR LINEAR LINEAR LINEAR</Name_array><technique_common><accessor source="#Medkit_Bag-Interpolations-array" count="174"><param type="name"/></accessor></technique_common></source><sampler id="Medkit_Bag-Matrix-animation-transform"><input semantic="INPUT" source="#Medkit_Bag-Matrix-animation-input"/><input semantic="OUTPUT" source="#Medkit_Bag-Matrix-animation-output-transform"/><input semantic="INTERPOLATION" source="#Medkit_Bag-Interpolations"/></sampler><channel source="#Medkit_Bag-Matrix-animation-transform" target="Medkit_Bag/matrix"/></animation></animation>
    <animation id="jnt_medkit-anim" name="jnt_medkit"><animation><source id="jnt_medkit-Matrix-animation-input"><float_array id="jnt_medkit-Matrix-animation-input-array" count="174">

0.000000 0.033333 0.066667 0.100000 0.133333 0.166667 0.200000 0.233333 0.266667 0.300000 0.333333 0.366667 0.400000 0.433333 0.466667 0.500000
0.533333 0.566667 0.600000 0.633333 0.666667 0.700000 0.733333 0.766667 0.800000 0.833333 0.866667 0.900000 0.933333 0.966667 1.000000 1.033333
1.066667 1.100000 1.133333 1.166667 1.200000 1.233333 1.266667 1.300000 1.333333 1.366667 1.400000 1.433333 1.466667 1.500000 1.533333 1.566667
1.600000 1.633333 1.666667 1.700000 1.733333 1.766667 1.800000 1.833333 1.866667 1.900000 1.933333 1.966667 2.000000 2.033333 2.066667 2.100000
2.133333 2.166667 2.200000 2.233333 2.266667 2.300000 2.333333 2.366667 2.400000 2.433333 2.466667 2.500000 2.533333 2.566667 2.600000 2.633333
2.666667 2.700000 2.733333 2.766667 2.800000 2.833333 2.866667 2.900000 2.933333 2.966667 3.000000 3.033333 3.066667 3.100000 3.133333 3.166667
3.200000 3.233333 3.266667 3.300000 3.333333 3.366667 3.400000 3.433333 3.466667 3.500000 3.533333 3.566667 3.600000 3.633333 3.666667 3.700000
3.733333 3.766667 3.800000 3.833333 3.866667 3.900000 3.933333 3.966667 4.000000 4.033333 4.066667 4.100000 4.133333 4.166667 4.200000 4.233333
4.266667 4.300000 4.333333 4.366667 4.400000 4.433333 4.466667 4.500000 4.533333 4.566667 4.600000 4.633333 4.666667 4.700000 4.733333 4.766667
4.800000 4.833333 4.866667 4.900000 4.933333 4.966667 5.000000 5.033333 5.066667 5.100000 5.133333 5.166667 5.200000 5.233333 5.266667 5.300000
5.333333 5.366667 5.400000 5.433333 5.466667 5.500000 5.533333 5.566667 5.600000 5.633333 5.666667 5.700000 5.733333 5.766667</float_array><technique_common><accessor source="#jnt_medkit-Matrix-animation-input-array" count="174"><param name="TIME" type="float"/></accessor></technique_common></source><source id="jnt_medkit-Matrix-animation-output-transform"><float_array id="jnt_medkit-Matrix-animation-output-transform-array" count="2784">

1.000000 0.000000 -0.000000 0.000000 0.000000 1.000000 -0.000000 0.000000 0.000000 0.000000 1.000000 0.000000 0.000000 0.000000 0.000000 1.000000
1.000000 -0.000000 -0.000000 0.000000 0.000000 1.000000 -0.000000 0.000000 0.000000 0.000000 1.000000 0.000000 0.000000 0.000000 0.000000 1.000000
1.000000 -0.000000 -0.000000 0.000000 0.000000 1.000000 -0.000000 0.000000 0.000000 0.000000 1.000000 0.000000 0.000000 0.000000 0.000000 1.000000
1.000000 -0.000000 -0.000000 0.000000 0.000000 1.000000 -0.000000 0.000000 0.000000 0.000000 1.000000 0.000000 0.000000 0.000000 0.000000 1.000000
1.000000 0.000000 -0.000000 0.000000 -0.000000 1.000000 -0.000000 0.000000 0.000000 0.000000 1.000000 0.000000 0.000000 0.000000 0.000000 1.000000
1.000000 0.000000 -0.000000 0.000000 0.000000 1.000000 -0.000000 0.000000 0.000000 0.000000 1.000000 0.000000 0.000000 0.000000 0.000000 1.000000
1.000000 -0.000000 -0.000000 0.000000 0.000000 1.000000 -0.000000 0.000000 0.000000 0.000000 1.000000 0.000000 0.000000 0.000000 0.000000 1.000000
1.000000 -0.000000 -0.000000 0.000000 0.000000 1.000000 -0.000000 0.000000 0.000000 0.000000 1.000000 0.000000 0.000000 0.000000 0.000000 1.000000
1.000000 0.000000 -0.000000 0.000000 0.000000 1.000000 -0.000000 0.000000 0.000000 0.000000 1.000000 0.000000 0.000000 0.000000 0.000000 1.000000
1.000000 0.000000 -0.000000 0.000000 -0.000000 1.000000 -0.000000 0.000000 0.000000 0.000000 1.000000 0.000000 0.000000 0.000000 0.000000 1.000000
1.000000 -0.000000 -0.000000 0.000000 -0.000000 1.000000 -0.000000 0.000000 0.000000 0.000000 1.000000 0.000000 0.000000 0.000000 0.000000 1.000000
1.000000 -0.000000 -0.000000 0.000000 -0.000000 1.000000 -0.000000 0.000000 0.000000 0.000000 1.000000 0.000000 0.000000 0.000000 0.000000 1.000000
1.000000 -0.000000 -0.000000 0.000000 -0.000000 1.000000 -0.000000 0.000000 0.000000 0.000000 1.000000 0.000000 0.000000 0.000000 0.000000 1.000000
1.000000 -0.000000 -0.000000 0.000000 0.000000 1.000000 -0.000000 0.000000 0.000000 0.000000 1.000000 0.000000 0.000000 0.000000 0.000000 1.000000
1.000000 -0.000000 -0.000000 0.000000 -0.000000 1.000000 -0.000000 0.000000 0.000000 0.000000 1.000000 0.000000 0.000000 0.000000 0.000000 1.000000
1.000000 -0.000000 -0.000000 0.000000 0.000000 1.000000 -0.000000 0.000000 0.000000 0.000000 1.000000 0.000000 0.000000 0.000000 0.000000 1.000000
1.000000 0.000000 -0.000000 0.000000 0.000000 1.000000 -0.000000 0.000000 0.000000 0.000000 1.000000 0.000000 0.000000 0.000000 0.000000 1.000000
1.000000 -0.000000 -0.000000 0.000000 -0.000000 1.000000 -0.000000 0.000000 0.000000 0.000000 1.000000 0.000000 0.000000 0.000000 0.000000 1.000000
1.000000 0.000000 -0.000000 0.000000 0.000000 1.000000 -0.000000 0.000000 0.000000 0.000000 1.000000 0.000000 0.000000 0.000000 0.000000 1.000000
1.000000 -0.000000 -0.000000 0.000000 -0.000000 1.000000 -0.000000 0.000000 0.000000 0.000000 1.000000 0.000000 0.000000 0.000000 0.000000 1.000000
1.000000 0.000000 -0.000000 0.000000 -0.000000 1.000000 -0.000000 0.000000 0.000000 0.000000 1.000000 0.000000 0.000000 0.000000 0.000000 1.000000
1.000000 -0.000000 -0.000000 0.000000 -0.000000 1.000000 -0.000000 0.000000 0.000000 0.000000 1.000000 0.000000 0.000000 0.000000 0.000000 1.000000
1.000000 -0.000000 -0.000000 0.000000 -0.000000 1.000000 -0.000000 0.000000 0.000000 0.000000 1.000000 0.000000 0.000000 0.000000 0.000000 1.000000
1.000000 0.000000 -0.000000 0.000000 0.000000 1.000000 -0.000000 0.000000 0.000000 0.000000 1.000000 0.000000 0.000000 0.000000 0.000000 1.000000
1.000000 0.000000 -0.000000 0.000000 -0.000000 1.000000 -0.000000 0.000000 0.000000 0.000000 1.000000 0.000000 0.000000 0.000000 0.000000 1.000000
1.000000 -0.000000 -0.000000 0.000000 -0.000000 1.000000 -0.000000 0.000000 0.000000 0.000000 1.000000 0.000000 0.000000 0.000000 0.000000 1.000000
1.000000 0.000000 -0.000000 0.000000 0.000000 1.000000 -0.000000 0.000000 0.000000 0.000000 1.000000 0.000000 0.000000 0.000000 0.000000 1.000000
1.000000 0.000000 -0.000000 0.000000 -0.000000 1.000000 -0.000000 0.000000 0.000000 0.000000 1.000000 0.000000 0.000000 0.000000 0.000000 1.000000
1.000000 -0.000000 -0.000000 0.000000 -0.000000 1.000000 -0.000000 0.000000 0.000000 0.000000 1.000000 0.000000 0.000000 0.000000 0.000000 1.000000
1.000000 -0.000000 -0.000000 0.000000 0.000000 1.000000 -0.000000 0.000000 0.000000 0.000000 1.000000 0.000000 0.000000 0.000000 0.000000 1.000000
1.000000 -0.000000 -0.000000 0.000000 -0.000000 1.000000 -0.000000 0.000000 0.000000 0.000000 1.000000 0.000000 0.000000 0.000000 0.000000 1.000000
1.000000 -0.000000 -0.000000 0.000000 -0.000000 1.000000 -0.000000 0.000000 0.000000 0.000000 1.000000 0.000000 0.000000 0.000000 0.000000 1.000000
1.000000 0.000000 -0.000000 0.000000 -0.000000 1.000000 -0.000000 0.000000 0.000000 0.000000 1.000000 0.000000 0.000000 0.000000 0.000000 1.000000
1.000000 0.000000 -0.000000 0.000000 -0.000000 1.000000 -0.000000 0.000000 0.000000 0.000000 1.000000 0.000000 0.000000 0.000000 0.000000 1.000000
1.000000 0.000000 -0.000000 0.000000 -0.000000 1.000000 -0.000000 0.000000 0.000000 0.000000 1.000000 0.000000 0.000000 0.000000 0.000000 1.000000
1.000000 -0.000000 -0.000000 0.000000 0.000000 1.000000 -0.000000 0.000000 0.000000 0.000000 1.000000 0.000000 0.000000 0.000000 0.000000 1.000000
1.000000 -0.000000 -0.000000 0.000000 -0.000000 1.000000 -0.000000 0.000000 0.000000 0.000000 1.000000 0.000000 0.000000 0.000000 0.000000 1.000000
1.000000 0.000000 -0.000000 0.000000 0.000000 1.000000 -0.000000 0.000000 0.000000 0.000000 1.000000 0.000000 0.000000 0.000000 0.000000 1.000000
1.000000 -0.000000 -0.000000 0.000000 -0.000000 1.000000 -0.000000 0.000000 0.000000 0.000000 1.000000 0.000000 0.000000 0.000000 0.000000 1.000000
1.000000 -0.000000 -0.000000 0.000000 0.000000 1.000000 -0.000000 0.000000 0.000000 0.000000 1.000000 0.000000 0.000000 0.000000 0.000000 1.000000
1.000000 -0.000000 -0.000000 0.000000 0.000000 1.000000 -0.000000 0.000000 0.000000 0.000000 1.000000 0.000000 0.000000 0.000000 0.000000 1.000000
1.000000 -0.000000 -0.000000 0.000000 0.000000 1.000000 -0.000000 0.000000 0.000000 0.000000 1.000000 0.000000 0.000000 0.000000 0.000000 1.000000
1.000000 0.000000 -0.000000 0.000000 0.000000 1.000000 -0.000000 0.000000 0.000000 0.000000 1.000000 0.000000 0.000000 0.000000 0.000000 1.000000
1.000000 -0.000000 -0.000000 0.000000 0.000000 1.000000 -0.000000 0.000000 0.000000 0.000000 1.000000 0.000000 0.000000 0.000000 0.000000 1.000000
1.000000 0.000000 -0.000000 0.000000 0.000000 1.000000 -0.000000 0.000000 0.000000 0.000000 1.000000 0.000000 0.000000 0.000000 0.000000 1.000000
1.000000 0.000000 -0.000000 0.000000 0.000000 1.000000 -0.000000 0.000000 0.000000 0.000000 1.000000 0.000000 0.000000 0.000000 0.000000 1.000000
1.000000 0.000000 -0.000000 0.000000 0.000000 1.000000 -0.000000 0.000000 0.000000 0.000000 1.000000 0.000000 0.000000 0.000000 0.000000 1.000000
