<?xml version="1.0" encoding="utf-8"?>
<COLLADA xmlns="http://www.collada.org/2005/11/COLLADASchema" version="1.4.1">
  <asset><contributor><author></author><authoring_tool>FBX COLLADA exporter</authoring_tool><comments></comments></contributor><created>2024-05-17T18:53:09Z</created><keywords></keywords><modified>2024-05-17T18:53:09Z</modified><revision></revision><subject></subject><title></title><unit meter="0.010000" name="centimeter"></unit><up_axis>Y_UP</up_axis></asset>
  <library_animations>
    <animation id="Medkit_Syr-anim" name="Medkit_Syr"><animation><source id="Medkit_Syr-Matrix-animation-input"><float_array id="Medkit_Syr-Matrix-animation-input-array" count="120">

0.000000 0.033333 0.066667 0.100000 0.133333 0.166667 0.200000 0.233333 0.266667 0.300000 0.333333 0.366667 0.400000 0.433333 0.466667 0.500000
0.533333 0.566667 0.600000 0.633333 0.666667 0.700000 0.733333 0.766667 0.800000 0.833333 0.866667 0.900000 0.933333 0.966667 1.000000 1.033333
1.066667 1.100000 1.133333 1.166667 1.200000 1.233333 1.266667 1.300000 1.333333 1.366667 1.400000 1.433333 1.466667 1.500000 1.533333 1.566667
1.600000 1.633333 1.666667 1.700000 1.733333 1.766667 1.800000 1.833333 1.866667 1.900000 1.933333 1.966667 2.000000 2.033333 2.066667 2.100000
2.133333 2.166667 2.200000 2.233333 2.266667 2.300000 2.333333 2.366667 2.400000 2.433333 2.466667 2.500000 2.533333 2.566667 2.600000 2.633333
2.666667 2.700000 2.733333 2.766667 2.800000 2.833333 2.866667 2.900000 2.933333 2.966667 3.000000 3.033333 3.066667 3.100000 3.133333 3.166667
3.200000 3.233333 3.266667 3.300000 3.333333 3.366667 3.400000 3.433333 3.466667 3.500000 3.533333 3.566667 3.600000 3.633333 3.666667 3.700000
3.733333 3.766667 3.800000 3.833333 3.866667 3.900000 3.933333 3.966667</float_array><technique_common><accessor source="#Medkit_Syr-Matrix-animation-input-array" count="120"><param name="TIME" type="float"/></accessor></technique_common></source><source id="Medkit_Syr-Matrix-animation-output-transform"><float_array id="Medkit_Syr-Matrix-animation-output-transform-array" count="1920">

0.000881 0.000469 -0.000066 -0.197750 0.000444 -0.000867 -0.000226 4.399189 -0.000164 0.000170 -0.000972 1.296444 0.000000 0.000000 0.000000 1.000000
0.000858 0.000510 -0.000067 -0.246689 0.000484 -0.000844 -0.000232 4.449051 -0.000175 0.000167 -0.000970 1.283780 0.000000 0.000000 0.000000 1.000000
0.000800 0.000597 -0.000068 -0.360374 0.000566 -0.000787 -0.000246 4.561331 -0.000201 0.000158 -0.000967 1.256752 0.000000 0.000000 0.000000 1.000000
0.000733 0.000677 -0.000068 -0.481380 0.000642 -0.000721 -0.000260 4.684723 -0.000225 0.000147 -0.000963 1.231192 0.000000 0.000000 0.000000 1.000000
0.000700 0.000711 -0.000067 -0.538416 0.000674 -0.000689 -0.000267 4.782655 -0.000236 0.000142 -0.000961 1.220162 0.000000 0.000000 0.000000 1.000000
0.000761 0.000642 -0.000094 -0.415050 0.000600 -0.000752 -0.000274 4.819929 -0.000247 0.000152 -0.000957 1.236076 0.000000 0.000000 0.000000 1.000000
0.000890 0.000424 -0.000170 -0.117765 0.000369 -0.000886 -0.000279 4.741323 -0.000269 0.000186 -0.000945 1.263280 0.000000 0.000000 0.000000 1.000000
0.000961 0.000060 -0.000269 0.190011 -0.000008 -0.000969 -0.000247 4.487364 -0.000276 0.000240 -0.000931 1.281448 0.000000 0.000000 0.000000 1.000000
0.000875 -0.000337 -0.000347 0.335231 -0.000413 -0.000895 -0.000171 4.123080 -0.000253 0.000293 -0.000922 1.300789 0.000000 0.000000 0.000000 1.000000
0.000686 -0.000621 -0.000380 0.325617 -0.000695 -0.000714 -0.000087 3.817520 -0.000217 0.000324 -0.000921 1.346564 0.000000 0.000000 0.000000 1.000000
0.000532 -0.000755 -0.000384 0.314460 -0.000825 -0.000564 -0.000035 3.656377 -0.000190 0.000335 -0.000923 1.430516 0.000000 0.000000 0.000000 1.000000
0.523621 -0.760871 -0.383270 0.443930 -0.822430 -0.568838 0.005664 3.586957 -0.222328 0.312247 -0.923619 1.537806 0.000000 0.000000 0.000000 1.000000
0.691650 -0.599110 -0.403345 0.573091 -0.578893 -0.793809 0.186411 3.510874 -0.431860 0.104563 -0.895859 1.481297 0.000000 0.000000 0.000000 1.000000
0.780442 -0.474433 -0.407214 0.489626 -0.419803 -0.880290 0.221030 3.802245 -0.463330 -0.001551 -0.886184 1.487804 0.000000 0.000000 0.000000 1.000000
0.836769 -0.356285 -0.415785 0.318343 -0.292859 -0.932819 0.209951 4.170904 -0.462655 -0.053914 -0.884897 1.530421 0.000000 0.000000 0.000000 1.000000
0.860694 -0.259184 -0.438210 0.082073 -0.204469 -0.964225 0.168701 4.546238 -0.466258 -0.055600 -0.882900 1.560448 0.000000 0.000000 0.000000 1.000000
0.850827 -0.194865 -0.487975 -0.146193 -0.161209 -0.980708 0.110549 4.826106 -0.500104 -0.015392 -0.865828 1.561684 0.000000 0.000000 0.000000 1.000000
0.787949 -0.181318 -0.588438 -0.286381 -0.204899 -0.978406 0.027110 4.936605 -0.580647 0.099209 -0.808088 1.513445 0.000000 0.000000 0.000000 1.000000
0.606866 -0.217898 -0.764352 -0.289954 -0.460585 -0.880163 -0.114774 4.994131 -0.647745 0.421701 -0.634503 1.365610 0.000000 0.000000 0.000000 1.000000
0.433379 -0.173976 -0.884259 -0.309112 -0.549893 -0.828414 -0.106517 4.988692 -0.714002 0.532411 -0.454686 1.309537 0.000000 0.000000 0.000000 1.000000
0.250507 -0.116373 -0.961095 -0.329694 -0.608845 -0.790788 -0.062942 4.963878 -0.752697 0.600925 -0.268951 1.257838 0.000000 0.000000 0.000000 1.000000
0.066705 -0.047549 -0.996639 -0.355524 -0.633596 -0.773643 -0.005496 4.934965 -0.770782 0.631833 -0.081733 1.202760 0.000000 0.000000 0.000000 1.000000
-0.110063 0.029372 -0.993490 -0.383687 -0.625946 -0.778488 0.046329 4.908628 -0.772060 0.626971 0.104068 1.152277 0.000000 0.000000 0.000000 1.000000
-0.272026 0.109130 -0.956081 -0.412803 -0.591876 -0.802359 0.076819 4.886854 -0.758737 0.586779 0.282855 1.110670 0.000000 0.000000 0.000000 1.000000
-0.412364 0.184818 -0.892075 -0.442781 -0.539911 -0.838292 0.075900 4.870085 -0.733792 0.512939 0.445467 1.080691 0.000000 0.000000 0.000000 1.000000
-0.526443 0.250017 -0.812618 -0.472952 -0.478882 -0.876947 0.040427 4.856462 -0.702516 0.410431 0.581392 1.063552 0.000000 0.000000 0.000000 1.000000
-0.612630 0.301204 -0.730726 -0.503528 -0.415650 -0.909145 -0.026273 4.843553 -0.672249 0.287631 0.682165 1.058394 0.000000 0.000000 0.000000 1.000000
-0.672368 0.339546 -0.657745 -0.538632 -0.353836 -0.927920 -0.117316 4.831021 -0.650170 0.153854 0.744048 1.063592 0.000000 0.000000 0.000000 1.000000
-0.714176 0.373203 -0.592175 -0.597383 -0.298734 -0.927598 -0.224316 4.832583 -0.633016 0.016701 0.773958 1.098421 0.000000 0.000000 0.000000 1.000000
-0.741635 0.403628 -0.535781 -0.661530 -0.260758 -0.909366 -0.324123 4.840123 -0.618047 -0.100672 0.779667 1.149329 0.000000 0.000000 0.000000 1.000000
-0.754681 0.434404 -0.491679 -0.710594 -0.252128 -0.883883 -0.393930 4.848950 -0.605713 -0.173326 0.776575 1.181157 0.000000 0.000000 0.000000 1.000000
-0.756634 0.469755 -0.454791 -0.735290 -0.270289 -0.858076 -0.436631 4.864500 -0.595356 -0.207445 0.776220 1.178588 0.000000 0.000000 0.000000 1.000000
-0.753698 0.502634 -0.423436 -0.735766 -0.294390 -0.834228 -0.466259 4.883065 -0.587600 -0.226763 0.776726 1.156202 0.000000 0.000000 0.000000 1.000000
-0.749356 0.522592 -0.406646 -0.708944 -0.310798 -0.819850 -0.480884 4.895284 -0.584696 -0.233969 0.776781 1.120232 0.000000 0.000000 0.000000 1.000000
-0.746732 0.525471 -0.407762 -0.657887 -0.313921 -0.818920 -0.480439 4.900989 -0.586382 -0.230754 0.776471 1.074259 0.000000 0.000000 0.000000 1.000000
-0.743854 0.525023 -0.413559 -0.601738 -0.320679 -0.823278 -0.468377 4.919986 -0.586383 -0.215784 0.780763 1.014775 0.000000 0.000000 0.000000 1.000000
-0.740112 0.522509 -0.423340 -0.542117 -0.332190 -0.831414 -0.445420 4.948276 -0.584708 -0.189031 0.788912 0.946529 0.000000 0.000000 0.000000 1.000000
-0.735170 0.517726 -0.437587 -0.479063 -0.347940 -0.842196 -0.411877 4.979651 -0.581774 -0.150546 0.799296 0.875422 0.000000 0.000000 0.000000 1.000000
-0.728725 0.510262 -0.456718 -0.412593 -0.367443 -0.854143 -0.368001 5.007698 -0.577880 -0.100353 0.809928 0.807356 0.000000 0.000000 0.000000 1.000000
-0.720494 0.499476 -0.481052 -0.342710 -0.390266 -0.865468 -0.314096 5.025990 -0.573219 -0.038566 0.818494 0.748531 0.000000 0.000000 0.000000 1.000000
-0.710211 0.484481 -0.510763 -0.269404 -0.416044 -0.874121 -0.250637 5.028237 -0.567897 0.034495 0.822376 0.705521 0.000000 0.000000 0.000000 1.000000
-0.689886 0.441903 -0.573392 -0.168907 -0.421259 -0.889209 -0.178454 5.001627 -0.588725 0.118434 0.799610 0.703104 0.000000 0.000000 0.000000 1.000000
-0.657207 0.371283 -0.655917 -0.053658 -0.404525 -0.908045 -0.108681 4.955665 -0.635954 0.193909 0.746968 0.741424 0.000000 0.000000 0.000000 1.000000
-0.629344 0.317801 -0.709174 0.031323 -0.392753 -0.917509 -0.062619 4.920307 -0.670574 0.239121 0.702247 0.778080 0.000000 0.000000 0.000000 1.000000
-0.641616 0.316584 -0.698643 0.066303 -0.400507 -0.915094 -0.046851 4.910302 -0.654157 0.249751 0.713935 0.769049 0.000000 0.000000 0.000000 1.000000
-0.711294 0.335576 -0.617615 0.082238 -0.414817 -0.909753 -0.016571 4.874337 -0.567438 0.244410 0.786306 0.715966 0.000000 0.000000 0.000000 1.000000
-0.790987 0.368531 -0.488389 0.101139 -0.432677 -0.901312 0.020639 4.791142 -0.432585 0.227640 0.872382 0.631431 0.000000 0.000000 0.000000 1.000000
-0.840294 0.412657 -0.351596 0.160872 -0.456837 -0.888178 0.049389 4.647784 -0.291899 0.202123 0.934848 0.530116 0.000000 0.000000 0.000000 1.000000
-0.856081 0.459120 -0.237345 0.277428 -0.481779 -0.875144 0.044851 4.471367 -0.187119 0.152744 0.970389 0.448744 0.000000 0.000000 0.000000 1.000000
-0.859832 0.488094 -0.149842 0.409259 -0.495900 -0.868202 0.017532 4.324381 -0.121536 0.089381 0.988554 0.400020 0.000000 0.000000 0.000000 1.000000
-0.870356 0.483890 -0.091267 0.505583 -0.484615 -0.874589 -0.015533 4.269956 -0.087337 0.030710 0.995705 0.385176 0.000000 0.000000 0.000000 1.000000
-0.894301 0.443814 -0.057051 0.569919 -0.442008 -0.896036 -0.041809 4.276109 -0.069675 -0.012173 0.997495 0.394583 0.000000 0.000000 0.000000 1.000000
-0.923648 0.381280 -0.038715 0.637208 -0.378679 -0.923525 -0.060847 4.270237 -0.058954 -0.041541 0.997396 0.413961 0.000000 0.000000 0.000000 1.000000
-0.951355 0.306391 -0.032371 0.700883 -0.303433 -0.949980 -0.073928 4.254608 -0.053403 -0.060509 0.996738 0.438369 0.000000 0.000000 0.000000 1.000000
-0.972544 0.230252 -0.033794 0.754966 -0.226901 -0.970446 -0.082154 4.232996 -0.051712 -0.072230 0.996046 0.463772 0.000000 0.000000 0.000000 1.000000
-0.985553 0.164877 -0.038748 0.794913 -0.161038 -0.983091 -0.087168 4.211284 -0.052465 -0.079669 0.995439 0.486384 0.000000 0.000000 0.000000 1.000000
-0.991533 0.122444 -0.043238 0.817720 -0.118122 -0.988788 -0.091345 4.196966 -0.053938 -0.085464 0.994880 0.502229 0.000000 0.000000 0.000000 1.000000
-0.992666 0.112619 -0.043950 0.822037 -0.107938 -0.989383 -0.097307 4.196928 -0.054442 -0.091850 0.994283 0.507973 0.000000 0.000000 0.000000 1.000000
-0.992332 0.115434 -0.044184 0.818735 -0.110328 -0.988397 -0.104390 4.203053 -0.055722 -0.098715 0.993554 0.511589 0.000000 0.000000 0.000000 1.000000
-0.991438 0.122461 -0.045315 0.811964 -0.116778 -0.986832 -0.111908 4.211353 -0.058423 -0.105658 0.992684 0.516051 0.000000 0.000000 0.000000 1.000000
-0.990004 0.132929 -0.047136 0.802153 -0.126515 -0.984705 -0.119782 4.221323 -0.062337 -0.112622 0.991680 0.521197 0.000000 0.000000 0.000000 1.000000
-0.988039 0.146059 -0.049446 0.789785 -0.138768 -0.982026 -0.127934 4.232460 -0.067244 -0.119542 0.990549 0.526898 0.000000 0.000000 0.000000 1.000000
-0.985569 0.161069 -0.052062 0.775379 -0.152768 -0.978820 -0.136281 4.244259 -0.072910 -0.126361 0.989301 0.533038 0.000000 0.000000 0.000000 1.000000
-0.982651 0.177180 -0.054811 0.759428 -0.167754 -0.975145 -0.144736 4.256234 -0.079093 -0.133030 0.987951 0.539444 0.000000 0.000000 0.000000 1.000000
-0.979389 0.193612 -0.057537 0.742478 -0.182975 -0.971106 -0.153204 4.267906 -0.085537 -0.139518 0.986518 0.545957 0.000000 0.000000 0.000000 1.000000
-0.975939 0.209596 -0.060102 0.725125 -0.197694 -0.966854 -0.161581 4.278818 -0.091977 -0.145811 0.985027 0.552429 0.000000 0.000000 0.000000 1.000000
-0.972505 0.224369 -0.062384 0.707995 -0.211192 -0.962590 -0.169757 4.288530 -0.098139 -0.151914 0.983509 0.558701 0.000000 0.000000 0.000000 1.000000
-0.969336 0.237183 -0.064278 0.691742 -0.222767 -0.958554 -0.177617 4.296619 -0.103741 -0.157852 0.981998 0.564614 0.000000 0.000000 0.000000 1.000000
-0.966711 0.247294 -0.065691 0.677045 -0.231729 -0.955018 -0.185045 4.302679 -0.108497 -0.163663 0.980532 0.570007 0.000000 0.000000 0.000000 1.000000
-0.964921 0.253966 -0.066544 0.664594 -0.237399 -0.952263 -0.191923 4.306314 -0.112110 -0.169393 0.979151 0.574717 0.000000 0.000000 0.000000 1.000000
-0.964247 0.256455 -0.066764 0.655082 -0.239097 -0.950564 -0.198139 4.307123 -0.114277 -0.175092 0.977897 0.578574 0.000000 0.000000 0.000000 1.000000
-0.964270 0.256438 -0.066495 0.648114 -0.238418 -0.949456 -0.204179 4.305661 -0.115493 -0.181030 0.976672 0.582011 0.000000 0.000000 0.000000 1.000000
-0.964391 0.256120 -0.065962 0.642668 -0.237448 -0.948309 -0.210542 4.302875 -0.116476 -0.187382 0.975357 0.585603 0.000000 0.000000 0.000000 1.000000
-0.964595 0.255542 -0.065216 0.638490 -0.236233 -0.947125 -0.217134 4.298947 -0.117255 -0.194040 0.973961 0.589388 0.000000 0.000000 0.000000 1.000000
-0.964867 0.254745 -0.064310 0.635326 -0.234819 -0.945909 -0.223865 4.294061 -0.117860 -0.200899 0.972496 0.593407 0.000000 0.000000 0.000000 1.000000
-0.965191 0.253771 -0.063294 0.632921 -0.233250 -0.944668 -0.230643 4.288402 -0.118322 -0.207851 0.970977 0.597696 0.000000 0.000000 0.000000 1.000000
-0.965552 0.252662 -0.062217 0.631020 -0.231573 -0.943411 -0.237378 4.282156 -0.118673 -0.214793 0.969423 0.602291 0.000000 0.000000 0.000000 1.000000
-0.965934 0.251464 -0.061131 0.629366 -0.229832 -0.942152 -0.243980 4.275509 -0.118947 -0.221619 0.967851 0.607229 0.000000 0.000000 0.000000 1.000000
-0.966322 0.250220 -0.060082 0.627700 -0.228073 -0.940905 -0.250360 4.268651 -0.119177 -0.228226 0.966286 0.612542 0.000000 0.000000 0.000000 1.000000
-0.966703 0.248977 -0.059118 0.625765 -0.226338 -0.939688 -0.256431 4.261772 -0.119398 -0.234511 0.964753 0.618264 0.000000 0.000000 0.000000 1.000000
-0.967061 0.247781 -0.058286 0.623302 -0.224672 -0.938522 -0.262104 4.255061 -0.119647 -0.240375 0.963278 0.624428 0.000000 0.000000 0.000000 1.000000
-0.967381 0.246679 -0.057632 0.620050 -0.223117 -0.937428 -0.267295 4.248712 -0.119961 -0.245718 0.961889 0.631066 0.000000 0.000000 0.000000 1.000000
-0.967652 0.245718 -0.057199 0.615750 -0.221717 -0.936430 -0.271917 4.242917 -0.120378 -0.250439 0.960619 0.638209 0.000000 0.000000 0.000000 1.000000
-0.967857 0.244946 -0.057033 0.610140 -0.220514 -0.935553 -0.275885 4.237870 -0.120935 -0.254441 0.959497 0.645889 0.000000 0.000000 0.000000 1.000000
-0.967984 0.244410 -0.057178 0.602961 -0.219550 -0.934821 -0.279116 4.233765 -0.121670 -0.257626 0.958553 0.654140 0.000000 0.000000 0.000000 1.000000
-0.968018 0.244157 -0.057678 0.593950 -0.218868 -0.934259 -0.281524 4.230795 -0.122623 -0.259897 0.957819 0.662992 0.000000 0.000000 0.000000 1.000000
-0.967945 0.244233 -0.058578 0.582847 -0.218512 -0.933888 -0.283026 4.229155 -0.123830 -0.261153 0.957321 0.672480 0.000000 0.000000 0.000000 1.000000
-0.968172 0.242633 -0.061411 0.569161 -0.215745 -0.933429 -0.286638 4.238648 -0.126871 -0.264266 0.956068 0.687343 0.000000 0.000000 0.000000 1.000000
-0.972320 0.217511 -0.085333 0.548206 -0.179822 -0.929816 -0.321098 4.361773 -0.149187 -0.296866 0.943193 0.756433 0.000000 0.000000 0.000000 1.000000
-0.974852 0.176586 -0.135944 0.513474 -0.116953 -0.924650 -0.362413 4.567186 -0.189697 -0.337400 0.922050 0.859986 0.000000 0.000000 0.000000 1.000000
-0.968630 0.133402 -0.209664 0.460404 -0.047232 -0.927148 -0.371705 4.777779 -0.243976 -0.350142 0.904365 0.959160 0.000000 0.000000 0.000000 1.000000
-0.950474 0.087688 -0.298176 0.390005 0.011475 -0.948819 -0.315607 4.917012 -0.310591 -0.303398 0.900823 1.026264 0.000000 0.000000 0.000000 1.000000
-0.918225 0.030818 -0.394858 0.317869 0.066024 -0.971105 -0.229331 4.995569 -0.390517 -0.236647 0.889659 1.088739 0.000000 0.000000 0.000000 1.000000
-0.869528 -0.031443 -0.492881 0.253091 0.112354 -0.984397 -0.135413 5.009052 -0.480934 -0.173122 0.859494 1.153918 0.000000 0.000000 0.000000 1.000000
-0.806036 -0.089628 -0.585040 0.202368 0.140629 -0.989161 -0.042211 4.954439 -0.574916 -0.116297 0.809905 1.214919 0.000000 0.000000 0.000000 1.000000
-0.733721 -0.134277 -0.666050 0.165523 0.142984 -0.988839 0.041841 4.889730 -0.664236 -0.064535 0.744732 1.269990 0.000000 0.000000 0.000000 1.000000
-0.660907 -0.163234 -0.732500 0.138737 0.120515 -0.986474 0.111096 4.820968 -0.740728 -0.014853 0.671640 1.312718 0.000000 0.000000 0.000000 1.000000
-0.594704 -0.190108 -0.781144 0.117457 0.094704 -0.981439 0.166754 4.744191 -0.798347 0.025192 0.601670 1.343645 0.000000 0.000000 0.000000 1.000000
-0.541440 -0.212775 -0.813369 0.098050 0.071640 -0.975602 0.207526 4.658614 -0.837681 0.054093 0.543474 1.358597 0.000000 0.000000 0.000000 1.000000
-0.506332 -0.228171 -0.831604 0.077196 0.055439 -0.970977 0.232657 4.563300 -0.860554 0.071698 0.504287 1.353559 0.000000 0.000000 0.000000 1.000000
-0.493737 -0.233779 -0.837598 0.051077 0.049443 -0.969175 0.241359 4.457522 -0.868204 0.077755 0.490077 1.325362 0.000000 0.000000 0.000000 1.000000
-0.501932 -0.242681 -0.830163 0.022081 0.059361 -0.967231 0.246859 4.327733 -0.862867 0.074627 0.499891 1.274187 0.000000 0.000000 0.000000 1.000000
-0.524204 -0.267829 -0.808379 -0.005053 0.087585 -0.961177 0.261659 4.165109 -0.847075 0.066361 0.527312 1.204367 0.000000 0.000000 0.000000 1.000000
-0.556350 -0.307053 -0.772135 -0.032454 0.132201 -0.950094 0.282566 3.976218 -0.820363 0.055128 0.569178 1.117663 0.000000 0.000000 0.000000 1.000000
-0.593363 -0.357966 -0.720958 -0.063006 0.191200 -0.932717 0.305746 3.767893 -0.781896 0.043571 0.621884 1.015863 0.000000 0.000000 0.000000 1.000000
-0.629769 -0.417538 -0.655021 -0.099824 0.261826 -0.908004 0.327069 3.547671 -0.731326 0.034476 0.681156 0.901274 0.000000 0.000000 0.000000 1.000000
-0.660283 -0.481932 -0.575992 -0.145462 0.340206 -0.875683 0.342691 3.323918 -0.669541 0.030317 0.742156 0.777468 0.000000 0.000000 0.000000 1.000000
-0.680749 -0.546735 -0.487505 -0.200924 0.421441 -0.836667 0.349822 3.105856 -0.599139 0.032686 0.799977 0.649108 0.000000 0.000000 0.000000 1.000000
-0.689123 -0.607522 -0.395000 -0.265002 0.500139 -0.793199 0.347414 2.902160 -0.524375 0.041856 0.850458 0.522752 0.000000 0.000000 0.000000 1.000000
-0.685964 -0.660621 -0.305011 -0.333928 0.571298 -0.748584 0.336513 2.720950 -0.450634 0.056584 0.890914 0.404997 0.000000 0.000000 0.000000 1.000000
-0.674290 -0.703632 -0.224131 -0.401823 0.631037 -0.706663 0.320029 2.568842 -0.383568 0.074357 0.920514 0.302258 0.000000 0.000000 0.000000 1.000000
-0.658789 -0.735511 -0.158182 -0.461627 0.676894 -0.671249 0.302059 2.450841 -0.328347 0.091921 0.940073 0.220158 0.000000 0.000000 0.000000 1.000000
-0.644733 -0.756169 -0.111926 -0.506078 0.707535 -0.645755 0.287045 2.370888 -0.289331 0.105876 0.951356 0.163359 0.000000 0.000000 0.000000 1.000000
-0.636919 -0.765733 -0.089374 -0.528467 0.722020 -0.633124 0.279001 2.332901 -0.270224 0.113171 0.956123 0.135858 0.000000 0.000000 0.000000 1.000000
-0.636349 -0.766390 -0.087789 -0.530080 0.723024 -0.632235 0.278417 2.330188 -0.268879 0.113697 0.956440 0.133982 0.000000 0.000000 0.000000 1.000000
-0.636349 -0.766390 -0.087789 -0.530080 0.723024 -0.632235 0.278417 2.330188 -0.268879 0.113697 0.956440 0.133982 0.000000 0.000000 0.000000 1.000000
-0.636349 -0.766390 -0.087789 -0.530080 0.723024 -0.632235 0.278417 2.330188 -0.268879 0.113697 0.956440 0.133982 0.000000 0.000000 0.000000 1.000000
-0.636349 -0.766390 -0.087789 -0.530080 0.723024 -0.632235 0.278417 2.330188 -0.268879 0.113697 0.956440 0.133982 0.000000 0.000000 0.000000 1.000000
-0.636349 -0.766390 -0.087789 -0.530080 0.723024 -0.632235 0.278417 2.330188 -0.268879 0.113697 0.956440 0.133982 0.000000 0.000000 0.000000 1.000000
-0.636349 -0.766390 -0.087789 -0.530080 0.723024 -0.632235 0.278417 2.330188 -0.268879 0.113697 0.956440 0.133982 0.000000 0.000000 0.000000 1.000000</float_array><technique_common><accessor source="#Medkit_Syr-Matrix-animation-output-transform-array" count="120" stride="16"><param type="float4x4"/></accessor></technique_common></source><source id="Medkit_Syr-Interpolations"><Name_array id="Medkit_Syr-Interpolations-array" count="120">
 LINEAR LINEAR LINEAR LINEAR LINEAR LINEAR LINEAR LINEAR LINEAR LINEAR LINEAR
LINEAR LINEAR LINEAR LINEAR LINEAR LINEAR LINEAR LINEAR LINEAR LINEAR LINEAR LINEAR
LINEAR LINEAR LINEAR LINEAR LINEAR LINEAR LINEAR LINEAR LINEAR LINEAR LINEAR LINEAR
LINEAR LINEAR LINEAR LINEAR LINEAR LINEAR LINEAR LINEAR LINEAR LINEAR LINEAR LINEAR
LINEAR LINEAR LINEAR LINEAR LINEAR LINEAR LINEAR LINEAR LINEAR LINEAR LINEAR LINEAR
LINEAR LINEAR LINEAR LINEAR LINEAR LINEAR LINEAR LINEAR LINEAR LINEAR LINEAR LINEAR
LINEAR LINEAR LINEAR LINEAR LINEAR LINEAR LINEAR LINEAR LINEAR LINEAR LINEAR LINEAR
LINEAR LINEAR LINEAR LINEAR LINEAR LINEAR LINEAR LINEAR LINEAR LINEAR LINEAR LINEAR
LINEAR LINEAR LINEAR LINEAR LINEAR LINEAR LINEAR LINEAR LINEAR LINEAR LINEAR LINEAR
LINEAR LINEAR LINEAR LINEAR LINEAR LINEAR LINEAR LINEAR LINEAR LINEAR LINEAR LINEAR
LINEAR</Name_array><technique_common><accessor source="#Medkit_Syr-Interpolations-array" count="120"><param type="name"/></accessor></technique_common></source><sampler id="Medkit_Syr-Matrix-animation-transform"><input semantic="INPUT" source="#Medkit_Syr-Matrix-animation-input"/><input semantic="OUTPUT" source="#Medkit_Syr-Matrix-animation-output-transform"/><input semantic="INTERPOLATION" source="#Medkit_Syr-Interpolations"/></sampler><channel source="#Medkit_Syr-Matrix-animation-transform" target="Medkit_Syr/matrix"/></animation></animation>
    <animation id="jnt_right_weapon-anim" name="jnt_right_weapon"><animation><source id="jnt_right_weapon-Matrix-animation-input"><float_array id="jnt_right_weapon-Matrix-animation-input-array" count="120">

0.000000 0.033333 0.066667 0.100000 0.133333 0.166667 0.200000 0.233333 0.266667 0.300000 0.333333 0.366667 0.400000 0.433333 0.466667 0.500000
0.533333 0.566667 0.600000 0.633333 0.666667 0.700000 0.733333 0.766667 0.800000 0.833333 0.866667 0.900000 0.933333 0.966667 1.000000 1.033333
1.066667 1.100000 1.133333 1.166667 1.200000 1.233333 1.266667 1.300000 1.333333 1.366667 1.400000 1.433333 1.466667 1.500000 1.533333 1.566667
1.600000 1.633333 1.666667 1.700000 1.733333 1.766667 1.800000 1.833333 1.866667 1.900000 1.933333 1.966667 2.000000 2.033333 2.066667 2.100000
2.133333 2.166667 2.200000 2.233333 2.266667 2.300000 2.333333 2.366667 2.400000 2.433333 2.466667 2.500000 2.533333 2.566667 2.600000 2.633333
2.666667 2.700000 2.733333 2.766667 2.800000 2.833333 2.866667 2.900000 2.933333 2.966667 3.000000 3.033333 3.066667 3.100000 3.133333 3.166667
3.200000 3.233333 3.266667 3.300000 3.333333 3.366667 3.400000 3.433333 3.466667 3.500000 3.533333 3.566667 3.600000 3.633333 3.666667 3.700000
3.733333 3.766667 3.800000 3.833333 3.866667 3.900000 3.933333 3.966667</float_array><technique_common><accessor source="#jnt_right_weapon-Matrix-animation-input-array" count="120"><param name="TIME" type="float"/></accessor></technique_common></source><source id="jnt_right_weapon-Matrix-animation-output-transform"><float_array id="jnt_right_weapon-Matrix-animation-output-transform-array" count="1920">

0.000100 0.000000 -0.000000 0.000000 -0.000000 0.000100 0.000000 -0.000000 0.000000 -0.000000 0.000100 0.000000 0.000000 0.000000 0.000000 1.000000
0.000100 0.000000 -0.000000 0.000000 -0.000000 0.000100 0.000000 -0.000000 0.000000 -0.000000 0.000100 0.000000 0.000000 0.000000 0.000000 1.000000
0.000100 0.000000 -0.000000 0.000000 -0.000000 0.000100 0.000000 -0.000000 0.000000 -0.000000 0.000100 0.000000 0.000000 0.000000 0.000000 1.000000
0.000100 0.000000 -0.000000 0.000000 -0.000000 0.000100 0.000000 -0.000000 0.000000 -0.000000 0.000100 0.000000 0.000000 0.000000 0.000000 1.000000
0.000100 0.000000 -0.000000 0.000000 -0.000000 0.000100 0.000000 -0.000000 0.000000 -0.000000 0.000100 0.000000 0.000000 0.000000 0.000000 1.000000
0.000100 0.000000 -0.000000 0.000000 -0.000000 0.000100 0.000000 -0.000000 0.000000 -0.000000 0.000100 0.000000 0.000000 0.000000 0.000000 1.000000
0.000100 0.000000 -0.000000 0.000000 -0.000000 0.000100 0.000000 -0.000000 0.000000 -0.000000 0.000100 0.000000 0.000000 0.000000 0.000000 1.000000
0.000100 0.000000 -0.000000 0.000000 -0.000000 0.000100 0.000000 -0.000000 0.000000 -0.000000 0.000100 0.000000 0.000000 0.000000 0.000000 1.000000
0.000100 0.000000 -0.000000 0.000000 -0.000000 0.000100 0.000000 -0.000000 0.000000 -0.000000 0.000100 0.000000 0.000000 0.000000 0.000000 1.000000
0.000100 0.000000 -0.000000 0.000000 -0.000000 0.000100 0.000000 -0.000000 0.000000 -0.000000 0.000100 0.000000 0.000000 0.000000 0.000000 1.000000
0.000100 0.000000 -0.000000 0.000000 -0.000000 0.000100 0.000000 -0.000000 0.000000 -0.000000 0.000100 0.000000 0.000000 0.000000 0.000000 1.000000
0.500051 0.000000 -0.000000 0.000000 -0.000000 0.500051 0.000000 -0.000000 0.000000 -0.000000 0.500051 0.000000 0.000000 0.000000 0.000000 1.000000
1.000000 0.000000 -0.000001 0.000000 -0.000000 1.000000 0.000000 -0.000000 0.000001 -0.000000 1.000000 0.000000 0.000000 0.000000 0.000000 1.000000
1.000000 0.000000 -0.000001 0.000000 -0.000000 1.000000 0.000000 -0.000000 0.000001 -0.000000 1.000000 0.000000 0.000000 0.000000 0.000000 1.000000
1.000000 0.000000 -0.000001 0.000000 -0.000000 1.000000 0.000000 -0.000000 0.000001 -0.000000 1.000000 0.000000 0.000000 0.000000 0.000000 1.000000
1.000000 0.000000 -0.000001 0.000000 -0.000000 1.000000 0.000000 -0.000000 0.000001 -0.000000 1.000000 0.000000 0.000000 0.000000 0.000000 1.000000
1.000000 0.000000 -0.000001 0.000000 -0.000000 1.000000 0.000000 -0.000000 0.000001 -0.000000 1.000000 0.000000 0.000000 0.000000 0.000000 1.000000
1.000000 0.000000 -0.000001 0.000000 -0.000000 1.000000 0.000000 -0.000000 0.000001 -0.000000 1.000000 0.000000 0.000000 0.000000 0.000000 1.000000
1.000000 0.000000 -0.000001 0.000000 -0.000000 1.000000 0.000000 -0.000000 0.000001 -0.000000 1.000000 0.000000 0.000000 0.000000 0.000000 1.000000
1.000000 0.000000 -0.000001 0.000000 -0.000000 1.000000 0.000000 -0.000000 0.000001 -0.000000 1.000000 0.000000 0.000000 0.000000 0.000000 1.000000
1.000000 0.000000 -0.000001 0.000000 -0.000000 1.000000 0.000000 -0.000000 0.000001 -0.000000 1.000000 0.000000 0.000000 0.000000 0.000000 1.000000
1.000000 0.000000 -0.000001 0.000000 -0.000000 1.000000 0.000000 -0.000000 0.000001 -0.000000 1.000000 0.000000 0.000000 0.000000 0.000000 1.000000
1.000000 0.000000 -0.000001 0.000000 -0.000000 1.000000 0.000000 -0.000000 0.000001 -0.000000 1.000000 0.000000 0.000000 0.000000 0.000000 1.000000
1.000000 0.000000 -0.000001 0.000000 -0.000000 1.000000 0.000000 -0.000000 0.000001 -0.000000 1.000000 0.000000 0.000000 0.000000 0.000000 1.000000
1.000000 0.000000 -0.000001 0.000000 -0.000000 1.000000 0.000000 -0.000000 0.000001 -0.000000 1.000000 0.000000 0.000000 0.000000 0.000000 1.000000
1.000000 0.000000 -0.000001 0.000000 -0.000000 1.000000 0.000000 -0.000000 0.000001 -0.000000 1.000000 0.000000 0.000000 0.000000 0.000000 1.000000
1.000000 0.000000 -0.000001 0.000000 -0.000000 1.000000 0.000000 -0.000000 0.000001 -0.000000 1.000000 0.000000 0.000000 0.000000 0.000000 1.000000
1.000000 0.000000 -0.000001 0.000000 -0.000000 1.000000 0.000000 -0.000000 0.000001 -0.000000 1.000000 0.000000 0.000000 0.000000 0.000000 1.000000
1.000000 0.000000 -0.000001 0.000000 -0.000000 1.000000 0.000000 -0.000000 0.000001 -0.000000 1.000000 0.000000 0.000000 0.000000 0.000000 1.000000
1.000000 0.000000 -0.000001 0.000000 -0.000000 1.000000 0.000000 -0.000000 0.000001 -0.000000 1.000000 0.000000 0.000000 0.000000 0.000000 1.000000
1.000000 0.000000 -0.000001 0.000000 -0.000000 1.000000 0.000000 -0.000000 0.000001 -0.000000 1.000000 0.000000 0.000000 0.000000 0.000000 1.000000
1.000000 0.000000 -0.000001 0.000000 -0.000000 1.000000 0.000000 -0.000000 0.000001 -0.000000 1.000000 0.000000 0.000000 0.000000 0.000000 1.000000
1.000000 0.000000 -0.000001 0.000000 -0.000000 1.000000 0.000000 -0.000000 0.000001 -0.000000 1.000000 0.000000 0.000000 0.000000 0.000000 1.000000
1.000000 0.000000 -0.000001 0.000000 -0.000000 1.000000 0.000000 -0.000000 0.000001 -0.000000 1.000000 0.000000 0.000000 0.000000 0.000000 1.000000
1.000000 0.000000 -0.000001 0.000000 -0.000000 1.000000 0.000000 -0.000000 0.000001 -0.000000 1.000000 0.000000 0.000000 0.000000 0.000000 1.000000
1.000000 0.000000 -0.000001 0.000000 -0.000000 1.000000 0.000000 -0.000000 0.000001 -0.000000 1.000000 0.000000 0.000000 0.000000 0.000000 1.000000
1.000000 0.000000 -0.000001 0.000000 -0.000000 1.000000 0.000000 -0.000000 0.000001 -0.000000 1.000000 0.000000 0.000000 0.000000 0.000000 1.000000
1.000000 0.000000 -0.000001 0.000000 -0.000000 1.000000 0.000000 -0.000000 0.000001 -0.000000 1.000000 0.000000 0.000000 0.000000 0.000000 1.000000
1.000000 0.000000 -0.000001 0.000000 -0.000000 1.000000 0.000000 -0.000000 0.000001 -0.000000 1.000000 0.000000 0.000000 0.000000 0.000000 1.000000
1.000000 0.000000 -0.000001 0.000000 -0.000000 1.000000 0.000000 -0.000000 0.000001 -0.000000 1.000000 0.000000 0.000000 0.000000 0.000000 1.000000
1.000000 0.000000 -0.000001 0.000000 -0.000000 1.000000 0.000000 -0.000000 0.000001 -0.000000 1.000000 0.000000 0.000000 0.000000 0.000000 1.000000
1.000000 0.000000 -0.000001 0.000000 -0.000000 1.000000 0.000000 -0.000000 0.000001 -0.000000 1.000000 0.000000 0.000000 0.000000 0.000000 1.000000
1.000000 0.000000 -0.000001 0.000000 -0.000000 1.000000 0.000000 -0.000000 0.000001 -0.000000 1.000000 0.000000 0.000000 0.000000 0.000000 1.000000
1.000000 0.000000 -0.000001 0.000000 -0.000000 1.000000 0.000000 -0.000000 0.000001 -0.000000 1.000000 0.000000 0.000000 0.000000 0.000000 1.000000
1.000000 0.000000 -0.000001 0.000000 -0.000000 1.000000 0.000000 -0.000000 0.000001 -0.000000 1.000000 0.000000 0.000000 0.000000 0.000000 1.000000
1.000000 0.000000 -0.000001 0.000000 -0.000000 1.000000 0.000000 -0.000000 0.000001 -0.000000 1.000000 0.000000 0.000000 0.000000 0.000000 1.000000
1.000000 0.000000 -0.000001 0.000000 -0.000000 1.000000 0.000000 -0.000000 0.000001 -0.000000 1.000000 0.000000 0.000000 0.000000 0.000000 1.000000
1.000000 0.000000 -0.000001 0.000000 -0.000000 1.000000 0.000000 -0.000000 0.000001 -0.000000 1.000000 0.000000 0.000000 0.000000 0.000000 1.000000
1.000000 0.000000 -0.000001 0.000000 -0.000000 1.000000 0.000000 -0.000000 0.000001 -0.000000 1.000000 0.000000 0.000000 0.000000 0.000000 1.000000
1.000000 0.000000 -0.000001 0.000000 -0.000000 1.000000 0.000000 -0.000000 0.000001 -0.000000 1.000000 0.000000 0.000000 0.000000 0.000000 1.000000
1.000000 0.000000 -0.000001 0.000000 -0.000000 1.000000 0.000000 -0.000000 0.000001 -0.000000 1.000000 0.000000 0.000000 0.000000 0.000000 1.000000
1.000000 0.000000 -0.000001 0.000000 -0.000000 1.000000 0.000000 -0.000000 0.000001 -0.000000 1.000000 0.000000 0.000000 0.000000 0.000000 1.000000
1.000000 0.000000 -0.000001 0.000000 -0.000000 1.000000 0.000000 -0.000000 0.000001 -0.000000 1.000000 0.000000 0.000000 0.000000 0.000000 1.000000
1.000000 0.000000 -0.000001 0.000000 -0.000000 1.000000 0.000000 -0.000000 0.000001 -0.000000 1.000000 0.000000 0.000000 0.000000 0.000000 1.000000
1.000000 0.000000 -0.000001 0.000000 -0.000000 1.000000 0.000000 -0.000000 0.000001 -0.000000 1.000000 0.000000 0.000000 0.000000 0.000000 1.000000
1.000000 0.000000 -0.000001 0.000000 -0.000000 1.000000 0.000000 -0.000000 0.000001 -0.000000 1.000000 0.000000 0.000000 0.000000 0.000000 1.000000
1.000000 0.000000 -0.000001 0.000000 -0.000000 1.000000 0.000000 -0.000000 0.000001 -0.000000 1.000000 0.000000 0.000000 0.000000 0.000000 1.000000
1.000000 0.000000 -0.000001 0.000000 -0.000000 1.000000 0.000000 -0.000000 0.000001 -0.000000 1.000000 0.000000 0.000000 0.000000 0.000000 1.000000
1.000000 0.000000 -0.000001 0.000000 -0.000000 1.000000 0.000000 -0.000000 0.000001 -0.000000 1.000000 0.000000 0.000000 0.000000 0.000000 1.000000
1.000000 0.000000 -0.000001 0.000000 -0.000000 1.000000 0.000000 -0.000000 0.000001 -0.000000 1.000000 0.000000 0.000000 0.000000 0.000000 1.000000
1.000000 0.000000 -0.000001 0.000000 -0.000000 1.000000 0.000000 -0.000000 0.000001 -0.000000 1.000000 0.000000 0.000000 0.000000 0.000000 1.000000
1.000000 0.000000 -0.000001 0.000000 -0.000000 1.000000 0.000000 -0.000000 0.000001 -0.000000 1.000000 0.000000 0.000000 0.000000 0.000000 1.000000
1.000000 0.000000 -0.000001 0.000000 -0.000000 1.000000 0.000000 -0.000000 0.000001 -0.000000 1.000000 0.000000 0.000000 0.000000 0.000000 1.000000
1.000000 0.000000 -0.000001 0.000000 -0.000000 1.000000 0.000000 -0.000000 0.000001 -0.000000 1.000000 0.000000 0.000000 0.000000 0.000000 1.000000
1.000000 0.000000 -0.000001 0.000000 -0.000000 1.000000 0.000000 -0.000000 0.000001 -0.000000 1.000000 0.000000 0.000000 0.000000 0.000000 1.000000
1.000000 0.000000 -0.000001 0.000000 -0.000000 1.000000 0.000000 -0.000000 0.000001 -0.000000 1.000000 0.000000 0.000000 0.000000 0.000000 1.000000
1.000000 0.000000 -0.000001 0.000000 -0.000000 1.000000 0.000000 -0.000000 0.000001 -0.000000 1.000000 0.000000 0.000000 0.000000 0.000000 1.000000
1.000000 0.000000 -0.000001 0.000000 -0.000000 1.000000 0.000000 -0.000000 0.000001 -0.000000 1.000000 0.000000 0.000000 0.000000 0.000000 1.000000
1.000000 0.000000 -0.000001 0.000000 -0.000000 1.000000 0.000000 -0.000000 0.000001 -0.000000 1.000000 0.000000 0.000000 0.000000 0.000000 1.000000
1.000000 0.000000 -0.000001 0.000000 -0.000000 1.000000 0.000000 -0.000000 0.000001 -0.000000 1.000000 0.000000 0.000000 0.000000 0.000000 1.000000
1.000000 0.000000 -0.000001 0.000000 -0.000000 1.000000 0.000000 -0.000000 0.000001 -0.000000 1.000000 0.000000 0.000000 0.000000 0.000000 1.000000
1.000000 0.000000 -0.000001 0.000000 -0.000000 1.000000 0.000000 -0.000000 0.000001 -0.000000 1.000000 0.000000 0.000000 0.000000 0.000000 1.000000
1.000000 0.000000 -0.000001 0.000000 -0.000000 1.000000 0.000000 -0.000000 0.000001 -0.000000 1.000000 0.000000 0.000000 0.000000 0.000000 1.000000
1.000000 0.000000 -0.000001 0.000000 -0.000000 1.000000 0.000000 -0.000000 0.000001 -0.000000 1.000000 0.000000 0.000000 0.000000 0.000000 1.000000
1.000000 0.000000 -0.000001 0.000000 -0.000000 1.000000 0.000000 -0.000000 0.000001 -0.000000 1.000000 0.000000 0.000000 0.000000 0.000000 1.000000
1.000000 0.000000 -0.000001 0.000000 -0.000000 1.000000 0.000000 -0.000000 0.000001 -0.000000 1.000000 0.000000 0.000000 0.000000 0.000000 1.000000
1.000000 0.000000 -0.000001 0.000000 -0.000000 1.000000 0.000000 -0.000000 0.000001 -0.000000 1.000000 0.000000 0.000000 0.000000 0.000000 1.000000
1.000000 0.000000 -0.000001 0.000000 -0.000000 1.000000 0.000000 -0.000000 0.000001 -0.000000 1.000000 0.000000 0.000000 0.000000 0.000000 1.000000
1.000000 0.000000 -0.000001 0.000000 -0.000000 1.000000 0.000000 -0.000000 0.000001 -0.000000 1.000000 0.000000 0.000000 0.000000 0.000000 1.000000
1.000000 0.000000 -0.000001 0.000000 -0.000000 1.000000 0.000000 -0.000000 0.000001 -0.000000 1.000000 0.000000 0.000000 0.000000 0.000000 1.000000
1.000000 0.000000 -0.000001 0.000000 -0.000000 1.000000 0.000000 -0.000000 0.000001 -0.000000 1.000000 0.000000 0.000000 0.000000 0.000000 1.000000
1.000000 0.000000 -0.000001 0.000000 -0.000000 1.000000 0.000000 -0.000000 0.000001 -0.000000 1.000000 0.000000 0.000000 0.000000 0.000000 1.000000
1.000000 0.000000 -0.000001 0.000000 -0.000000 1.000000 0.000000 -0.000000 0.000001 -0.000000 1.000000 0.000000 0.000000 0.000000 0.000000 1.000000
1.000000 0.000000 -0.000001 0.000000 -0.000000 1.000000 0.000000 -0.000000 0.000001 -0.000000 1.000000 0.000000 0.000000 0.000000 0.000000 1.000000
1.000000 0.000000 -0.000001 0.000000 -0.000000 1.000000 0.000000 -0.000000 0.000001 -0.000000 1.000000 0.000000 0.000000 0.000000 0.000000 1.000000
1.000000 0.000000 -0.000001 0.000000 -0.000000 1.000000 0.000000 -0.000000 0.000001 -0.000000 1.000000 0.000000 0.000000 0.000000 0.000000 1.000000
1.000000 0.000000 -0.000001 0.000000 -0.000000 1.000000 0.000000 -0.000000 0.000001 -0.000000 1.000000 0.000000 0.000000 0.000000 0.000000 1.000000
1.000000 0.000000 -0.000001 0.000000 -0.000000 1.000000 0.000000 -0.000000 0.000001 -0.000000 1.000000 0.000000 0.000000 0.000000 0.000000 1.000000
1.000000 0.000000 -0.000001 0.000000 -0.000000 1.000000 0.000000 -0.000000 0.000001 -0.000000 1.000000 0.000000 0.000000 0.000000 0.000000 1.000000
1.000000 0.000000 -0.000001 0.000000 -0.000000 1.000000 0.000000 -0.000000 0.000001 -0.000000 1.000000 0.000000 0.000000 0.000000 0.000000 1.000000
1.000000 0.000000 -0.000001 0.000000 -0.000000 1.000000 0.000000 -0.000000 0.000001 -0.000000 1.000000 0.000000 0.000000 0.000000 0.000000 1.000000
1.000000 0.000000 -0.000001 0.000000 -0.000000 1.000000 0.000000 -0.000000 0.000001 -0.000000 1.000000 0.000000 0.000000 0.000000 0.000000 1.000000
1.000000 0.000000 -0.000001 0.000000 -0.000000 1.000000 0.000000 -0.000000 0.000001 -0.000000 1.000000 0.000000 0.000000 0.000000 0.000000 1.000000
1.000000 0.000000 -0.000001 0.000000 -0.000000 1.000000 0.000000 -0.000000 0.000001 -0.000000 1.000000 0.000000 0.000000 0.000000 0.000000 1.000000
1.000000 0.000000 -0.000001 0.000000 -0.000000 1.000000 0.000000 -0.000000 0.000001 -0.000000 1.000000 0.000000 0.000000 0.000000 0.000000 1.000000
1.000000 0.000000 -0.000001 0.000000 -0.000000 1.000000 0.000000 -0.000000 0.000001 -0.000000 1.000000 0.000000 0.000000 0.000000 0.000000 1.000000
1.000000 0.000000 -0.000001 0.000000 -0.000000 1.000000 0.000000 -0.000000 0.000001 -0.000000 1.000000 0.000000 0.000000 0.000000 0.000000 1.000000
1.000000 0.000000 -0.000001 0.000000 -0.000000 1.000000 0.000000 -0.000000 0.000001 -0.000000 1.000000 0.000000 0.000000 0.000000 0.000000 1.000000
1.000000 0.000000 -0.000001 0.000000 -0.000000 1.000000 0.000000 -0.000000 0.000001 -0.000000 1.000000 0.000000 0.000000 0.000000 0.000000 1.000000
1.000000 0.000000 -0.000001 0.000000 -0.000000 1.000000 0.000000 -0.000000 0.000001 -0.000000 1.000000 0.000000 0.000000 0.000000 0.000000 1.000000
1.000000 0.000000 -0.000001 0.000000 -0.000000 1.000000 0.000000 -0.000000 0.000001 -0.000000 1.000000 0.000000 0.000000 0.000000 0.000000 1.000000
1.000000 0.000000 -0.000001 0.000000 -0.000000 1.000000 0.000000 -0.000000 0.000001 -0.000000 1.000000 0.000000 0.000000 0.000000 0.000000 1.000000
1.000000 0.000000 -0.000001 0.000000 -0.000000 1.000000 0.000000 -0.000000 0.000001 -0.000000 1.000000 0.000000 0.000000 0.000000 0.000000 1.000000
1.000000 0.000000 -0.000001 0.000000 -0.000000 1.000000 0.000000 -0.000000 0.000001 -0.000000 1.000000 0.000000 0.000000 0.000000 0.000000 1.000000
1.000000 0.000000 -0.000001 0.000000 -0.000000 1.000000 0.000000 -0.000000 0.000001 -0.000000 1.000000 0.000000 0.000000 0.000000 0.000000 1.000000
1.000000 0.000000 -0.000001 0.000000 -0.000000 1.000000 0.000000 -0.000000 0.000001 -0.000000 1.000000 0.000000 0.000000 0.000000 0.000000 1.000000
1.000000 0.000000 -0.000001 0.000000 -0.000000 1.000000 0.000000 -0.000000 0.000001 -0.000000 1.000000 0.000000 0.000000 0.000000 0.000000 1.000000
1.000000 0.000000 -0.000001 0.000000 -0.000000 1.000000 0.000000 -0.000000 0.000001 -0.000000 1.000000 0.000000 0.000000 0.000000 0.000000 1.000000
1.000000 0.000000 -0.000001 0.000000 -0.000000 1.000000 0.000000 -0.000000 0.000001 -0.000000 1.000000 0.000000 0.000000 0.000000 0.000000 1.000000
1.000000 0.000000 -0.000001 0.000000 -0.000000 1.000000 0.000000 -0.000000 0.000001 -0.000000 1.000000 0.000000 0.000000 0.000000 0.000000 1.000000
1.000000 0.000000 -0.000001 0.000000 -0.000000 1.000000 0.000000 -0.000000 0.000001 -0.000000 1.000000 0.000000 0.000000 0.000000 0.000000 1.000000
