<?xml version="1.0" encoding="utf-8"?>
<COLLADA xmlns="http://www.collada.org/2005/11/COLLADASchema" version="1.4.1">
    <asset>
        <contributor>
            <author></author>
            <authoring_tool>FBX COLLADA exporter</authoring_tool>
            <comments></comments>
        </contributor>
        <created>2022-07-15T20:15:28Z</created>
        <keywords></keywords>
        <modified>2022-07-15T20:15:28Z</modified>
        <revision></revision>
        <subject></subject>
        <title></title>
        <unit meter="0.010000" name="centimeter"></unit>
        <up_axis>Y_UP</up_axis>
    </asset>
    <library_animations>
        <animation id="Character-anim" name="Character">
            <animation>
                <source id="Character-Matrix-animation-input">
                    <float_array id="Character-Matrix-animation-input-array" count="30">

0.000000 0.033333 0.066667 0.100000 0.133333 0.166667 0.200000 0.233333 0.266667 0.300000 0.333333 0.366667 0.400000 0.433333 0.466667 0.500000
0.533333 0.566667 0.600000 0.633333 0.666667 0.700000 0.733333 0.766667 0.800000 0.833333 0.866667 0.900000 0.933333 0.966667</float_array>
                    <technique_common>
                        <accessor source="#Character-Matrix-animation-input-array" count="30">
                            <param name="TIME" type="float"/>
                        </accessor>
                    </technique_common>
                </source>
                <source id="Character-Matrix-animation-output-transform">
                    <float_array id="Character-Matrix-animation-output-transform-array" count="480">

1.000000 0.000000 0.000000 0.000000 0.000000 1.000000 -0.000000 0.000000 0.000000 0.000000 1.000000 0.000000 0.000000 0.000000 0.000000 1.000000
1.000000 0.000000 0.000000 0.000000 0.000000 1.000000 -0.000000 0.000000 0.000000 0.000000 1.000000 0.000000 0.000000 0.000000 0.000000 1.000000
1.000000 0.000000 0.000000 0.000000 0.000000 1.000000 -0.000000 0.000000 0.000000 0.000000 1.000000 0.000000 0.000000 0.000000 0.000000 1.000000
1.000000 0.000000 0.000000 0.000000 0.000000 1.000000 -0.000000 0.000000 0.000000 0.000000 1.000000 0.000000 0.000000 0.000000 0.000000 1.000000
1.000000 0.000000 0.000000 0.000000 0.000000 1.000000 -0.000000 0.000000 0.000000 0.000000 1.000000 0.000000 0.000000 0.000000 0.000000 1.000000
1.000000 0.000000 0.000000 0.000000 0.000000 1.000000 -0.000000 0.000000 0.000000 0.000000 1.000000 0.000000 0.000000 0.000000 0.000000 1.000000
1.000000 0.000000 0.000000 0.000000 0.000000 1.000000 -0.000000 0.000000 0.000000 0.000000 1.000000 0.000000 0.000000 0.000000 0.000000 1.000000
1.000000 0.000000 0.000000 0.000000 0.000000 1.000000 -0.000000 0.000000 0.000000 0.000000 1.000000 0.000000 0.000000 0.000000 0.000000 1.000000
1.000000 0.000000 0.000000 0.000000 0.000000 1.000000 -0.000000 0.000000 0.000000 0.000000 1.000000 0.000000 0.000000 0.000000 0.000000 1.000000
1.000000 0.000000 0.000000 0.000000 0.000000 1.000000 -0.000000 0.000000 0.000000 0.000000 1.000000 0.000000 0.000000 0.000000 0.000000 1.000000
1.000000 0.000000 0.000000 0.000000 0.000000 1.000000 -0.000000 0.000000 0.000000 0.000000 1.000000 0.000000 0.000000 0.000000 0.000000 1.000000
1.000000 0.000000 0.000000 0.000000 0.000000 1.000000 -0.000000 0.000000 0.000000 0.000000 1.000000 0.000000 0.000000 0.000000 0.000000 1.000000
1.000000 0.000000 0.000000 0.000000 0.000000 1.000000 -0.000000 0.000000 0.000000 0.000000 1.000000 0.000000 0.000000 0.000000 0.000000 1.000000
1.000000 0.000000 0.000000 0.000000 0.000000 1.000000 -0.000000 0.000000 0.000000 0.000000 1.000000 0.000000 0.000000 0.000000 0.000000 1.000000
1.000000 0.000000 0.000000 0.000000 0.000000 1.000000 -0.000000 0.000000 0.000000 0.000000 1.000000 0.000000 0.000000 0.000000 0.000000 1.000000
1.000000 0.000000 0.000000 0.000000 0.000000 1.000000 -0.000000 0.000000 0.000000 0.000000 1.000000 0.000000 0.000000 0.000000 0.000000 1.000000
1.000000 0.000000 0.000000 0.000000 0.000000 1.000000 -0.000000 0.000000 0.000000 0.000000 1.000000 0.000000 0.000000 0.000000 0.000000 1.000000
1.000000 0.000000 0.000000 0.000000 0.000000 1.000000 -0.000000 0.000000 0.000000 0.000000 1.000000 0.000000 0.000000 0.000000 0.000000 1.000000
1.000000 0.000000 0.000000 0.000000 0.000000 1.000000 -0.000000 0.000000 0.000000 0.000000 1.000000 0.000000 0.000000 0.000000 0.000000 1.000000
1.000000 0.000000 0.000000 0.000000 0.000000 1.000000 -0.000000 0.000000 0.000000 0.000000 1.000000 0.000000 0.000000 0.000000 0.000000 1.000000
1.000000 0.000000 0.000000 0.000000 0.000000 1.000000 -0.000000 0.000000 0.000000 0.000000 1.000000 0.000000 0.000000 0.000000 0.000000 1.000000
1.000000 0.000000 0.000000 0.000000 0.000000 1.000000 -0.000000 0.000000 0.000000 0.000000 1.000000 0.000000 0.000000 0.000000 0.000000 1.000000
1.000000 0.000000 0.000000 0.000000 0.000000 1.000000 -0.000000 0.000000 0.000000 0.000000 1.000000 0.000000 0.000000 0.000000 0.000000 1.000000
1.000000 0.000000 0.000000 0.000000 0.000000 1.000000 -0.000000 0.000000 0.000000 0.000000 1.000000 0.000000 0.000000 0.000000 0.000000 1.000000
1.000000 0.000000 0.000000 0.000000 0.000000 1.000000 -0.000000 0.000000 0.000000 0.000000 1.000000 0.000000 0.000000 0.000000 0.000000 1.000000
1.000000 0.000000 0.000000 0.000000 0.000000 1.000000 -0.000000 0.000000 0.000000 0.000000 1.000000 0.000000 0.000000 0.000000 0.000000 1.000000
1.000000 0.000000 0.000000 0.000000 0.000000 1.000000 -0.000000 0.000000 0.000000 0.000000 1.000000 0.000000 0.000000 0.000000 0.000000 1.000000
1.000000 0.000000 0.000000 0.000000 0.000000 1.000000 -0.000000 0.000000 0.000000 0.000000 1.000000 0.000000 0.000000 0.000000 0.000000 1.000000
1.000000 0.000000 0.000000 0.000000 0.000000 1.000000 -0.000000 0.000000 0.000000 0.000000 1.000000 0.000000 0.000000 0.000000 0.000000 1.000000
1.000000 0.000000 0.000000 0.000000 0.000000 1.000000 -0.000000 0.000000 0.000000 0.000000 1.000000 0.000000 0.000000 0.000000 0.000000 1.000000</float_array>
                    <technique_common>
                        <accessor source="#Character-Matrix-animation-output-transform-array" count="30" stride="16">
                            <param type="float4x4"/>
                        </accessor>
                    </technique_common>
                </source>
                <source id="Character-Interpolations">
                    <Name_array id="Character-Interpolations-array" count="30">
 LINEAR LINEAR LINEAR LINEAR LINEAR LINEAR LINEAR LINEAR LINEAR LINEAR LINEAR
LINEAR LINEAR LINEAR LINEAR LINEAR LINEAR LINEAR LINEAR LINEAR LINEAR LINEAR LINEAR
LINEAR LINEAR LINEAR LINEAR LINEAR LINEAR LINEAR</Name_array>
                    <technique_common>
                        <accessor source="#Character-Interpolations-array" count="30">
                            <param type="name"/>
                        </accessor>
                    </technique_common>
                </source>
                <sampler id="Character-Matrix-animation-transform">
                    <input semantic="INPUT" source="#Character-Matrix-animation-input"/>
                    <input semantic="OUTPUT" source="#Character-Matrix-animation-output-transform"/>
                    <input semantic="INTERPOLATION" source="#Character-Interpolations"/>
                </sampler>
                <channel source="#Character-Matrix-animation-transform" target="Character/matrix"/>
            </animation>
        </animation>
        <animation id="HIK_root_jnt-anim" name="HIK_root_jnt">
            <animation>
                <source id="HIK_root_jnt-Matrix-animation-input">
                    <float_array id="HIK_root_jnt-Matrix-animation-input-array" count="30">

0.000000 0.033333 0.066667 0.100000 0.133333 0.166667 0.200000 0.233333 0.266667 0.300000 0.333333 0.366667 0.400000 0.433333 0.466667 0.500000
0.533333 0.566667 0.600000 0.633333 0.666667 0.700000 0.733333 0.766667 0.800000 0.833333 0.866667 0.900000 0.933333 0.966667</float_array>
                    <technique_common>
                        <accessor source="#HIK_root_jnt-Matrix-animation-input-array" count="30">
                            <param name="TIME" type="float"/>
                        </accessor>
                    </technique_common>
                </source>
                <source id="HIK_root_jnt-Matrix-animation-output-transform">
                    <float_array id="HIK_root_jnt-Matrix-animation-output-transform-array" count="480">

1.000000 0.000000 0.000000 0.000000 0.000000 1.000000 -0.000000 0.000000 0.000000 0.000000 1.000000 0.000000 0.000000 0.000000 0.000000 1.000000
1.000000 0.000000 0.000000 0.000000 0.000000 1.000000 -0.000000 0.000000 0.000000 0.000000 1.000000 0.000000 0.000000 0.000000 0.000000 1.000000
1.000000 0.000000 0.000000 0.000000 0.000000 1.000000 -0.000000 0.000000 0.000000 0.000000 1.000000 0.000000 0.000000 0.000000 0.000000 1.000000
1.000000 0.000000 0.000000 0.000000 0.000000 1.000000 -0.000000 0.000000 0.000000 0.000000 1.000000 0.000000 0.000000 0.000000 0.000000 1.000000
1.000000 0.000000 0.000000 0.000000 0.000000 1.000000 -0.000000 0.000000 0.000000 0.000000 1.000000 0.000000 0.000000 0.000000 0.000000 1.000000
1.000000 0.000000 0.000000 0.000000 0.000000 1.000000 -0.000000 0.000000 0.000000 0.000000 1.000000 0.000000 0.000000 0.000000 0.000000 1.000000
1.000000 0.000000 0.000000 0.000000 0.000000 1.000000 -0.000000 0.000000 0.000000 0.000000 1.000000 0.000000 0.000000 0.000000 0.000000 1.000000
1.000000 0.000000 0.000000 0.000000 0.000000 1.000000 -0.000000 0.000000 0.000000 0.000000 1.000000 0.000000 0.000000 0.000000 0.000000 1.000000
1.000000 0.000000 0.000000 0.000000 0.000000 1.000000 -0.000000 0.000000 0.000000 0.000000 1.000000 0.000000 0.000000 0.000000 0.000000 1.000000
1.000000 0.000000 0.000000 0.000000 0.000000 1.000000 -0.000000 0.000000 0.000000 0.000000 1.000000 0.000000 0.000000 0.000000 0.000000 1.000000
1.000000 0.000000 0.000000 0.000000 0.000000 1.000000 -0.000000 0.000000 0.000000 0.000000 1.000000 0.000000 0.000000 0.000000 0.000000 1.000000
1.000000 0.000000 0.000000 0.000000 0.000000 1.000000 -0.000000 0.000000 0.000000 0.000000 1.000000 0.000000 0.000000 0.000000 0.000000 1.000000
1.000000 0.000000 0.000000 0.000000 0.000000 1.000000 -0.000000 0.000000 0.000000 0.000000 1.000000 0.000000 0.000000 0.000000 0.000000 1.000000
1.000000 0.000000 0.000000 0.000000 0.000000 1.000000 -0.000000 0.000000 0.000000 0.000000 1.000000 0.000000 0.000000 0.000000 0.000000 1.000000
1.000000 0.000000 0.000000 0.000000 0.000000 1.000000 -0.000000 0.000000 0.000000 0.000000 1.000000 0.000000 0.000000 0.000000 0.000000 1.000000
1.000000 0.000000 0.000000 0.000000 0.000000 1.000000 -0.000000 0.000000 0.000000 0.000000 1.000000 0.000000 0.000000 0.000000 0.000000 1.000000
1.000000 0.000000 0.000000 0.000000 0.000000 1.000000 -0.000000 0.000000 0.000000 0.000000 1.000000 0.000000 0.000000 0.000000 0.000000 1.000000
1.000000 0.000000 0.000000 0.000000 0.000000 1.000000 -0.000000 0.000000 0.000000 0.000000 1.000000 0.000000 0.000000 0.000000 0.000000 1.000000
1.000000 0.000000 0.000000 0.000000 0.000000 1.000000 -0.000000 0.000000 0.000000 0.000000 1.000000 0.000000 0.000000 0.000000 0.000000 1.000000
1.000000 0.000000 0.000000 0.000000 0.000000 1.000000 -0.000000 0.000000 0.000000 0.000000 1.000000 0.000000 0.000000 0.000000 0.000000 1.000000
1.000000 0.000000 0.000000 0.000000 0.000000 1.000000 -0.000000 0.000000 0.000000 0.000000 1.000000 0.000000 0.000000 0.000000 0.000000 1.000000
1.000000 0.000000 0.000000 0.000000 0.000000 1.000000 -0.000000 0.000000 0.000000 0.000000 1.000000 0.000000 0.000000 0.000000 0.000000 1.000000
1.000000 0.000000 0.000000 0.000000 0.000000 1.000000 -0.000000 0.000000 0.000000 0.000000 1.000000 0.000000 0.000000 0.000000 0.000000 1.000000
1.000000 0.000000 0.000000 0.000000 0.000000 1.000000 -0.000000 0.000000 0.000000 0.000000 1.000000 0.000000 0.000000 0.000000 0.000000 1.000000
1.000000 0.000000 0.000000 0.000000 0.000000 1.000000 -0.000000 0.000000 0.000000 0.000000 1.000000 0.000000 0.000000 0.000000 0.000000 1.000000
1.000000 0.000000 0.000000 0.000000 0.000000 1.000000 -0.000000 0.000000 0.000000 0.000000 1.000000 0.000000 0.000000 0.000000 0.000000 1.000000
1.000000 0.000000 0.000000 0.000000 0.000000 1.000000 -0.000000 0.000000 0.000000 0.000000 1.000000 0.000000 0.000000 0.000000 0.000000 1.000000
1.000000 0.000000 0.000000 0.000000 0.000000 1.000000 -0.000000 0.000000 0.000000 0.000000 1.000000 0.000000 0.000000 0.000000 0.000000 1.000000
1.000000 0.000000 0.000000 0.000000 0.000000 1.000000 -0.000000 0.000000 0.000000 0.000000 1.000000 0.000000 0.000000 0.000000 0.000000 1.000000
1.000000 0.000000 0.000000 0.000000 0.000000 1.000000 -0.000000 0.000000 0.000000 0.000000 1.000000 0.000000 0.000000 0.000000 0.000000 1.000000</float_array>
                    <technique_common>
                        <accessor source="#HIK_root_jnt-Matrix-animation-output-transform-array" count="30" stride="16">
                            <param type="float4x4"/>
                        </accessor>
                    </technique_common>
                </source>
                <source id="HIK_root_jnt-Interpolations">
                    <Name_array id="HIK_root_jnt-Interpolations-array" count="30">
 LINEAR LINEAR LINEAR LINEAR LINEAR LINEAR LINEAR LINEAR LINEAR LINEAR LINEAR
LINEAR LINEAR LINEAR LINEAR LINEAR LINEAR LINEAR LINEAR LINEAR LINEAR LINEAR LINEAR
LINEAR LINEAR LINEAR LINEAR LINEAR LINEAR LINEAR</Name_array>
                    <technique_common>
                        <accessor source="#HIK_root_jnt-Interpolations-array" count="30">
                            <param type="name"/>
                        </accessor>
                    </technique_common>
                </source>
                <sampler id="HIK_root_jnt-Matrix-animation-transform">
                    <input semantic="INPUT" source="#HIK_root_jnt-Matrix-animation-input"/>
                    <input semantic="OUTPUT" source="#HIK_root_jnt-Matrix-animation-output-transform"/>
                    <input semantic="INTERPOLATION" source="#HIK_root_jnt-Interpolations"/>
                </sampler>
                <channel source="#HIK_root_jnt-Matrix-animation-transform" target="HIK_root_jnt/matrix"/>
            </animation>
        </animation>
        <animation id="root_jnt-anim" name="root_jnt">
            <animation>
                <source id="root_jnt-Matrix-animation-input">
                    <float_array id="root_jnt-Matrix-animation-input-array" count="30">

0.000000 0.033333 0.066667 0.100000 0.133333 0.166667 0.200000 0.233333 0.266667 0.300000 0.333333 0.366667 0.400000 0.433333 0.466667 0.500000
0.533333 0.566667 0.600000 0.633333 0.666667 0.700000 0.733333 0.766667 0.800000 0.833333 0.866667 0.900000 0.933333 0.966667</float_array>
                    <technique_common>
                        <accessor source="#root_jnt-Matrix-animation-input-array" count="30">
                            <param name="TIME" type="float"/>
                        </accessor>
                    </technique_common>
                </source>
                <source id="root_jnt-Matrix-animation-output-transform">
                    <float_array id="root_jnt-Matrix-animation-output-transform-array" count="480">

1.000000 0.000000 0.000000 0.000000 0.000000 1.000000 -0.000000 0.000000 0.000000 0.000000 1.000000 0.000000 0.000000 0.000000 0.000000 1.000000
1.000000 0.000000 0.000000 0.000000 0.000000 1.000000 -0.000000 0.000000 0.000000 0.000000 1.000000 0.000000 0.000000 0.000000 0.000000 1.000000
1.000000 0.000000 0.000000 0.000000 0.000000 1.000000 -0.000000 0.000000 0.000000 0.000000 1.000000 0.000000 0.000000 0.000000 0.000000 1.000000
1.000000 0.000000 0.000000 0.000000 0.000000 1.000000 -0.000000 0.000000 0.000000 0.000000 1.000000 0.000000 0.000000 0.000000 0.000000 1.000000
1.000000 0.000000 0.000000 0.000000 0.000000 1.000000 -0.000000 0.000000 0.000000 0.000000 1.000000 0.000000 0.000000 0.000000 0.000000 1.000000
1.000000 0.000000 0.000000 0.000000 0.000000 1.000000 -0.000000 0.000000 0.000000 0.000000 1.000000 0.000000 0.000000 0.000000 0.000000 1.000000
1.000000 0.000000 0.000000 0.000000 0.000000 1.000000 -0.000000 0.000000 0.000000 0.000000 1.000000 0.000000 0.000000 0.000000 0.000000 1.000000
1.000000 0.000000 0.000000 0.000000 0.000000 1.000000 -0.000000 0.000000 0.000000 0.000000 1.000000 0.000000 0.000000 0.000000 0.000000 1.000000
1.000000 0.000000 0.000000 0.000000 0.000000 1.000000 -0.000000 0.000000 0.000000 0.000000 1.000000 0.000000 0.000000 0.000000 0.000000 1.000000
1.000000 0.000000 0.000000 0.000000 0.000000 1.000000 -0.000000 0.000000 0.000000 0.000000 1.000000 0.000000 0.000000 0.000000 0.000000 1.000000
1.000000 0.000000 0.000000 0.000000 0.000000 1.000000 -0.000000 0.000000 0.000000 0.000000 1.000000 0.000000 0.000000 0.000000 0.000000 1.000000
1.000000 0.000000 0.000000 0.000000 0.000000 1.000000 -0.000000 0.000000 0.000000 0.000000 1.000000 0.000000 0.000000 0.000000 0.000000 1.000000
1.000000 0.000000 0.000000 0.000000 0.000000 1.000000 -0.000000 0.000000 0.000000 0.000000 1.000000 0.000000 0.000000 0.000000 0.000000 1.000000
1.000000 0.000000 0.000000 0.000000 0.000000 1.000000 -0.000000 0.000000 0.000000 0.000000 1.000000 0.000000 0.000000 0.000000 0.000000 1.000000
1.000000 0.000000 0.000000 0.000000 0.000000 1.000000 -0.000000 0.000000 0.000000 0.000000 1.000000 0.000000 0.000000 0.000000 0.000000 1.000000
1.000000 0.000000 0.000000 0.000000 0.000000 1.000000 -0.000000 0.000000 0.000000 0.000000 1.000000 0.000000 0.000000 0.000000 0.000000 1.000000
1.000000 0.000000 0.000000 0.000000 0.000000 1.000000 -0.000000 0.000000 0.000000 0.000000 1.000000 0.000000 0.000000 0.000000 0.000000 1.000000
1.000000 0.000000 0.000000 0.000000 0.000000 1.000000 -0.000000 0.000000 0.000000 0.000000 1.000000 0.000000 0.000000 0.000000 0.000000 1.000000
1.000000 0.000000 0.000000 0.000000 0.000000 1.000000 -0.000000 0.000000 0.000000 0.000000 1.000000 0.000000 0.000000 0.000000 0.000000 1.000000
1.000000 0.000000 0.000000 0.000000 0.000000 1.000000 -0.000000 0.000000 0.000000 0.000000 1.000000 0.000000 0.000000 0.000000 0.000000 1.000000
1.000000 0.000000 0.000000 0.000000 0.000000 1.000000 -0.000000 0.000000 0.000000 0.000000 1.000000 0.000000 0.000000 0.000000 0.000000 1.000000
1.000000 0.000000 0.000000 0.000000 0.000000 1.000000 -0.000000 0.000000 0.000000 0.000000 1.000000 0.000000 0.000000 0.000000 0.000000 1.000000
1.000000 0.000000 0.000000 0.000000 0.000000 1.000000 -0.000000 0.000000 0.000000 0.000000 1.000000 0.000000 0.000000 0.000000 0.000000 1.000000
1.000000 0.000000 0.000000 0.000000 0.000000 1.000000 -0.000000 0.000000 0.000000 0.000000 1.000000 0.000000 0.000000 0.000000 0.000000 1.000000
1.000000 0.000000 0.000000 0.000000 0.000000 1.000000 -0.000000 0.000000 0.000000 0.000000 1.000000 0.000000 0.000000 0.000000 0.000000 1.000000
1.000000 0.000000 0.000000 0.000000 0.000000 1.000000 -0.000000 0.000000 0.000000 0.000000 1.000000 0.000000 0.000000 0.000000 0.000000 1.000000
1.000000 0.000000 0.000000 0.000000 0.000000 1.000000 -0.000000 0.000000 0.000000 0.000000 1.000000 0.000000 0.000000 0.000000 0.000000 1.000000
1.000000 0.000000 0.000000 0.000000 0.000000 1.000000 -0.000000 0.000000 0.000000 0.000000 1.000000 0.000000 0.000000 0.000000 0.000000 1.000000
1.000000 0.000000 0.000000 0.000000 0.000000 1.000000 -0.000000 0.000000 0.000000 0.000000 1.000000 0.000000 0.000000 0.000000 0.000000 1.000000
1.000000 0.000000 0.000000 0.000000 0.000000 1.000000 -0.000000 0.000000 0.000000 0.000000 1.000000 0.000000 0.000000 0.000000 0.000000 1.000000</float_array>
                    <technique_common>
                        <accessor source="#root_jnt-Matrix-animation-output-transform-array" count="30" stride="16">
                            <param type="float4x4"/>
                        </accessor>
                    </technique_common>
                </source>
                <source id="root_jnt-Interpolations">
                    <Name_array id="root_jnt-Interpolations-array" count="30">
 LINEAR LINEAR LINEAR LINEAR LINEAR LINEAR LINEAR LINEAR LINEAR LINEAR LINEAR
LINEAR LINEAR LINEAR LINEAR LINEAR LINEAR LINEAR LINEAR LINEAR LINEAR LINEAR LINEAR
LINEAR LINEAR LINEAR LINEAR LINEAR LINEAR LINEAR</Name_array>
                    <technique_common>
                        <accessor source="#root_jnt-Interpolations-array" count="30">
                            <param type="name"/>
                        </accessor>
                    </technique_common>
                </source>
                <sampler id="root_jnt-Matrix-animation-transform">
                    <input semantic="INPUT" source="#root_jnt-Matrix-animation-input"/>
                    <input semantic="OUTPUT" source="#root_jnt-Matrix-animation-output-transform"/>
                    <input semantic="INTERPOLATION" source="#root_jnt-Interpolations"/>
                </sampler>
                <channel source="#root_jnt-Matrix-animation-transform" target="root_jnt/matrix"/>
            </animation>
        </animation>
        <animation id="jnt_hips-anim" name="jnt_hips">
            <animation>
                <source id="jnt_hips-Matrix-animation-input">
                    <float_array id="jnt_hips-Matrix-animation-input-array" count="30">

0.000000 0.033333 0.066667 0.100000 0.133333 0.166667 0.200000 0.233333 0.266667 0.300000 0.333333 0.366667 0.400000 0.433333 0.466667 0.500000
0.533333 0.566667 0.600000 0.633333 0.666667 0.700000 0.733333 0.766667 0.800000 0.833333 0.866667 0.900000 0.933333 0.966667</float_array>
                    <technique_common>
                        <accessor source="#jnt_hips-Matrix-animation-input-array" count="30">
                            <param name="TIME" type="float"/>
                        </accessor>
                    </technique_common>
                </source>
                <source id="jnt_hips-Matrix-animation-output-transform">
                    <float_array id="jnt_hips-Matrix-animation-output-transform-array" count="480">

1.000000 0.000000 0.000000 0.000000 -0.000000 0.999997 -0.002456 2.061423 -0.000000 0.002456 0.999997 -0.094053 0.000000 0.000000 0.000000 1.000000
1.000000 0.000149 0.000036 0.000000 -0.000149 0.999997 -0.002452 2.061423 -0.000037 0.002452 0.999997 -0.094053 0.000000 0.000000 0.000000 1.000000
1.000000 0.000313 0.000076 0.000000 -0.000313 0.999997 -0.002435 2.061423 -0.000077 0.002435 0.999997 -0.094053 0.000000 0.000000 0.000000 1.000000
1.000000 0.000339 0.000083 0.000000 -0.000339 0.999997 -0.002411 2.061423 -0.000083 0.002411 0.999997 -0.094053 0.000000 0.000000 0.000000 1.000000
1.000000 0.000356 0.000087 0.000000 -0.000356 0.999997 -0.002394 2.061423 -0.000088 0.002394 0.999997 -0.094053 0.000000 0.000000 0.000000 1.000000
1.000000 0.000367 0.000090 0.000000 -0.000367 0.999997 -0.002383 2.061423 -0.000090 0.002383 0.999997 -0.094053 0.000000 0.000000 0.000000 1.000000
1.000000 0.000372 0.000091 0.000000 -0.000372 0.999997 -0.002377 2.061423 -0.000092 0.002377 0.999997 -0.094053 0.000000 0.000000 0.000000 1.000000
1.000000 0.000374 0.000091 0.000000 -0.000374 0.999997 -0.002374 2.061423 -0.000092 0.002374 0.999997 -0.094053 0.000000 0.000000 0.000000 1.000000
1.000000 0.000375 0.000091 0.000000 -0.000375 0.999997 -0.002374 2.061423 -0.000092 0.002374 0.999997 -0.094053 0.000000 0.000000 0.000000 1.000000
1.000000 0.000373 0.000091 0.000000 -0.000372 0.999997 -0.002374 2.061423 -0.000092 0.002374 0.999997 -0.094053 0.000000 0.000000 0.000000 1.000000
1.000000 0.000366 0.000089 0.000000 -0.000366 0.999997 -0.002375 2.061423 -0.000090 0.002375 0.999997 -0.094053 0.000000 0.000000 0.000000 1.000000
1.000000 0.000356 0.000087 0.000000 -0.000356 0.999997 -0.002378 2.061423 -0.000088 0.002378 0.999997 -0.094053 0.000000 0.000000 0.000000 1.000000
1.000000 0.000342 0.000083 0.000000 -0.000342 0.999997 -0.002381 2.061423 -0.000084 0.002381 0.999997 -0.094053 0.000000 0.000000 0.000000 1.000000
1.000000 0.000325 0.000079 0.000000 -0.000325 0.999997 -0.002384 2.061423 -0.000080 0.002384 0.999997 -0.094053 0.000000 0.000000 0.000000 1.000000
1.000000 0.000306 0.000075 0.000000 -0.000306 0.999997 -0.002389 2.061423 -0.000075 0.002389 0.999997 -0.094053 0.000000 0.000000 0.000000 1.000000
1.000000 0.000285 0.000070 0.000000 -0.000285 0.999997 -0.002393 2.061423 -0.000070 0.002393 0.999997 -0.094053 0.000000 0.000000 0.000000 1.000000
1.000000 0.000262 0.000064 0.000000 -0.000262 0.999997 -0.002398 2.061423 -0.000065 0.002398 0.999997 -0.094053 0.000000 0.000000 0.000000 1.000000
1.000000 0.000238 0.000058 0.000000 -0.000238 0.999997 -0.002404 2.061423 -0.000059 0.002404 0.999997 -0.094053 0.000000 0.000000 0.000000 1.000000
1.000000 0.000213 0.000052 0.000000 -0.000213 0.999997 -0.002409 2.061423 -0.000052 0.002409 0.999997 -0.094053 0.000000 0.000000 0.000000 1.000000
1.000000 0.000187 0.000046 0.000000 -0.000187 0.999997 -0.002415 2.061423 -0.000046 0.002415 0.999997 -0.094053 0.000000 0.000000 0.000000 1.000000
1.000000 0.000162 0.000039 0.000000 -0.000162 0.999997 -0.002420 2.061423 -0.000040 0.002420 0.999997 -0.094053 0.000000 0.000000 0.000000 1.000000
1.000000 0.000137 0.000033 0.000000 -0.000137 0.999997 -0.002426 2.061423 -0.000034 0.002426 0.999997 -0.094053 0.000000 0.000000 0.000000 1.000000
1.000000 0.000113 0.000027 0.000000 -0.000113 0.999997 -0.002431 2.061423 -0.000028 0.002431 0.999997 -0.094053 0.000000 0.000000 0.000000 1.000000
1.000000 0.000090 0.000022 0.000000 -0.000090 0.999997 -0.002436 2.061423 -0.000022 0.002436 0.999997 -0.094053 0.000000 0.000000 0.000000 1.000000
1.000000 0.000068 0.000017 0.000000 -0.000068 0.999997 -0.002441 2.061423 -0.000017 0.002441 0.999997 -0.094053 0.000000 0.000000 0.000000 1.000000
1.000000 0.000049 0.000012 0.000000 -0.000049 0.999997 -0.002445 2.061423 -0.000012 0.002445 0.999997 -0.094053 0.000000 0.000000 0.000000 1.000000
1.000000 0.000033 0.000008 0.000000 -0.000033 0.999997 -0.002449 2.061423 -0.000008 0.002449 0.999997 -0.094053 0.000000 0.000000 0.000000 1.000000
1.000000 0.000019 0.000005 0.000000 -0.000019 0.999997 -0.002452 2.061423 -0.000005 0.002452 0.999997 -0.094053 0.000000 0.000000 0.000000 1.000000
1.000000 0.000009 0.000002 0.000000 -0.000009 0.999997 -0.002454 2.061423 -0.000002 0.002454 0.999997 -0.094053 0.000000 0.000000 0.000000 1.000000
1.000000 0.000002 0.000001 0.000000 -0.000002 0.999997 -0.002455 2.061423 -0.000001 0.002455 0.999997 -0.094053 0.000000 0.000000 0.000000 1.000000</float_array>
                    <technique_common>
                        <accessor source="#jnt_hips-Matrix-animation-output-transform-array" count="30" stride="16">
                            <param type="float4x4"/>
                        </accessor>
                    </technique_common>
                </source>
                <source id="jnt_hips-Interpolations">
                    <Name_array id="jnt_hips-Interpolations-array" count="30">
 LINEAR LINEAR LINEAR LINEAR LINEAR LINEAR LINEAR LINEAR LINEAR LINEAR LINEAR
LINEAR LINEAR LINEAR LINEAR LINEAR LINEAR LINEAR LINEAR LINEAR LINEAR LINEAR LINEAR
LINEAR LINEAR LINEAR LINEAR LINEAR LINEAR LINEAR</Name_array>
                    <technique_common>
                        <accessor source="#jnt_hips-Interpolations-array" count="30">
                            <param type="name"/>
                        </accessor>
                    </technique_common>
                </source>
                <sampler id="jnt_hips-Matrix-animation-transform">
                    <input semantic="INPUT" source="#jnt_hips-Matrix-animation-input"/>
                    <input semantic="OUTPUT" source="#jnt_hips-Matrix-animation-output-transform"/>
                    <input semantic="INTERPOLATION" source="#jnt_hips-Interpolations"/>
                </sampler>
                <channel source="#jnt_hips-Matrix-animation-transform" target="jnt_hips/matrix"/>
            </animation>
        </animation>
        <animation id="jnt_height-anim" name="jnt_height">
            <animation>
                <source id="jnt_height-Matrix-animation-input">
                    <float_array id="jnt_height-Matrix-animation-input-array" count="30">

0.000000 0.033333 0.066667 0.100000 0.133333 0.166667 0.200000 0.233333 0.266667 0.300000 0.333333 0.366667 0.400000 0.433333 0.466667 0.500000
0.533333 0.566667 0.600000 0.633333 0.666667 0.700000 0.733333 0.766667 0.800000 0.833333 0.866667 0.900000 0.933333 0.966667</float_array>
                    <technique_common>
                        <accessor source="#jnt_height-Matrix-animation-input-array" count="30">
                            <param name="TIME" type="float"/>
                        </accessor>
                    </technique_common>
                </source>
                <source id="jnt_height-Matrix-animation-output-transform">
                    <float_array id="jnt_height-Matrix-animation-output-transform-array" count="480">

1.000000 0.000000 0.000000 -0.000000 -0.000000 0.999997 -0.002456 -0.000000 -0.000000 0.002456 0.999997 0.000000 0.000000 0.000000 0.000000 1.000000
1.000000 0.000149 0.000036 -0.000000 -0.000149 0.999997 -0.002453 -0.000000 -0.000037 0.002453 0.999997 0.000000 0.000000 0.000000 0.000000 1.000000
1.000000 0.000313 0.000076 -0.000000 -0.000313 0.999997 -0.002435 0.000000 -0.000077 0.002435 0.999997 0.000000 0.000000 0.000000 0.000000 1.000000
1.000000 0.000339 0.000083 0.000000 -0.000339 0.999997 -0.002411 -0.000000 -0.000083 0.002411 0.999997 -0.000000 0.000000 0.000000 0.000000 1.000000
1.000000 0.000356 0.000087 0.000000 -0.000356 0.999997 -0.002394 0.000000 -0.000088 0.002394 0.999997 0.000000 0.000000 0.000000 0.000000 1.000000
1.000000 0.000367 0.000090 -0.000000 -0.000367 0.999997 -0.002383 -0.000000 -0.000090 0.002383 0.999997 0.000000 0.000000 0.000000 0.000000 1.000000
1.000000 0.000372 0.000091 0.000000 -0.000372 0.999997 -0.002377 0.000000 -0.000092 0.002377 0.999997 -0.000000 0.000000 0.000000 0.000000 1.000000
1.000000 0.000374 0.000091 -0.000000 -0.000374 0.999997 -0.002374 0.000000 -0.000092 0.002374 0.999997 0.000000 0.000000 0.000000 0.000000 1.000000
1.000000 0.000375 0.000091 0.000000 -0.000375 0.999997 -0.002374 -0.000000 -0.000092 0.002374 0.999997 0.000000 0.000000 0.000000 0.000000 1.000000
1.000000 0.000373 0.000091 0.000000 -0.000372 0.999997 -0.002374 0.000000 -0.000092 0.002374 0.999997 -0.000000 0.000000 0.000000 0.000000 1.000000
1.000000 0.000366 0.000089 -0.000000 -0.000366 0.999997 -0.002376 -0.000000 -0.000090 0.002375 0.999997 0.000000 0.000000 0.000000 0.000000 1.000000
1.000000 0.000356 0.000087 -0.000000 -0.000356 0.999997 -0.002378 0.000000 -0.000088 0.002378 0.999997 0.000000 0.000000 0.000000 0.000000 1.000000
1.000000 0.000342 0.000083 -0.000000 -0.000342 0.999997 -0.002381 -0.000000 -0.000084 0.002381 0.999997 -0.000000 0.000000 0.000000 0.000000 1.000000
1.000000 0.000325 0.000079 -0.000000 -0.000325 0.999997 -0.002384 0.000000 -0.000080 0.002384 0.999997 -0.000000 0.000000 0.000000 0.000000 1.000000
1.000000 0.000306 0.000075 -0.000000 -0.000306 0.999997 -0.002389 0.000000 -0.000075 0.002389 0.999997 -0.000000 0.000000 0.000000 0.000000 1.000000
1.000000 0.000285 0.000070 -0.000000 -0.000285 0.999997 -0.002393 -0.000000 -0.000070 0.002393 0.999997 0.000000 0.000000 0.000000 0.000000 1.000000
1.000000 0.000262 0.000064 -0.000000 -0.000262 0.999997 -0.002398 -0.000000 -0.000065 0.002398 0.999997 0.000000 0.000000 0.000000 0.000000 1.000000
1.000000 0.000238 0.000058 -0.000000 -0.000238 0.999997 -0.002404 0.000000 -0.000059 0.002404 0.999997 0.000000 0.000000 0.000000 0.000000 1.000000
1.000000 0.000213 0.000052 0.000000 -0.000213 0.999997 -0.002409 -0.000000 -0.000052 0.002409 0.999997 0.000000 0.000000 0.000000 0.000000 1.000000
1.000000 0.000187 0.000046 0.000000 -0.000187 0.999997 -0.002415 0.000000 -0.000046 0.002415 0.999997 -0.000000 0.000000 0.000000 0.000000 1.000000
1.000000 0.000162 0.000039 -0.000000 -0.000162 0.999997 -0.002420 0.000000 -0.000040 0.002420 0.999997 0.000000 0.000000 0.000000 0.000000 1.000000
1.000000 0.000137 0.000033 -0.000000 -0.000137 0.999997 -0.002426 0.000000 -0.000034 0.002426 0.999997 0.000000 0.000000 0.000000 0.000000 1.000000
1.000000 0.000113 0.000027 -0.000000 -0.000113 0.999997 -0.002431 -0.000000 -0.000028 0.002431 0.999997 -0.000000 0.000000 0.000000 0.000000 1.000000
1.000000 0.000090 0.000022 -0.000000 -0.000090 0.999997 -0.002436 0.000000 -0.000022 0.002436 0.999997 0.000000 0.000000 0.000000 0.000000 1.000000
1.000000 0.000068 0.000017 -0.000000 -0.000068 0.999997 -0.002441 0.000000 -0.000017 0.002441 0.999997 -0.000000 0.000000 0.000000 0.000000 1.000000
1.000000 0.000049 0.000012 -0.000000 -0.000049 0.999997 -0.002445 0.000000 -0.000012 0.002445 0.999997 0.000000 0.000000 0.000000 0.000000 1.000000
1.000000 0.000033 0.000008 -0.000000 -0.000033 0.999997 -0.002449 0.000000 -0.000008 0.002449 0.999997 -0.000000 0.000000 0.000000 0.000000 1.000000
1.000000 0.000019 0.000005 -0.000000 -0.000019 0.999997 -0.002452 -0.000000 -0.000005 0.002452 0.999997 0.000000 0.000000 0.000000 0.000000 1.000000
1.000000 0.000009 0.000002 0.000000 -0.000009 0.999997 -0.002454 -0.000000 -0.000002 0.002454 0.999997 0.000000 0.000000 0.000000 0.000000 1.000000
1.000000 0.000002 0.000001 -0.000000 -0.000002 0.999997 -0.002455 -0.000000 -0.000001 0.002455 0.999997 0.000000 0.000000 0.000000 0.000000 1.000000</float_array>
                    <technique_common>
                        <accessor source="#jnt_height-Matrix-animation-output-transform-array" count="30" stride="16">
                            <param type="float4x4"/>
                        </accessor>
                    </technique_common>
                </source>
                <source id="jnt_height-Interpolations">
                    <Name_array id="jnt_height-Interpolations-array" count="30">
 LINEAR LINEAR LINEAR LINEAR LINEAR LINEAR LINEAR LINEAR LINEAR LINEAR LINEAR
LINEAR LINEAR LINEAR LINEAR LINEAR LINEAR LINEAR LINEAR LINEAR LINEAR LINEAR LINEAR
LINEAR LINEAR LINEAR LINEAR LINEAR LINEAR LINEAR</Name_array>
                    <technique_common>
                        <accessor source="#jnt_height-Interpolations-array" count="30">
                            <param type="name"/>
                        </accessor>
                    </technique_common>
                </source>
                <sampler id="jnt_height-Matrix-animation-transform">
                    <input semantic="INPUT" source="#jnt_height-Matrix-animation-input"/>
                    <input semantic="OUTPUT" source="#jnt_height-Matrix-animation-output-transform"/>
                    <input semantic="INTERPOLATION" source="#jnt_height-Interpolations"/>
                </sampler>
                <channel source="#jnt_height-Matrix-animation-transform" target="jnt_height/matrix"/>
            </animation>
        </animation>
        <animation id="jnt_spine1-anim" name="jnt_spine1">
            <animation>
                <source id="jnt_spine1-Matrix-animation-input">
                    <float_array id="jnt_spine1-Matrix-animation-input-array" count="30">

0.000000 0.033333 0.066667 0.100000 0.133333 0.166667 0.200000 0.233333 0.266667 0.300000 0.333333 0.366667 0.400000 0.433333 0.466667 0.500000
0.533333 0.566667 0.600000 0.633333 0.666667 0.700000 0.733333 0.766667 0.800000 0.833333 0.866667 0.900000 0.933333 0.966667</float_array>
                    <technique_common>
                        <accessor source="#jnt_spine1-Matrix-animation-input-array" count="30">
                            <param name="TIME" type="float"/>
                        </accessor>
                    </technique_common>
                </source>
                <source id="jnt_spine1-Matrix-animation-output-transform">
                    <float_array id="jnt_spine1-Matrix-animation-output-transform-array" count="480">

0.000000 -0.000000 1.000000 0.000000 0.999914 -0.013155 -0.000000 0.212132 0.013155 0.999914 0.000000 0.023482 0.000000 0.000000 0.000000 1.000000
0.000123 0.000032 1.000000 -0.000000 0.999914 -0.013140 -0.000123 0.212132 0.013140 0.999914 -0.000034 0.023482 0.000000 0.000000 0.000000 1.000000
0.000259 0.000067 1.000000 -0.000000 0.999914 -0.013115 -0.000258 0.212132 0.013114 0.999914 -0.000071 0.023482 0.000000 0.000000 0.000000 1.000000
0.000281 0.000073 1.000000 0.000000 0.999914 -0.013094 -0.000280 0.212132 0.013094 0.999915 -0.000077 0.023482 0.000000 0.000000 0.000000 1.000000
0.000295 0.000077 1.000000 0.000000 0.999914 -0.013081 -0.000294 0.212132 0.013081 0.999915 -0.000081 0.023482 0.000000 0.000000 0.000000 1.000000
0.000304 0.000079 1.000000 -0.000000 0.999915 -0.013072 -0.000303 0.212132 0.013072 0.999915 -0.000083 0.023482 0.000000 0.000000 0.000000 1.000000
0.000308 0.000080 1.000000 0.000000 0.999915 -0.013067 -0.000307 0.212132 0.013067 0.999915 -0.000084 0.023482 0.000000 0.000000 0.000000 1.000000
0.000310 0.000081 1.000000 0.000000 0.999915 -0.013065 -0.000309 0.212132 0.013065 0.999915 -0.000085 0.023482 0.000000 0.000000 0.000000 1.000000
0.000310 0.000081 1.000000 -0.000000 0.999915 -0.013064 -0.000309 0.212132 0.013064 0.999915 -0.000085 0.023482 0.000000 0.000000 0.000000 1.000000
0.000309 0.000080 1.000000 -0.000000 0.999915 -0.013065 -0.000308 0.212132 0.013065 0.999915 -0.000084 0.023482 0.000000 0.000000 0.000000 1.000000
0.000303 0.000079 1.000000 -0.000000 0.999915 -0.013067 -0.000302 0.212132 0.013066 0.999915 -0.000083 0.023482 0.000000 0.000000 0.000000 1.000000
0.000295 0.000077 1.000000 -0.000000 0.999915 -0.013069 -0.000294 0.212132 0.013069 0.999915 -0.000081 0.023482 0.000000 0.000000 0.000000 1.000000
0.000283 0.000074 1.000000 -0.000000 0.999915 -0.013072 -0.000282 0.212132 0.013072 0.999915 -0.000077 0.023482 0.000000 0.000000 0.000000 1.000000
0.000270 0.000070 1.000000 0.000000 0.999915 -0.013076 -0.000269 0.212132 0.013076 0.999915 -0.000074 0.023482 0.000000 0.000000 0.000000 1.000000
0.000254 0.000066 1.000000 0.000000 0.999915 -0.013081 -0.000253 0.212132 0.013081 0.999915 -0.000069 0.023482 0.000000 0.000000 0.000000 1.000000
0.000236 0.000062 1.000000 -0.000000 0.999914 -0.013086 -0.000235 0.212132 0.013086 0.999915 -0.000065 0.023482 0.000000 0.000000 0.000000 1.000000
0.000217 0.000057 1.000000 0.000000 0.999914 -0.013091 -0.000216 0.212132 0.013091 0.999915 -0.000059 0.023482 0.000000 0.000000 0.000000 1.000000
0.000197 0.000051 1.000000 -0.000000 0.999914 -0.013097 -0.000196 0.212132 0.013097 0.999914 -0.000054 0.023482 0.000000 0.000000 0.000000 1.000000
0.000176 0.000046 1.000000 0.000000 0.999914 -0.013103 -0.000176 0.212132 0.013103 0.999915 -0.000048 0.023482 0.000000 0.000000 0.000000 1.000000
0.000155 0.000041 1.000000 0.000000 0.999914 -0.013109 -0.000155 0.212132 0.013109 0.999914 -0.000043 0.023482 0.000000 0.000000 0.000000 1.000000
0.000134 0.000035 1.000000 0.000000 0.999914 -0.013116 -0.000134 0.212132 0.013116 0.999914 -0.000037 0.023482 0.000000 0.000000 0.000000 1.000000
0.000114 0.000030 1.000000 -0.000000 0.999914 -0.013122 -0.000113 0.212132 0.013122 0.999914 -0.000031 0.023482 0.000000 0.000000 0.000000 1.000000
0.000093 0.000024 1.000000 0.000000 0.999914 -0.013127 -0.000093 0.212132 0.013127 0.999914 -0.000026 0.023482 0.000000 0.000000 0.000000 1.000000
0.000075 0.000019 1.000000 -0.000000 0.999914 -0.013133 -0.000074 0.212132 0.013133 0.999914 -0.000020 0.023482 0.000000 0.000000 0.000000 1.000000
0.000057 0.000015 1.000000 -0.000000 0.999914 -0.013138 -0.000057 0.212132 0.013138 0.999914 -0.000016 0.023482 0.000000 0.000000 0.000000 1.000000
0.000041 0.000011 1.000000 0.000000 0.999914 -0.013143 -0.000041 0.212132 0.013143 0.999914 -0.000011 0.023482 0.000000 0.000000 0.000000 1.000000
0.000027 0.000007 1.000000 0.000000 0.999914 -0.013147 -0.000027 0.212132 0.013147 0.999914 -0.000008 0.023482 0.000000 0.000000 0.000000 1.000000
