<?xml version="1.0" encoding="utf-8"?>
<COLLADA xmlns="http://www.collada.org/2005/11/COLLADASchema" version="1.4.1">
    <asset>
        <contributor>
            <author></author>
            <authoring_tool>FBX COLLADA exporter</authoring_tool>
            <comments></comments>
        </contributor>
        <created>2022-08-10T13:38:58Z</created>
        <keywords></keywords>
        <modified>2022-08-10T13:38:58Z</modified>
        <revision></revision>
        <subject></subject>
        <title></title>
        <unit meter="0.010000" name="centimeter"></unit>
        <up_axis>Y_UP</up_axis>
    </asset>
    <library_animations>
        <animation id="jnt_left_arm-anim" name="jnt_left_arm">
            <animation>
                <source id="jnt_left_arm-Matrix-animation-input">
                    <float_array id="jnt_left_arm-Matrix-animation-input-array" count="15">

0.000000 0.033333 0.066667 0.100000 0.133333 0.166667 0.200000 0.233333 0.266667 0.300000 0.333333 0.366667 0.400000 0.433333 0.466667</float_array>
                    <technique_common>
                        <accessor source="#jnt_left_arm-Matrix-animation-input-array" count="15">
                            <param name="TIME" type="float"/>
                        </accessor>
                    </technique_common>
                </source>
                <source id="jnt_left_arm-Matrix-animation-output-transform">
                    <float_array id="jnt_left_arm-Matrix-animation-output-transform-array" count="240">

-0.495859 -0.834772 -0.239330 -0.525404 -0.589818 0.121467 0.798349 -0.032447 -0.637370 0.537029 -0.552594 0.009490 0.000000 0.000000 0.000000 1.000000
0.108081 -0.903699 0.414301 -0.483858 0.440774 0.417102 0.794824 0.260041 -0.891088 0.096707 0.443408 0.008539 0.000000 0.000000 0.000000 1.000000
0.237029 -0.841450 0.485570 -0.419631 0.805315 0.449746 0.386261 0.712067 -0.543403 0.299481 0.784235 0.007067 0.000000 0.000000 0.000000 1.000000
0.185731 -0.829896 0.526095 -0.407354 0.897355 0.361391 0.253282 0.798472 -0.400324 0.425051 0.811833 0.006787 0.000000 0.000000 0.000000 1.000000
0.174853 -0.817026 0.549449 -0.407355 0.928106 0.323072 0.185053 0.798468 -0.328705 0.477589 0.814777 0.006787 0.000000 0.000000 0.000000 1.000000
0.181709 -0.819660 0.543267 -0.407357 0.917595 0.339966 0.206016 0.798465 -0.353556 0.461064 0.813891 0.006787 0.000000 0.000000 0.000000 1.000000
0.198171 -0.823359 0.531797 -0.407358 0.896684 0.371398 0.240878 0.798461 -0.395838 0.429118 0.811893 0.006787 0.000000 0.000000 0.000000 1.000000
0.221052 -0.819829 0.528220 -0.407360 0.884820 0.396373 0.244914 0.798457 -0.410160 0.413240 0.813020 0.006788 0.000000 0.000000 0.000000 1.000000
0.307381 -0.778651 0.547008 -0.407361 0.895740 0.430788 0.109871 0.798453 -0.321197 0.456204 0.829886 0.006788 0.000000 0.000000 0.000000 1.000000
0.417632 -0.718461 0.556235 -0.410102 0.888639 0.450634 -0.085145 0.779131 -0.189485 0.529851 0.826652 0.006850 0.000000 0.000000 0.000000 1.000000
0.475661 -0.664611 0.576228 -0.428907 0.849515 0.517027 -0.104920 0.646781 -0.228195 0.539419 0.810527 0.007280 0.000000 0.000000 0.000000 1.000000
0.495678 -0.611917 0.616329 -0.458356 0.771549 0.636074 0.011010 0.439517 -0.398769 0.470070 0.787412 0.007955 0.000000 0.000000 0.000000 1.000000
0.460804 -0.589000 0.663881 -0.489935 0.554541 0.775118 0.302781 0.217270 -0.692925 0.228626 0.683803 0.008678 0.000000 0.000000 0.000000 1.000000
0.407058 -0.599980 0.688715 -0.515127 0.063106 0.770681 0.634088 0.039971 -0.911220 -0.214648 0.351574 0.009256 0.000000 0.000000 0.000000 1.000000
0.104199 -0.841009 0.530891 -0.525410 -0.247479 0.495081 0.832856 -0.032447 -0.963275 -0.218166 -0.156545 0.009491 0.000000 0.000000 0.000000 1.000000</float_array>
                    <technique_common>
                        <accessor source="#jnt_left_arm-Matrix-animation-output-transform-array" count="15" stride="16">
                            <param type="float4x4"/>
                        </accessor>
                    </technique_common>
                </source>
                <source id="jnt_left_arm-Interpolations">
                    <Name_array id="jnt_left_arm-Interpolations-array" count="15">
 LINEAR LINEAR LINEAR LINEAR LINEAR LINEAR LINEAR LINEAR LINEAR LINEAR LINEAR
LINEAR LINEAR LINEAR LINEAR</Name_array>
                    <technique_common>
                        <accessor source="#jnt_left_arm-Interpolations-array" count="15">
                            <param type="name"/>
                        </accessor>
                    </technique_common>
                </source>
                <sampler id="jnt_left_arm-Matrix-animation-transform">
                    <input semantic="INPUT" source="#jnt_left_arm-Matrix-animation-input"/>
                    <input semantic="OUTPUT" source="#jnt_left_arm-Matrix-animation-output-transform"/>
                    <input semantic="INTERPOLATION" source="#jnt_left_arm-Interpolations"/>
                </sampler>
                <channel source="#jnt_left_arm-Matrix-animation-transform" target="jnt_left_arm/matrix"/>
            </animation>
        </animation>
        <animation id="jnt_left_armroll-anim" name="jnt_left_armroll">
            <animation>
                <source id="jnt_left_armroll-Matrix-animation-input">
                    <float_array id="jnt_left_armroll-Matrix-animation-input-array" count="15">

0.000000 0.033333 0.066667 0.100000 0.133333 0.166667 0.200000 0.233333 0.266667 0.300000 0.333333 0.366667 0.400000 0.433333 0.466667</float_array>
                    <technique_common>
                        <accessor source="#jnt_left_armroll-Matrix-animation-input-array" count="15">
                            <param name="TIME" type="float"/>
                        </accessor>
                    </technique_common>
                </source>
                <source id="jnt_left_armroll-Matrix-animation-output-transform">
                    <float_array id="jnt_left_armroll-Matrix-animation-output-transform-array" count="240">

1.000000 -0.000000 0.000000 -0.421994 0.000000 1.000000 0.000000 0.000003 -0.000000 -0.000000 1.000000 -0.000004 0.000000 0.000000 0.000000 1.000000
1.000000 -0.000000 0.000000 -0.421994 0.000000 1.000000 -0.000000 0.000003 -0.000000 0.000000 1.000000 -0.000004 0.000000 0.000000 0.000000 1.000000
1.000000 -0.000000 -0.000000 -0.421994 0.000000 1.000000 0.000000 0.000003 0.000000 -0.000000 1.000000 -0.000005 0.000000 0.000000 0.000000 1.000000
1.000000 -0.000000 0.000000 -0.421994 0.000000 1.000000 -0.000000 0.000003 -0.000000 0.000000 1.000000 -0.000004 0.000000 0.000000 0.000000 1.000000
1.000000 -0.000000 0.000000 -0.421994 0.000000 1.000000 0.000000 0.000003 -0.000000 -0.000000 1.000000 -0.000003 0.000000 0.000000 0.000000 1.000000
1.000000 -0.000000 -0.000000 -0.421994 0.000000 1.000000 0.000000 0.000003 0.000000 -0.000000 1.000000 -0.000003 0.000000 0.000000 0.000000 1.000000
1.000000 -0.000000 0.000000 -0.421994 0.000000 1.000000 0.000000 0.000003 -0.000000 -0.000000 1.000000 -0.000004 0.000000 0.000000 0.000000 1.000000
1.000000 -0.000000 0.000000 -0.421994 0.000000 1.000000 0.000000 0.000003 -0.000000 -0.000000 1.000000 -0.000004 0.000000 0.000000 0.000000 1.000000
1.000000 -0.000000 0.000000 -0.421994 0.000000 1.000000 0.000000 0.000003 -0.000000 -0.000000 1.000000 -0.000004 0.000000 0.000000 0.000000 1.000000
1.000000 -0.000000 -0.000000 -0.421994 0.000000 1.000000 0.000000 0.000002 0.000000 -0.000000 1.000000 -0.000004 0.000000 0.000000 0.000000 1.000000
1.000000 -0.000000 -0.000000 -0.421994 0.000000 1.000000 -0.000000 0.000002 0.000000 0.000000 1.000000 -0.000004 0.000000 0.000000 0.000000 1.000000
1.000000 -0.000000 -0.000000 -0.421994 0.000000 1.000000 0.000000 0.000002 0.000000 -0.000000 1.000000 -0.000004 0.000000 0.000000 0.000000 1.000000
1.000000 -0.000000 -0.000000 -0.421994 0.000000 1.000000 0.000000 0.000002 0.000000 -0.000000 1.000000 -0.000004 0.000000 0.000000 0.000000 1.000000
1.000000 -0.000000 0.000000 -0.421994 0.000000 1.000000 -0.000000 0.000002 -0.000000 0.000000 1.000000 -0.000004 0.000000 0.000000 0.000000 1.000000
1.000000 -0.000000 0.000000 -0.421994 0.000000 1.000000 -0.000000 0.000002 -0.000000 0.000000 1.000000 -0.000004 0.000000 0.000000 0.000000 1.000000</float_array>
                    <technique_common>
                        <accessor source="#jnt_left_armroll-Matrix-animation-output-transform-array" count="15" stride="16">
                            <param type="float4x4"/>
                        </accessor>
                    </technique_common>
                </source>
                <source id="jnt_left_armroll-Interpolations">
                    <Name_array id="jnt_left_armroll-Interpolations-array" count="15">
 LINEAR LINEAR LINEAR LINEAR LINEAR LINEAR LINEAR LINEAR LINEAR LINEAR LINEAR
LINEAR LINEAR LINEAR LINEAR</Name_array>
                    <technique_common>
                        <accessor source="#jnt_left_armroll-Interpolations-array" count="15">
                            <param type="name"/>
                        </accessor>
                    </technique_common>
                </source>
                <sampler id="jnt_left_armroll-Matrix-animation-transform">
                    <input semantic="INPUT" source="#jnt_left_armroll-Matrix-animation-input"/>
                    <input semantic="OUTPUT" source="#jnt_left_armroll-Matrix-animation-output-transform"/>
                    <input semantic="INTERPOLATION" source="#jnt_left_armroll-Interpolations"/>
                </sampler>
                <channel source="#jnt_left_armroll-Matrix-animation-transform" target="jnt_left_armroll/matrix"/>
            </animation>
        </animation>
        <animation id="jnt_left_forearm-anim" name="jnt_left_forearm">
            <animation>
                <source id="jnt_left_forearm-Matrix-animation-input">
                    <float_array id="jnt_left_forearm-Matrix-animation-input-array" count="15">

0.000000 0.033333 0.066667 0.100000 0.133333 0.166667 0.200000 0.233333 0.266667 0.300000 0.333333 0.366667 0.400000 0.433333 0.466667</float_array>
                    <technique_common>
                        <accessor source="#jnt_left_forearm-Matrix-animation-input-array" count="15">
                            <param name="TIME" type="float"/>
                        </accessor>
                    </technique_common>
                </source>
                <source id="jnt_left_forearm-Matrix-animation-output-transform">
                    <float_array id="jnt_left_forearm-Matrix-animation-output-transform-array" count="240">

-0.660321 -0.585564 -0.470204 -0.843981 0.543504 0.059454 -0.837298 0.000001 0.518247 -0.808443 0.278998 0.000004 0.000000 0.000000 0.000000 1.000000
-0.484679 -0.853029 -0.193461 -0.843981 0.774255 -0.315496 -0.548627 0.000001 0.406959 -0.415696 0.813376 0.000004 0.000000 0.000000 0.000000 1.000000
0.088772 -0.995098 -0.043566 -0.843981 0.933892 0.098362 -0.343760 0.000001 0.346360 -0.010169 0.938046 0.000003 0.000000 0.000000 0.000000 1.000000
0.175146 -0.979049 0.103858 -0.843981 0.951075 0.140977 -0.274921 0.000001 0.254520 0.146928 0.955841 0.000003 0.000000 0.000000 0.000000 1.000000
0.159765 -0.964799 0.208894 -0.843981 0.970853 0.115269 -0.210137 0.000001 0.178661 0.236377 0.955095 0.000004 0.000000 0.000000 0.000000 1.000000
0.150748 -0.967614 0.202480 -0.843981 0.971850 0.107542 -0.209627 0.000001 0.181063 0.228381 0.956587 0.000004 0.000000 0.000000 0.000000 1.000000
0.137918 -0.971567 0.192443 -0.843981 0.973415 0.097088 -0.207454 0.000001 0.182872 0.215938 0.959129 0.000004 0.000000 0.000000 0.000000 1.000000
0.133094 -0.970839 0.199391 -0.843981 0.976224 0.093686 -0.195473 0.000001 0.171093 0.220666 0.960226 0.000004 0.000000 0.000000 0.000000 1.000000
0.086252 -0.943263 0.320647 -0.843981 0.994810 0.064101 -0.079028 0.000001 0.053990 0.325799 0.943896 0.000004 0.000000 0.000000 0.000000 1.000000
0.021458 -0.866994 0.497855 -0.843981 0.991844 0.081041 0.098381 0.000001 -0.125643 0.491683 0.861662 0.000003 0.000000 0.000000 0.000000 1.000000
-0.141187 -0.821335 0.552697 -0.843981 0.977383 -0.026856 0.209765 0.000001 -0.157444 0.569812 0.806551 0.000003 0.000000 0.000000 0.000000 1.000000
-0.377774 -0.764461 0.522384 -0.843981 0.918848 -0.240039 0.313210 0.000001 -0.114044 0.598313 0.793104 0.000004 0.000000 0.000000 0.000000 1.000000
-0.612957 -0.685370 0.393131 -0.843981 0.787762 -0.491722 0.371000 0.000001 -0.060960 0.537100 0.841313 0.000003 0.000000 0.000000 0.000000 1.000000
-0.773440 -0.588914 0.234457 -0.843981 0.633004 -0.698278 0.334236 0.000001 -0.033120 0.406923 0.912862 0.000004 0.000000 0.000000 0.000000 1.000000
-0.783309 -0.620721 0.033647 -0.843981 0.611582 -0.779208 -0.137124 0.000001 0.111334 -0.086832 0.989982 0.000004 0.000000 0.000000 0.000000 1.000000</float_array>
                    <technique_common>
                        <accessor source="#jnt_left_forearm-Matrix-animation-output-transform-array" count="15" stride="16">
                            <param type="float4x4"/>
                        </accessor>
                    </technique_common>
                </source>
                <source id="jnt_left_forearm-Interpolations">
                    <Name_array id="jnt_left_forearm-Interpolations-array" count="15">
 LINEAR LINEAR LINEAR LINEAR LINEAR LINEAR LINEAR LINEAR LINEAR LINEAR LINEAR
LINEAR LINEAR LINEAR LINEAR</Name_array>
                    <technique_common>
                        <accessor source="#jnt_left_forearm-Interpolations-array" count="15">
                            <param type="name"/>
                        </accessor>
                    </technique_common>
                </source>
                <sampler id="jnt_left_forearm-Matrix-animation-transform">
                    <input semantic="INPUT" source="#jnt_left_forearm-Matrix-animation-input"/>
                    <input semantic="OUTPUT" source="#jnt_left_forearm-Matrix-animation-output-transform"/>
                    <input semantic="INTERPOLATION" source="#jnt_left_forearm-Interpolations"/>
                </sampler>
                <channel source="#jnt_left_forearm-Matrix-animation-transform" target="jnt_left_forearm/matrix"/>
            </animation>
        </animation>
        <animation id="jnt_left_forearmroll-anim" name="jnt_left_forearmroll">
            <animation>
                <source id="jnt_left_forearmroll-Matrix-animation-input">
                    <float_array id="jnt_left_forearmroll-Matrix-animation-input-array" count="15">

0.000000 0.033333 0.066667 0.100000 0.133333 0.166667 0.200000 0.233333 0.266667 0.300000 0.333333 0.366667 0.400000 0.433333 0.466667</float_array>
                    <technique_common>
                        <accessor source="#jnt_left_forearmroll-Matrix-animation-input-array" count="15">
                            <param name="TIME" type="float"/>
                        </accessor>
                    </technique_common>
                </source>
                <source id="jnt_left_forearmroll-Matrix-animation-output-transform">
                    <float_array id="jnt_left_forearmroll-Matrix-animation-output-transform-array" count="240">

1.000000 0.000001 -0.000000 -0.487001 -0.000001 1.000000 -0.000000 -0.000000 0.000000 0.000000 1.000000 -0.000004 0.000000 0.000000 0.000000 1.000000
1.000000 0.000001 -0.000000 -0.487001 -0.000001 1.000000 -0.000000 0.000000 0.000000 0.000000 1.000000 -0.000004 0.000000 0.000000 0.000000 1.000000
1.000000 0.000001 -0.000000 -0.487001 -0.000001 1.000000 -0.000000 0.000000 0.000000 0.000000 1.000000 -0.000004 0.000000 0.000000 0.000000 1.000000
1.000000 0.000001 -0.000000 -0.487001 -0.000001 1.000000 -0.000000 -0.000000 0.000000 0.000000 1.000000 -0.000004 0.000000 0.000000 0.000000 1.000000
1.000000 0.000001 -0.000000 -0.487001 -0.000001 1.000000 -0.000000 -0.000000 0.000000 0.000000 1.000000 -0.000004 0.000000 0.000000 0.000000 1.000000
1.000000 0.000001 -0.000000 -0.487001 -0.000001 1.000000 -0.000000 -0.000000 0.000000 0.000000 1.000000 -0.000003 0.000000 0.000000 0.000000 1.000000
1.000000 0.000001 -0.000000 -0.487001 -0.000001 1.000000 -0.000000 -0.000001 0.000000 0.000000 1.000000 -0.000004 0.000000 0.000000 0.000000 1.000000
1.000000 0.000001 -0.000000 -0.487001 -0.000001 1.000000 -0.000000 0.000000 0.000000 0.000000 1.000000 -0.000004 0.000000 0.000000 0.000000 1.000000
1.000000 0.000001 -0.000000 -0.487001 -0.000001 1.000000 -0.000000 -0.000001 0.000000 0.000000 1.000000 -0.000004 0.000000 0.000000 0.000000 1.000000
1.000000 0.000001 -0.000000 -0.487001 -0.000001 1.000000 -0.000000 -0.000001 0.000000 0.000000 1.000000 -0.000004 0.000000 0.000000 0.000000 1.000000
1.000000 0.000001 -0.000000 -0.487001 -0.000001 1.000000 -0.000000 -0.000001 0.000000 0.000000 1.000000 -0.000003 0.000000 0.000000 0.000000 1.000000
1.000000 0.000001 -0.000000 -0.487001 -0.000001 1.000000 -0.000000 -0.000001 0.000000 0.000000 1.000000 -0.000004 0.000000 0.000000 0.000000 1.000000
1.000000 0.000001 -0.000000 -0.487001 -0.000001 1.000000 -0.000000 0.000000 0.000000 0.000000 1.000000 -0.000004 0.000000 0.000000 0.000000 1.000000
1.000000 0.000001 -0.000000 -0.487001 -0.000001 1.000000 -0.000000 -0.000000 0.000000 0.000000 1.000000 -0.000004 0.000000 0.000000 0.000000 1.000000
1.000000 0.000001 -0.000000 -0.487001 -0.000001 1.000000 -0.000000 0.000000 0.000000 0.000000 1.000000 -0.000004 0.000000 0.000000 0.000000 1.000000</float_array>
                    <technique_common>
                        <accessor source="#jnt_left_forearmroll-Matrix-animation-output-transform-array" count="15" stride="16">
                            <param type="float4x4"/>
                        </accessor>
                    </technique_common>
                </source>
                <source id="jnt_left_forearmroll-Interpolations">
                    <Name_array id="jnt_left_forearmroll-Interpolations-array" count="15">
 LINEAR LINEAR LINEAR LINEAR LINEAR LINEAR LINEAR LINEAR LINEAR LINEAR LINEAR
LINEAR LINEAR LINEAR LINEAR</Name_array>
                    <technique_common>
                        <accessor source="#jnt_left_forearmroll-Interpolations-array" count="15">
                            <param type="name"/>
                        </accessor>
                    </technique_common>
                </source>
                <sampler id="jnt_left_forearmroll-Matrix-animation-transform">
                    <input semantic="INPUT" source="#jnt_left_forearmroll-Matrix-animation-input"/>
                    <input semantic="OUTPUT" source="#jnt_left_forearmroll-Matrix-animation-output-transform"/>
                    <input semantic="INTERPOLATION" source="#jnt_left_forearmroll-Interpolations"/>
                </sampler>
                <channel source="#jnt_left_forearmroll-Matrix-animation-transform" target="jnt_left_forearmroll/matrix"/>
            </animation>
        </animation>
        <animation id="jnt_left_hand-anim" name="jnt_left_hand">
            <animation>
                <source id="jnt_left_hand-Matrix-animation-input">
                    <float_array id="jnt_left_hand-Matrix-animation-input-array" count="15">

0.000000 0.033333 0.066667 0.100000 0.133333 0.166667 0.200000 0.233333 0.266667 0.300000 0.333333 0.366667 0.400000 0.433333 0.466667</float_array>
                    <technique_common>
                        <accessor source="#jnt_left_hand-Matrix-animation-input-array" count="15">
                            <param name="TIME" type="float"/>
                        </accessor>
                    </technique_common>
                </source>
                <source id="jnt_left_hand-Matrix-animation-output-transform">
                    <float_array id="jnt_left_hand-Matrix-animation-output-transform-array" count="240">

0.714164 0.693460 0.095307 -0.975262 -0.699877 0.709728 0.080358 -0.000001 -0.011917 -0.124092 0.992199 0.000000 0.000000 0.000000 0.000000 1.000000
0.811804 0.521700 -0.262303 -0.975262 -0.557562 0.826000 -0.082754 -0.000001 0.173490 0.213431 0.961431 0.000000 0.000000 0.000000 0.000000 1.000000
0.944766 0.155631 -0.288437 -0.975262 -0.229638 0.942256 -0.243760 -0.000001 0.233845 0.296532 0.925951 0.000000 0.000000 0.000000 0.000000 1.000000
0.858003 0.417949 -0.298580 -0.975262 -0.496145 0.824805 -0.271175 -0.000000 0.132933 0.380808 0.915049 0.000000 0.000000 0.000000 0.000000 1.000000
0.741529 0.564236 -0.363005 -0.975262 -0.663414 0.697351 -0.271263 -0.000001 0.100086 0.441972 0.891428 0.000000 0.000000 0.000000 0.000000 1.000000
0.773715 0.528916 -0.348730 -0.975262 -0.624049 0.731171 -0.275593 -0.000001 0.109216 0.430855 0.895788 -0.000000 0.000000 0.000000 0.000000 1.000000
0.830342 0.454300 -0.322714 -0.975262 -0.542826 0.790335 -0.284096 -0.000001 0.125987 0.411074 0.902854 0.000000 0.000000 0.000000 0.000000 1.000000
0.861012 0.404840 -0.307836 -0.975262 -0.490444 0.821149 -0.291855 -0.000001 0.134625 0.402267 0.905570 0.000000 0.000000 0.000000 0.000000 1.000000
0.838855 0.430888 -0.332651 -0.975262 -0.528201 0.792064 -0.306005 -0.000001 0.131627 0.432400 0.892023 0.000000 0.000000 0.000000 0.000000 1.000000
0.819713 0.428483 -0.380096 -0.975262 -0.553649 0.762791 -0.334099 -0.000001 0.146778 0.484305 0.862499 -0.000000 0.000000 0.000000 0.000000 1.000000
0.817102 0.385170 -0.428938 -0.975262 -0.546443 0.754559 -0.363375 -0.000001 0.183698 0.531304 0.827025 0.000000 0.000000 0.000000 0.000000 1.000000
0.815309 0.330595 -0.475372 -0.975262 -0.531227 0.753706 -0.386943 -0.000001 0.230369 0.568008 0.790125 0.000000 0.000000 0.000000 0.000000 1.000000
0.773964 0.389868 -0.498981 -0.975262 -0.585727 0.740212 -0.330165 -0.000001 0.240631 0.547803 0.801254 -0.000000 0.000000 0.000000 0.000000 1.000000
0.766299 0.495786 -0.408634 -0.975262 -0.614355 0.751575 -0.240212 -0.000001 0.188025 0.435121 0.880520 -0.000000 0.000000 0.000000 0.000000 1.000000
0.677447 0.683400 -0.272084 -0.975262 -0.725725 0.681292 -0.095725 -0.000001 0.119950 0.262307 0.957500 -0.000000 0.000000 0.000000 0.000000 1.000000</float_array>
                    <technique_common>
                        <accessor source="#jnt_left_hand-Matrix-animation-output-transform-array" count="15" stride="16">
                            <param type="float4x4"/>
                        </accessor>
                    </technique_common>
                </source>
                <source id="jnt_left_hand-Interpolations">
                    <Name_array id="jnt_left_hand-Interpolations-array" count="15">
 LINEAR LINEAR LINEAR LINEAR LINEAR LINEAR LINEAR LINEAR LINEAR LINEAR LINEAR
LINEAR LINEAR LINEAR LINEAR</Name_array>
                    <technique_common>
                        <accessor source="#jnt_left_hand-Interpolations-array" count="15">
                            <param type="name"/>
                        </accessor>
                    </technique_common>
                </source>
                <sampler id="jnt_left_hand-Matrix-animation-transform">
                    <input semantic="INPUT" source="#jnt_left_hand-Matrix-animation-input"/>
                    <input semantic="OUTPUT" source="#jnt_left_hand-Matrix-animation-output-transform"/>
                    <input semantic="INTERPOLATION" source="#jnt_left_hand-Interpolations"/>
                </sampler>
                <channel source="#jnt_left_hand-Matrix-animation-transform" target="jnt_left_hand/matrix"/>
            </animation>
        </animation>
        <animation id="jnt_left_handthumb1-anim" name="jnt_left_handthumb1">
            <animation>
                <source id="jnt_left_handthumb1-Matrix-animation-input">
                    <float_array id="jnt_left_handthumb1-Matrix-animation-input-array" count="15">

0.000000 0.033333 0.066667 0.100000 0.133333 0.166667 0.200000 0.233333 0.266667 0.300000 0.333333 0.366667 0.400000 0.433333 0.466667</float_array>
                    <technique_common>
                        <accessor source="#jnt_left_handthumb1-Matrix-animation-input-array" count="15">
                            <param name="TIME" type="float"/>
                        </accessor>
                    </technique_common>
                </source>
                <source id="jnt_left_handthumb1-Matrix-animation-output-transform">
                    <float_array id="jnt_left_handthumb1-Matrix-animation-output-transform-array" count="240">

0.801419 -0.583362 0.131971 -0.060228 0.332986 0.618472 0.711767 -0.203939 -0.496838 -0.526479 0.689907 0.155678 0.000000 0.000000 0.000000 1.000000
0.840986 -0.162765 0.515993 -0.060230 -0.097570 0.892420 0.440529 -0.203939 -0.532186 -0.420825 0.734632 0.155678 0.000000 0.000000 0.000000 1.000000
0.865950 -0.498532 0.039950 -0.060230 0.456800 0.820922 0.342667 -0.203939 -0.203627 -0.278483 0.938607 0.155678 0.000000 0.000000 0.000000 1.000000
0.720412 -0.684572 0.111209 -0.060229 0.633684 0.714883 0.295612 -0.203939 -0.281868 -0.142491 0.948813 0.155678 0.000000 0.000000 0.000000 1.000000
0.629827 -0.691929 0.352919 -0.060229 0.522865 0.713682 0.466122 -0.203939 -0.574395 -0.109047 0.811282 0.155678 0.000000 0.000000 0.000000 1.000000
0.610975 -0.662840 0.432843 -0.060229 0.424900 0.735902 0.527170 -0.203939 -0.667959 -0.138173 0.731259 0.155678 0.000000 0.000000 0.000000 1.000000
0.591411 -0.643524 0.485910 -0.060229 0.353007 0.748398 0.561503 -0.203939 -0.724996 -0.160549 0.669780 0.155678 0.000000 0.000000 0.000000 1.000000
0.576267 -0.631615 0.518631 -0.060229 0.305687 0.755116 0.579961 -0.203939 -0.757939 -0.175674 0.628226 0.155678 0.000000 0.000000 0.000000 1.000000
0.567331 -0.629372 0.531061 -0.060229 0.279942 0.753884 0.594383 -0.203939 -0.774447 -0.188545 0.603890 0.155678 0.000000 0.000000 0.000000 1.000000
0.564580 -0.635049 0.527222 -0.060228 0.272271 0.746302 0.607372 -0.203939 -0.779178 -0.199363 0.594253 0.155678 0.000000 0.000000 0.000000 1.000000
0.564580 -0.635049 0.527222 -0.060228 0.272271 0.746302 0.607372 -0.203939 -0.779178 -0.199363 0.594253 0.155678 0.000000 0.000000 0.000000 1.000000
0.564580 -0.635049 0.527222 -0.060229 0.272271 0.746302 0.607372 -0.203939 -0.779178 -0.199363 0.594253 0.155678 0.000000 0.000000 0.000000 1.000000
0.564580 -0.635049 0.527222 -0.060229 0.272271 0.746302 0.607372 -0.203939 -0.779178 -0.199363 0.594253 0.155678 0.000000 0.000000 0.000000 1.000000
0.564580 -0.635049 0.527222 -0.060229 0.272271 0.746302 0.607372 -0.203939 -0.779178 -0.199363 0.594253 0.155678 0.000000 0.000000 0.000000 1.000000
0.564580 -0.635049 0.527222 -0.060229 0.272271 0.746302 0.607372 -0.203939 -0.779178 -0.199363 0.594253 0.155678 0.000000 0.000000 0.000000 1.000000</float_array>
                    <technique_common>
                        <accessor source="#jnt_left_handthumb1-Matrix-animation-output-transform-array" count="15" stride="16">
                            <param type="float4x4"/>
                        </accessor>
                    </technique_common>
                </source>
                <source id="jnt_left_handthumb1-Interpolations">
                    <Name_array id="jnt_left_handthumb1-Interpolations-array" count="15">
 LINEAR LINEAR LINEAR LINEAR LINEAR LINEAR LINEAR LINEAR LINEAR LINEAR LINEAR
LINEAR LINEAR LINEAR LINEAR</Name_array>
                    <technique_common>
                        <accessor source="#jnt_left_handthumb1-Interpolations-array" count="15">
                            <param type="name"/>
                        </accessor>
                    </technique_common>
                </source>
                <sampler id="jnt_left_handthumb1-Matrix-animation-transform">
                    <input semantic="INPUT" source="#jnt_left_handthumb1-Matrix-animation-input"/>
                    <input semantic="OUTPUT" source="#jnt_left_handthumb1-Matrix-animation-output-transform"/>
                    <input semantic="INTERPOLATION" source="#jnt_left_handthumb1-Interpolations"/>
                </sampler>
                <channel source="#jnt_left_handthumb1-Matrix-animation-transform" target="jnt_left_handthumb1/matrix"/>
            </animation>
        </animation>
        <animation id="jnt_left_handthumb2-anim" name="jnt_left_handthumb2">
            <animation>
                <source id="jnt_left_handthumb2-Matrix-animation-input">
                    <float_array id="jnt_left_handthumb2-Matrix-animation-input-array" count="15">

0.000000 0.033333 0.066667 0.100000 0.133333 0.166667 0.200000 0.233333 0.266667 0.300000 0.333333 0.366667 0.400000 0.433333 0.466667</float_array>
                    <technique_common>
                        <accessor source="#jnt_left_handthumb2-Matrix-animation-input-array" count="15">
                            <param name="TIME" type="float"/>
                        </accessor>
                    </technique_common>
                </source>
                <source id="jnt_left_handthumb2-Matrix-animation-output-transform">
                    <float_array id="jnt_left_handthumb2-Matrix-animation-output-transform-array" count="240">

0.959263 0.282516 -0.000001 -0.213227 -0.282516 0.959263 -0.000003 -0.000003 -0.000000 0.000003 1.000000 0.000004 0.000000 0.000000 0.000000 1.000000
0.838185 0.545386 -0.000001 -0.213227 -0.545386 0.838185 -0.000003 -0.000002 -0.000001 0.000003 1.000000 0.000003 0.000000 0.000000 0.000000 1.000000
0.918043 0.396482 -0.000001 -0.213227 -0.396482 0.918042 -0.000003 -0.000002 -0.000001 0.000003 1.000000 0.000004 0.000000 0.000000 0.000000 1.000000
0.987573 0.157162 -0.000001 -0.213227 -0.157162 0.987573 -0.000003 -0.000002 0.000000 0.000003 1.000000 0.000004 0.000000 0.000000 0.000000 1.000000
0.999697 0.024614 -0.000001 -0.213227 -0.024614 0.999697 -0.000003 -0.000002 0.000000 0.000003 1.000000 0.000004 0.000000 0.000000 0.000000 1.000000
0.999697 0.024614 -0.000000 -0.213227 -0.024614 0.999697 -0.000003 -0.000002 0.000000 0.000003 1.000000 0.000004 0.000000 0.000000 0.000000 1.000000
0.999697 0.024614 -0.000001 -0.213227 -0.024614 0.999697 -0.000003 -0.000001 0.000000 0.000003 1.000000 0.000004 0.000000 0.000000 0.000000 1.000000
0.999697 0.024614 -0.000001 -0.213227 -0.024614 0.999697 -0.000003 -0.000001 0.000000 0.000003 1.000000 0.000004 0.000000 0.000000 0.000000 1.000000
0.999697 0.024614 -0.000001 -0.213227 -0.024614 0.999697 -0.000003 -0.000002 0.000000 0.000003 1.000000 0.000004 0.000000 0.000000 0.000000 1.000000
0.999697 0.024614 -0.000001 -0.213227 -0.024614 0.999697 -0.000003 -0.000002 0.000000 0.000003 1.000000 0.000003 0.000000 0.000000 0.000000 1.000000
0.999697 0.024614 -0.000001 -0.213227 -0.024614 0.999697 -0.000003 -0.000002 0.000000 0.000003 1.000000 0.000004 0.000000 0.000000 0.000000 1.000000
0.999697 0.024614 -0.000001 -0.213227 -0.024614 0.999697 -0.000003 -0.000003 0.000000 0.000003 1.000000 0.000003 0.000000 0.000000 0.000000 1.000000
0.999697 0.024614 -0.000001 -0.213227 -0.024614 0.999697 -0.000003 -0.000003 0.000000 0.000003 1.000000 0.000003 0.000000 0.000000 0.000000 1.000000
0.999697 0.024614 -0.000000 -0.213227 -0.024614 0.999697 -0.000003 -0.000001 0.000000 0.000003 1.000000 0.000004 0.000000 0.000000 0.000000 1.000000
0.999697 0.024614 -0.000001 -0.213227 -0.024614 0.999697 -0.000003 -0.000002 0.000000 0.000003 1.000000 0.000004 0.000000 0.000000 0.000000 1.000000</float_array>
                    <technique_common>
                        <accessor source="#jnt_left_handthumb2-Matrix-animation-output-transform-array" count="15" stride="16">
                            <param type="float4x4"/>
                        </accessor>
                    </technique_common>
                </source>
                <source id="jnt_left_handthumb2-Interpolations">
                    <Name_array id="jnt_left_handthumb2-Interpolations-array" count="15">
 LINEAR LINEAR LINEAR LINEAR LINEAR LINEAR LINEAR LINEAR LINEAR LINEAR LINEAR
LINEAR LINEAR LINEAR LINEAR</Name_array>
                    <technique_common>
                        <accessor source="#jnt_left_handthumb2-Interpolations-array" count="15">
                            <param type="name"/>
                        </accessor>
                    </technique_common>
                </source>
                <sampler id="jnt_left_handthumb2-Matrix-animation-transform">
                    <input semantic="INPUT" source="#jnt_left_handthumb2-Matrix-animation-input"/>
                    <input semantic="OUTPUT" source="#jnt_left_handthumb2-Matrix-animation-output-transform"/>
                    <input semantic="INTERPOLATION" source="#jnt_left_handthumb2-Interpolations"/>
                </sampler>
                <channel source="#jnt_left_handthumb2-Matrix-animation-transform" target="jnt_left_handthumb2/matrix"/>
            </animation>
        </animation>
        <animation id="jnt_left_handthumb3-anim" name="jnt_left_handthumb3">
            <animation>
                <source id="jnt_left_handthumb3-Matrix-animation-input">
                    <float_array id="jnt_left_handthumb3-Matrix-animation-input-array" count="15">

0.000000 0.033333 0.066667 0.100000 0.133333 0.166667 0.200000 0.233333 0.266667 0.300000 0.333333 0.366667 0.400000 0.433333 0.466667</float_array>
                    <technique_common>
                        <accessor source="#jnt_left_handthumb3-Matrix-animation-input-array" count="15">
                            <param name="TIME" type="float"/>
                        </accessor>
                    </technique_common>
                </source>
                <source id="jnt_left_handthumb3-Matrix-animation-output-transform">
                    <float_array id="jnt_left_handthumb3-Matrix-animation-output-transform-array" count="240">

0.975492 0.220037 -0.000001 -0.141879 -0.220037 0.975492 -0.000003 0.000003 0.000000 0.000003 1.000000 -0.000027 0.000000 0.000000 0.000000 1.000000
0.862067 0.506795 -0.000001 -0.141879 -0.506794 0.862067 -0.000003 0.000003 -0.000000 0.000003 1.000000 -0.000027 0.000000 0.000000 0.000000 1.000000
0.921581 0.388187 -0.000001 -0.141879 -0.388187 0.921581 -0.000003 0.000003 -0.000000 0.000003 1.000000 -0.000027 0.000000 0.000000 0.000000 1.000000
0.980359 0.197223 -0.000001 -0.141879 -0.197223 0.980359 -0.000003 0.000002 0.000001 0.000003 1.000000 -0.000027 0.000000 0.000000 0.000000 1.000000
0.999202 -0.039936 -0.000001 -0.141879 0.039936 0.999202 -0.000003 0.000003 0.000001 0.000003 1.000000 -0.000027 0.000000 0.000000 0.000000 1.000000
0.999654 0.026296 -0.000001 -0.141879 -0.026296 0.999654 -0.000003 0.000003 0.000001 0.000003 1.000000 -0.000027 0.000000 0.000000 0.000000 1.000000
0.984562 0.175036 -0.000001 -0.141879 -0.175036 0.984562 -0.000003 0.000003 0.000001 0.000003 1.000000 -0.000027 0.000000 0.000000 0.000000 1.000000
0.955183 0.296017 -0.000001 -0.141879 -0.296017 0.955183 -0.000003 0.000003 0.000000 0.000003 1.000000 -0.000027 0.000000 0.000000 0.000000 1.000000
0.926733 0.375721 -0.000001 -0.141879 -0.375721 0.926733 -0.000003 0.000003 -0.000000 0.000003 1.000000 -0.000027 0.000000 0.000000 0.000000 1.000000
0.914552 0.404468 -0.000001 -0.141879 -0.404468 0.914553 -0.000003 0.000003 -0.000000 0.000003 1.000000 -0.000027 0.000000 0.000000 0.000000 1.000000
0.914552 0.404468 -0.000001 -0.141879 -0.404468 0.914553 -0.000003 0.000002 -0.000000 0.000003 1.000000 -0.000027 0.000000 0.000000 0.000000 1.000000
0.914552 0.404468 -0.000001 -0.141879 -0.404468 0.914553 -0.000003 0.000004 -0.000000 0.000003 1.000000 -0.000027 0.000000 0.000000 0.000000 1.000000
0.914552 0.404468 -0.000001 -0.141879 -0.404468 0.914553 -0.000003 0.000003 -0.000000 0.000003 1.000000 -0.000026 0.000000 0.000000 0.000000 1.000000
0.914552 0.404468 -0.000001 -0.141879 -0.404468 0.914553 -0.000003 0.000004 -0.000000 0.000003 1.000000 -0.000027 0.000000 0.000000 0.000000 1.000000
0.914552 0.404468 -0.000001 -0.141879 -0.404468 0.914553 -0.000003 0.000002 -0.000000 0.000003 1.000000 -0.000027 0.000000 0.000000 0.000000 1.000000</float_array>
                    <technique_common>
                        <accessor source="#jnt_left_handthumb3-Matrix-animation-output-transform-array" count="15" stride="16">
                            <param type="float4x4"/>
                        </accessor>
                    </technique_common>
                </source>
                <source id="jnt_left_handthumb3-Interpolations">
                    <Name_array id="jnt_left_handthumb3-Interpolations-array" count="15">
 LINEAR LINEAR LINEAR LINEAR LINEAR LINEAR LINEAR LINEAR LINEAR LINEAR LINEAR
LINEAR LINEAR LINEAR LINEAR</Name_array>
                    <technique_common>
                        <accessor source="#jnt_left_handthumb3-Interpolations-array" count="15">
                            <param type="name"/>
                        </accessor>
                    </technique_common>
                </source>
                <sampler id="jnt_left_handthumb3-Matrix-animation-transform">
                    <input semantic="INPUT" source="#jnt_left_handthumb3-Matrix-animation-input"/>
                    <input semantic="OUTPUT" source="#jnt_left_handthumb3-Matrix-animation-output-transform"/>
                    <input semantic="INTERPOLATION" source="#jnt_left_handthumb3-Interpolations"/>
                </sampler>
                <channel source="#jnt_left_handthumb3-Matrix-animation-transform" target="jnt_left_handthumb3/matrix"/>
            </animation>
        </animation>
        <animation id="jnt_left_handthumb4-anim" name="jnt_left_handthumb4">
            <animation>
                <source id="jnt_left_handthumb4-Matrix-animation-input">
                    <float_array id="jnt_left_handthumb4-Matrix-animation-input-array" count="15">

0.000000 0.033333 0.066667 0.100000 0.133333 0.166667 0.200000 0.233333 0.266667 0.300000 0.333333 0.366667 0.400000 0.433333 0.466667</float_array>
                    <technique_common>
                        <accessor source="#jnt_left_handthumb4-Matrix-animation-input-array" count="15">
                            <param name="TIME" type="float"/>
                        </accessor>
                    </technique_common>
                </source>
                <source id="jnt_left_handthumb4-Matrix-animation-output-transform">
                    <float_array id="jnt_left_handthumb4-Matrix-animation-output-transform-array" count="240">

1.000000 -0.000000 -0.000000 -0.122601 0.000000 1.000000 0.000000 -0.000006 0.000000 -0.000000 1.000000 0.000005 0.000000 0.000000 0.000000 1.000000
1.000000 -0.000000 -0.000000 -0.122601 0.000000 1.000000 0.000000 -0.000006 0.000000 -0.000000 1.000000 0.000005 0.000000 0.000000 0.000000 1.000000
1.000000 -0.000000 -0.000000 -0.122601 0.000000 1.000000 0.000000 -0.000006 0.000000 -0.000000 1.000000 0.000005 0.000000 0.000000 0.000000 1.000000
1.000000 -0.000000 0.000000 -0.122601 0.000000 1.000000 0.000000 -0.000005 -0.000000 -0.000000 1.000000 0.000005 0.000000 0.000000 0.000000 1.000000
1.000000 -0.000000 0.000000 -0.122601 0.000000 1.000000 0.000000 -0.000006 -0.000000 -0.000000 1.000000 0.000005 0.000000 0.000000 0.000000 1.000000
1.000000 -0.000000 -0.000000 -0.122601 0.000000 1.000000 0.000000 -0.000006 0.000000 -0.000000 1.000000 0.000005 0.000000 0.000000 0.000000 1.000000
1.000000 -0.000000 0.000000 -0.122601 0.000000 1.000000 0.000000 -0.000006 -0.000000 -0.000000 1.000000 0.000005 0.000000 0.000000 0.000000 1.000000
1.000000 -0.000000 -0.000000 -0.122601 0.000000 1.000000 0.000000 -0.000006 0.000000 -0.000000 1.000000 0.000005 0.000000 0.000000 0.000000 1.000000
1.000000 -0.000000 0.000000 -0.122601 0.000000 1.000000 0.000000 -0.000006 -0.000000 -0.000000 1.000000 0.000005 0.000000 0.000000 0.000000 1.000000
1.000000 -0.000000 -0.000000 -0.122601 0.000000 1.000000 0.000000 -0.000005 0.000000 -0.000000 1.000000 0.000005 0.000000 0.000000 0.000000 1.000000
