<?xml version="1.0" encoding="utf-8"?>
<COLLADA xmlns="http://www.collada.org/2005/11/COLLADASchema" version="1.4.1">
  <asset><contributor><author></author><authoring_tool>FBX COLLADA exporter</authoring_tool><comments></comments></contributor><created>2024-05-16T14:19:06Z</created><keywords></keywords><modified>2024-05-16T14:19:06Z</modified><revision></revision><subject></subject><title></title><unit meter="0.010000" name="centimeter"></unit><up_axis>Y_UP</up_axis></asset>
  <library_animations>
    <animation id="Medkit_Bag-anim" name="Medkit_Bag"><animation><source id="Medkit_Bag-Matrix-animation-input"><float_array id="Medkit_Bag-Matrix-animation-input-array" count="45">

0.000000 0.033333 0.066667 0.100000 0.133333 0.166667 0.200000 0.233333 0.266667 0.300000 0.333333 0.366667 0.400000 0.433333 0.466667 0.500000
0.533333 0.566667 0.600000 0.633333 0.666667 0.700000 0.733333 0.766667 0.800000 0.833333 0.866667 0.900000 0.933333 0.966667 1.000000 1.033333
1.066667 1.100000 1.133333 1.166667 1.200000 1.233333 1.266667 1.300000 1.333333 1.366667 1.400000 1.433333 1.466667</float_array><technique_common><accessor source="#Medkit_Bag-Matrix-animation-input-array" count="45"><param name="TIME" type="float"/></accessor></technique_common></source><source id="Medkit_Bag-Matrix-animation-output-transform"><float_array id="Medkit_Bag-Matrix-animation-output-transform-array" count="720">

1.000000 0.000000 0.000000 0.000000 0.000000 -0.000000 1.000000 0.000000 0.000000 -1.000000 -0.000000 0.000000 0.000000 0.000000 0.000000 1.000000
1.000000 0.000000 0.000000 0.000000 0.000000 -0.000000 1.000000 0.000000 0.000000 -1.000000 -0.000000 0.000000 0.000000 0.000000 0.000000 1.000000
1.000000 0.000000 0.000000 0.000000 0.000000 -0.000000 1.000000 0.000000 0.000000 -1.000000 -0.000000 0.000000 0.000000 0.000000 0.000000 1.000000
1.000000 0.000000 0.000000 0.000000 0.000000 -0.000000 1.000000 0.000000 0.000000 -1.000000 -0.000000 0.000000 0.000000 0.000000 0.000000 1.000000
1.000000 0.000000 0.000000 0.000000 0.000000 -0.000000 1.000000 0.000000 0.000000 -1.000000 -0.000000 0.000000 0.000000 0.000000 0.000000 1.000000
1.000000 0.000000 0.000000 0.000000 0.000000 -0.000000 1.000000 0.000000 0.000000 -1.000000 -0.000000 0.000000 0.000000 0.000000 0.000000 1.000000
1.000000 0.000000 0.000000 0.000000 0.000000 -0.000000 1.000000 0.000000 0.000000 -1.000000 -0.000000 0.000000 0.000000 0.000000 0.000000 1.000000
1.000000 0.000000 0.000000 0.000000 0.000000 -0.000000 1.000000 0.000000 0.000000 -1.000000 -0.000000 0.000000 0.000000 0.000000 0.000000 1.000000
1.000000 0.000000 0.000000 0.000000 0.000000 -0.000000 1.000000 0.000000 0.000000 -1.000000 -0.000000 0.000000 0.000000 0.000000 0.000000 1.000000
1.000000 0.000000 0.000000 0.000000 0.000000 -0.000000 1.000000 0.000000 0.000000 -1.000000 -0.000000 0.000000 0.000000 0.000000 0.000000 1.000000
1.000000 0.000000 0.000000 0.000000 0.000000 -0.000000 1.000000 0.000000 0.000000 -1.000000 -0.000000 0.000000 0.000000 0.000000 0.000000 1.000000
1.000000 0.000000 0.000000 0.000000 0.000000 -0.000000 1.000000 0.000000 0.000000 -1.000000 -0.000000 0.000000 0.000000 0.000000 0.000000 1.000000
1.000000 0.000000 0.000000 0.000000 0.000000 -0.000000 1.000000 0.000000 0.000000 -1.000000 -0.000000 0.000000 0.000000 0.000000 0.000000 1.000000
1.000000 0.000000 0.000000 0.000000 0.000000 -0.000000 1.000000 0.000000 0.000000 -1.000000 -0.000000 0.000000 0.000000 0.000000 0.000000 1.000000
1.000000 0.000000 0.000000 0.000000 0.000000 -0.000000 1.000000 0.000000 0.000000 -1.000000 -0.000000 0.000000 0.000000 0.000000 0.000000 1.000000
1.000000 0.000000 0.000000 0.000000 0.000000 -0.000000 1.000000 0.000000 0.000000 -1.000000 -0.000000 0.000000 0.000000 0.000000 0.000000 1.000000
1.000000 0.000000 0.000000 0.000000 0.000000 -0.000000 1.000000 0.000000 0.000000 -1.000000 -0.000000 0.000000 0.000000 0.000000 0.000000 1.000000
1.000000 0.000000 0.000000 0.000000 0.000000 -0.000000 1.000000 0.000000 0.000000 -1.000000 -0.000000 0.000000 0.000000 0.000000 0.000000 1.000000
1.000000 0.000000 0.000000 0.000000 0.000000 -0.000000 1.000000 0.000000 0.000000 -1.000000 -0.000000 0.000000 0.000000 0.000000 0.000000 1.000000
1.000000 0.000000 0.000000 0.000000 0.000000 -0.000000 1.000000 0.000000 0.000000 -1.000000 -0.000000 0.000000 0.000000 0.000000 0.000000 1.000000
1.000000 0.000000 0.000000 0.000000 0.000000 -0.000000 1.000000 0.000000 0.000000 -1.000000 -0.000000 0.000000 0.000000 0.000000 0.000000 1.000000
1.000000 0.000000 0.000000 0.000000 0.000000 -0.000000 1.000000 0.000000 0.000000 -1.000000 -0.000000 0.000000 0.000000 0.000000 0.000000 1.000000
1.000000 0.000000 0.000000 0.000000 0.000000 -0.000000 1.000000 0.000000 0.000000 -1.000000 -0.000000 0.000000 0.000000 0.000000 0.000000 1.000000
1.000000 0.000000 0.000000 0.000000 0.000000 -0.000000 1.000000 0.000000 0.000000 -1.000000 -0.000000 0.000000 0.000000 0.000000 0.000000 1.000000
1.000000 0.000000 0.000000 0.000000 0.000000 -0.000000 1.000000 0.000000 0.000000 -1.000000 -0.000000 0.000000 0.000000 0.000000 0.000000 1.000000
1.000000 0.000000 0.000000 0.000000 0.000000 -0.000000 1.000000 0.000000 0.000000 -1.000000 -0.000000 0.000000 0.000000 0.000000 0.000000 1.000000
1.000000 0.000000 0.000000 0.000000 0.000000 -0.000000 1.000000 0.000000 0.000000 -1.000000 -0.000000 0.000000 0.000000 0.000000 0.000000 1.000000
1.000000 0.000000 0.000000 0.000000 0.000000 -0.000000 1.000000 0.000000 0.000000 -1.000000 -0.000000 0.000000 0.000000 0.000000 0.000000 1.000000
1.000000 0.000000 0.000000 0.000000 0.000000 -0.000000 1.000000 0.000000 0.000000 -1.000000 -0.000000 0.000000 0.000000 0.000000 0.000000 1.000000
1.000000 0.000000 0.000000 0.000000 0.000000 -0.000000 1.000000 0.000000 0.000000 -1.000000 -0.000000 0.000000 0.000000 0.000000 0.000000 1.000000
1.000000 0.000000 0.000000 0.000000 0.000000 -0.000000 1.000000 0.000000 0.000000 -1.000000 -0.000000 0.000000 0.000000 0.000000 0.000000 1.000000
1.000000 0.000000 0.000000 0.000000 0.000000 -0.000000 1.000000 0.000000 0.000000 -1.000000 -0.000000 0.000000 0.000000 0.000000 0.000000 1.000000
1.000000 0.000000 0.000000 0.000000 0.000000 -0.000000 1.000000 0.000000 0.000000 -1.000000 -0.000000 0.000000 0.000000 0.000000 0.000000 1.000000
1.000000 0.000000 0.000000 0.000000 0.000000 -0.000000 1.000000 0.000000 0.000000 -1.000000 -0.000000 0.000000 0.000000 0.000000 0.000000 1.000000
1.000000 0.000000 0.000000 0.000000 0.000000 -0.000000 1.000000 0.000000 0.000000 -1.000000 -0.000000 0.000000 0.000000 0.000000 0.000000 1.000000
1.000000 0.000000 0.000000 0.000000 0.000000 -0.000000 1.000000 0.000000 0.000000 -1.000000 -0.000000 0.000000 0.000000 0.000000 0.000000 1.000000
1.000000 0.000000 0.000000 0.000000 0.000000 -0.000000 1.000000 0.000000 0.000000 -1.000000 -0.000000 0.000000 0.000000 0.000000 0.000000 1.000000
1.000000 0.000000 0.000000 0.000000 0.000000 -0.000000 1.000000 0.000000 0.000000 -1.000000 -0.000000 0.000000 0.000000 0.000000 0.000000 1.000000
1.000000 0.000000 0.000000 0.000000 0.000000 -0.000000 1.000000 0.000000 0.000000 -1.000000 -0.000000 0.000000 0.000000 0.000000 0.000000 1.000000
1.000000 0.000000 0.000000 0.000000 0.000000 -0.000000 1.000000 0.000000 0.000000 -1.000000 -0.000000 0.000000 0.000000 0.000000 0.000000 1.000000
1.000000 0.000000 0.000000 0.000000 0.000000 -0.000000 1.000000 0.000000 0.000000 -1.000000 -0.000000 0.000000 0.000000 0.000000 0.000000 1.000000
1.000000 0.000000 0.000000 0.000000 0.000000 -0.000000 1.000000 0.000000 0.000000 -1.000000 -0.000000 0.000000 0.000000 0.000000 0.000000 1.000000
1.000000 0.000000 0.000000 0.000000 0.000000 -0.000000 1.000000 0.000000 0.000000 -1.000000 -0.000000 0.000000 0.000000 0.000000 0.000000 1.000000
1.000000 0.000000 0.000000 0.000000 0.000000 -0.000000 1.000000 0.000000 0.000000 -1.000000 -0.000000 0.000000 0.000000 0.000000 0.000000 1.000000
1.000000 0.000000 0.000000 0.000000 0.000000 -0.000000 1.000000 0.000000 0.000000 -1.000000 -0.000000 0.000000 0.000000 0.000000 0.000000 1.000000</float_array><technique_common><accessor source="#Medkit_Bag-Matrix-animation-output-transform-array" count="45" stride="16"><param type="float4x4"/></accessor></technique_common></source><source id="Medkit_Bag-Interpolations"><Name_array id="Medkit_Bag-Interpolations-array" count="45">
 LINEAR LINEAR LINEAR LINEAR LINEAR LINEAR LINEAR LINEAR LINEAR LINEAR LINEAR
LINEAR LINEAR LINEAR LINEAR LINEAR LINEAR LINEAR LINEAR LINEAR LINEAR LINEAR LINEAR
LINEAR LINEAR LINEAR LINEAR LINEAR LINEAR LINEAR LINEAR LINEAR LINEAR LINEAR LINEAR
LINEAR LINEAR LINEAR LINEAR LINEAR LINEAR LINEAR LINEAR LINEAR LINEAR</Name_array><technique_common><accessor source="#Medkit_Bag-Interpolations-array" count="45"><param type="name"/></accessor></technique_common></source><sampler id="Medkit_Bag-Matrix-animation-transform"><input semantic="INPUT" source="#Medkit_Bag-Matrix-animation-input"/><input semantic="OUTPUT" source="#Medkit_Bag-Matrix-animation-output-transform"/><input semantic="INTERPOLATION" source="#Medkit_Bag-Interpolations"/></sampler><channel source="#Medkit_Bag-Matrix-animation-transform" target="Medkit_Bag/matrix"/></animation></animation>
    <animation id="jnt_medkit-anim" name="jnt_medkit"><animation><source id="jnt_medkit-Matrix-animation-input"><float_array id="jnt_medkit-Matrix-animation-input-array" count="45">

0.000000 0.033333 0.066667 0.100000 0.133333 0.166667 0.200000 0.233333 0.266667 0.300000 0.333333 0.366667 0.400000 0.433333 0.466667 0.500000
0.533333 0.566667 0.600000 0.633333 0.666667 0.700000 0.733333 0.766667 0.800000 0.833333 0.866667 0.900000 0.933333 0.966667 1.000000 1.033333
1.066667 1.100000 1.133333 1.166667 1.200000 1.233333 1.266667 1.300000 1.333333 1.366667 1.400000 1.433333 1.466667</float_array><technique_common><accessor source="#jnt_medkit-Matrix-animation-input-array" count="45"><param name="TIME" type="float"/></accessor></technique_common></source><source id="jnt_medkit-Matrix-animation-output-transform"><float_array id="jnt_medkit-Matrix-animation-output-transform-array" count="720">

1.000000 0.000000 0.000000 0.000000 0.000000 -0.000000 -1.000000 0.000000 0.000000 1.000000 -0.000000 0.000000 0.000000 0.000000 0.000000 1.000000
1.000000 0.000000 0.000000 0.000000 0.000000 -0.000000 -1.000000 0.000000 0.000000 1.000000 -0.000000 0.000000 0.000000 0.000000 0.000000 1.000000
1.000000 0.000000 0.000000 0.000000 0.000000 -0.000000 -1.000000 0.000000 0.000000 1.000000 -0.000000 0.000000 0.000000 0.000000 0.000000 1.000000
1.000000 0.000000 0.000000 0.000000 0.000000 -0.000000 -1.000000 0.000000 0.000000 1.000000 -0.000000 0.000000 0.000000 0.000000 0.000000 1.000000
1.000000 0.000000 0.000000 0.000000 0.000000 -0.000000 -1.000000 0.000000 0.000000 1.000000 -0.000000 0.000000 0.000000 0.000000 0.000000 1.000000
1.000000 0.000000 0.000000 0.000000 0.000000 -0.000000 -1.000000 0.000000 0.000000 1.000000 -0.000000 0.000000 0.000000 0.000000 0.000000 1.000000
1.000000 0.000000 0.000000 0.000000 0.000000 -0.000000 -1.000000 0.000000 0.000000 1.000000 -0.000000 0.000000 0.000000 0.000000 0.000000 1.000000
1.000000 0.000000 0.000000 0.000000 0.000000 -0.000000 -1.000000 0.000000 0.000000 1.000000 -0.000000 0.000000 0.000000 0.000000 0.000000 1.000000
1.000000 0.000000 0.000000 0.000000 0.000000 -0.000000 -1.000000 0.000000 0.000000 1.000000 -0.000000 0.000000 0.000000 0.000000 0.000000 1.000000
1.000000 0.000000 0.000000 0.000000 0.000000 -0.000000 -1.000000 0.000000 0.000000 1.000000 -0.000000 0.000000 0.000000 0.000000 0.000000 1.000000
1.000000 0.000000 0.000000 0.000000 0.000000 -0.000000 -1.000000 0.000000 0.000000 1.000000 -0.000000 0.000000 0.000000 0.000000 0.000000 1.000000
1.000000 0.000000 0.000000 0.000000 0.000000 -0.000000 -1.000000 0.000000 0.000000 1.000000 -0.000000 0.000000 0.000000 0.000000 0.000000 1.000000
1.000000 0.000000 0.000000 0.000000 0.000000 -0.000000 -1.000000 0.000000 0.000000 1.000000 -0.000000 0.000000 0.000000 0.000000 0.000000 1.000000
1.000000 0.000000 0.000000 0.000000 0.000000 -0.000000 -1.000000 0.000000 0.000000 1.000000 -0.000000 0.000000 0.000000 0.000000 0.000000 1.000000
1.000000 0.000000 0.000000 0.000000 0.000000 -0.000000 -1.000000 0.000000 0.000000 1.000000 -0.000000 0.000000 0.000000 0.000000 0.000000 1.000000
1.000000 0.000000 0.000000 0.000000 0.000000 -0.000000 -1.000000 0.000000 0.000000 1.000000 -0.000000 0.000000 0.000000 0.000000 0.000000 1.000000
1.000000 0.000000 0.000000 0.000000 0.000000 -0.000000 -1.000000 0.000000 0.000000 1.000000 -0.000000 0.000000 0.000000 0.000000 0.000000 1.000000
1.000000 0.000000 0.000000 0.000000 0.000000 -0.000000 -1.000000 0.000000 0.000000 1.000000 -0.000000 0.000000 0.000000 0.000000 0.000000 1.000000
1.000000 0.000000 0.000000 0.000000 0.000000 -0.000000 -1.000000 0.000000 0.000000 1.000000 -0.000000 0.000000 0.000000 0.000000 0.000000 1.000000
1.000000 0.000000 0.000000 0.000000 0.000000 -0.000000 -1.000000 0.000000 0.000000 1.000000 -0.000000 0.000000 0.000000 0.000000 0.000000 1.000000
1.000000 0.000000 0.000000 0.000000 0.000000 -0.000000 -1.000000 0.000000 0.000000 1.000000 -0.000000 0.000000 0.000000 0.000000 0.000000 1.000000
1.000000 0.000000 0.000000 0.000000 0.000000 -0.000000 -1.000000 0.000000 0.000000 1.000000 -0.000000 0.000000 0.000000 0.000000 0.000000 1.000000
1.000000 0.000000 0.000000 0.000000 0.000000 -0.000000 -1.000000 0.000000 0.000000 1.000000 -0.000000 0.000000 0.000000 0.000000 0.000000 1.000000
1.000000 0.000000 0.000000 0.000000 0.000000 -0.000000 -1.000000 0.000000 0.000000 1.000000 -0.000000 0.000000 0.000000 0.000000 0.000000 1.000000
1.000000 0.000000 0.000000 0.000000 0.000000 -0.000000 -1.000000 0.000000 0.000000 1.000000 -0.000000 0.000000 0.000000 0.000000 0.000000 1.000000
1.000000 0.000000 0.000000 0.000000 0.000000 -0.000000 -1.000000 0.000000 0.000000 1.000000 -0.000000 0.000000 0.000000 0.000000 0.000000 1.000000
1.000000 0.000000 0.000000 0.000000 0.000000 -0.000000 -1.000000 0.000000 0.000000 1.000000 -0.000000 0.000000 0.000000 0.000000 0.000000 1.000000
1.000000 0.000000 0.000000 0.000000 0.000000 -0.000000 -1.000000 0.000000 0.000000 1.000000 -0.000000 0.000000 0.000000 0.000000 0.000000 1.000000
1.000000 0.000000 0.000000 0.000000 0.000000 -0.000000 -1.000000 0.000000 0.000000 1.000000 -0.000000 0.000000 0.000000 0.000000 0.000000 1.000000
1.000000 0.000000 0.000000 0.000000 0.000000 -0.000000 -1.000000 0.000000 0.000000 1.000000 -0.000000 0.000000 0.000000 0.000000 0.000000 1.000000
1.000000 0.000000 0.000000 0.000000 0.000000 -0.000000 -1.000000 0.000000 0.000000 1.000000 -0.000000 0.000000 0.000000 0.000000 0.000000 1.000000
1.000000 0.000000 0.000000 0.000000 0.000000 -0.000000 -1.000000 0.000000 0.000000 1.000000 -0.000000 0.000000 0.000000 0.000000 0.000000 1.000000
1.000000 0.000000 0.000000 0.000000 0.000000 -0.000000 -1.000000 0.000000 0.000000 1.000000 -0.000000 0.000000 0.000000 0.000000 0.000000 1.000000
1.000000 0.000000 0.000000 0.000000 0.000000 -0.000000 -1.000000 0.000000 0.000000 1.000000 -0.000000 0.000000 0.000000 0.000000 0.000000 1.000000
1.000000 0.000000 0.000000 0.000000 0.000000 -0.000000 -1.000000 0.000000 0.000000 1.000000 -0.000000 0.000000 0.000000 0.000000 0.000000 1.000000
1.000000 0.000000 0.000000 0.000000 0.000000 -0.000000 -1.000000 0.000000 0.000000 1.000000 -0.000000 0.000000 0.000000 0.000000 0.000000 1.000000
1.000000 0.000000 0.000000 0.000000 0.000000 -0.000000 -1.000000 0.000000 0.000000 1.000000 -0.000000 0.000000 0.000000 0.000000 0.000000 1.000000
1.000000 0.000000 0.000000 0.000000 0.000000 -0.000000 -1.000000 0.000000 0.000000 1.000000 -0.000000 0.000000 0.000000 0.000000 0.000000 1.000000
1.000000 0.000000 0.000000 0.000000 0.000000 -0.000000 -1.000000 0.000000 0.000000 1.000000 -0.000000 0.000000 0.000000 0.000000 0.000000 1.000000
1.000000 0.000000 0.000000 0.000000 0.000000 -0.000000 -1.000000 0.000000 0.000000 1.000000 -0.000000 0.000000 0.000000 0.000000 0.000000 1.000000
1.000000 0.000000 0.000000 0.000000 0.000000 -0.000000 -1.000000 0.000000 0.000000 1.000000 -0.000000 0.000000 0.000000 0.000000 0.000000 1.000000
1.000000 0.000000 0.000000 0.000000 0.000000 -0.000000 -1.000000 0.000000 0.000000 1.000000 -0.000000 0.000000 0.000000 0.000000 0.000000 1.000000
1.000000 0.000000 0.000000 0.000000 0.000000 -0.000000 -1.000000 0.000000 0.000000 1.000000 -0.000000 0.000000 0.000000 0.000000 0.000000 1.000000
1.000000 0.000000 0.000000 0.000000 0.000000 -0.000000 -1.000000 0.000000 0.000000 1.000000 -0.000000 0.000000 0.000000 0.000000 0.000000 1.000000
1.000000 0.000000 0.000000 0.000000 0.000000 -0.000000 -1.000000 0.000000 0.000000 1.000000 -0.000000 0.000000 0.000000 0.000000 0.000000 1.000000</float_array><technique_common><accessor source="#jnt_medkit-Matrix-animation-output-transform-array" count="45" stride="16"><param type="float4x4"/></accessor></technique_common></source><source id="jnt_medkit-Interpolations"><Name_array id="jnt_medkit-Interpolations-array" count="45">
 LINEAR LINEAR LINEAR LINEAR LINEAR LINEAR LINEAR LINEAR LINEAR LINEAR LINEAR
LINEAR LINEAR LINEAR LINEAR LINEAR LINEAR LINEAR LINEAR LINEAR LINEAR LINEAR LINEAR
LINEAR LINEAR LINEAR LINEAR LINEAR LINEAR LINEAR LINEAR LINEAR LINEAR LINEAR LINEAR
LINEAR LINEAR LINEAR LINEAR LINEAR LINEAR LINEAR LINEAR LINEAR LINEAR</Name_array><technique_common><accessor source="#jnt_medkit-Interpolations-array" count="45"><param type="name"/></accessor></technique_common></source><sampler id="jnt_medkit-Matrix-animation-transform"><input semantic="INPUT" source="#jnt_medkit-Matrix-animation-input"/><input semantic="OUTPUT" source="#jnt_medkit-Matrix-animation-output-transform"/><input semantic="INTERPOLATION" source="#jnt_medkit-Interpolations"/></sampler><channel source="#jnt_medkit-Matrix-animation-transform" target="jnt_medkit/matrix"/></animation></animation>
    <animation id="MP_cover1-anim" name="MP_cover1"><animation><source id="MP_cover1-Matrix-animation-input"><float_array id="MP_cover1-Matrix-animation-input-array" count="45">

0.000000 0.033333 0.066667 0.100000 0.133333 0.166667 0.200000 0.233333 0.266667 0.300000 0.333333 0.366667 0.400000 0.433333 0.466667 0.500000
0.533333 0.566667 0.600000 0.633333 0.666667 0.700000 0.733333 0.766667 0.800000 0.833333 0.866667 0.900000 0.933333 0.966667 1.000000 1.033333
1.066667 1.100000 1.133333 1.166667 1.200000 1.233333 1.266667 1.300000 1.333333 1.366667 1.400000 1.433333 1.466667</float_array><technique_common><accessor source="#MP_cover1-Matrix-animation-input-array" count="45"><param name="TIME" type="float"/></accessor></technique_common></source><source id="MP_cover1-Matrix-animation-output-transform"><float_array id="MP_cover1-Matrix-animation-output-transform-array" count="720">

1.000000 -0.000000 -0.000001 -0.447913 -0.000001 -0.000000 -1.000000 0.405312 0.000000 1.000000 -0.000000 -0.442700 0.000000 0.000000 0.000000 1.000000
1.000000 0.000000 -0.000001 -0.447913 -0.000001 0.063323 -0.997993 0.405312 0.000000 0.997993 0.063323 -0.442700 0.000000 0.000000 0.000000 1.000000
1.000000 0.000000 -0.000001 -0.447913 -0.000001 0.236853 -0.971546 0.405312 0.000000 0.971546 0.236853 -0.442700 0.000000 0.000000 0.000000 1.000000
1.000000 0.000000 -0.000001 -0.447913 -0.000001 0.485091 -0.874464 0.405312 0.000000 0.874464 0.485091 -0.442700 0.000000 0.000000 0.000000 1.000000
1.000000 0.000000 -0.000001 -0.447913 -0.000001 0.738628 -0.674113 0.405312 0.000000 0.674113 0.738628 -0.442700 0.000000 0.000000 0.000000 1.000000
1.000000 0.000001 -0.000001 -0.447913 -0.000001 0.916631 -0.399734 0.405312 0.000000 0.399734 0.916631 -0.442700 0.000000 0.000000 0.000000 1.000000
1.000000 0.000001 -0.000000 -0.447913 -0.000001 0.990929 -0.134390 0.405312 0.000000 0.134390 0.990929 -0.442700 0.000000 0.000000 0.000000 1.000000
1.000000 0.000000 -0.000000 -0.447913 -0.000000 0.998773 0.049524 0.405312 0.000000 -0.049524 0.998773 -0.442700 0.000000 0.000000 0.000000 1.000000
1.000000 0.000000 -0.000000 -0.447913 -0.000000 0.993227 0.116194 0.405312 0.000000 -0.116194 0.993227 -0.442700 0.000000 0.000000 0.000000 1.000000
1.000000 0.000000 -0.000001 -0.447913 -0.000000 0.993974 0.109615 0.405312 0.000001 -0.109615 0.993974 -0.442700 0.000000 0.000000 0.000000 1.000000
1.000000 0.000000 -0.000001 -0.447913 -0.000000 0.995692 0.092719 0.405312 0.000001 -0.092719 0.995692 -0.442700 0.000000 0.000000 0.000000 1.000000
1.000000 0.000000 -0.000001 -0.447913 -0.000000 0.997562 0.069785 0.405312 0.000001 -0.069785 0.997562 -0.442700 0.000000 0.000000 0.000000 1.000000
1.000000 0.000000 -0.000001 -0.447913 -0.000000 0.998985 0.045039 0.405312 0.000001 -0.045039 0.998985 -0.442700 0.000000 0.000000 0.000000 1.000000
1.000000 0.000000 -0.000001 -0.447913 -0.000000 0.999745 0.022564 0.405312 0.000001 -0.022564 0.999745 -0.442700 0.000000 0.000000 0.000000 1.000000
1.000000 0.000000 -0.000001 -0.447913 -0.000000 0.999980 0.006279 0.405312 0.000001 -0.006279 0.999980 -0.442700 0.000000 0.000000 0.000000 1.000000
1.000000 0.000000 -0.000001 -0.447913 0.000000 1.000000 0.000000 0.405312 0.000001 -0.000000 1.000000 -0.442700 0.000000 0.000000 0.000000 1.000000
1.000000 0.000000 -0.000001 -0.447913 0.000000 1.000000 0.000000 0.405312 0.000001 -0.000000 1.000000 -0.442700 0.000000 0.000000 0.000000 1.000000
1.000000 0.000000 -0.000001 -0.447913 0.000000 1.000000 0.000000 0.405312 0.000001 -0.000000 1.000000 -0.442700 0.000000 0.000000 0.000000 1.000000
1.000000 0.000000 -0.000001 -0.447913 0.000000 1.000000 0.000000 0.405312 0.000001 -0.000000 1.000000 -0.442700 0.000000 0.000000 0.000000 1.000000
1.000000 0.000000 -0.000001 -0.447913 0.000000 1.000000 0.000000 0.405312 0.000001 -0.000000 1.000000 -0.442700 0.000000 0.000000 0.000000 1.000000
1.000000 0.000000 -0.000001 -0.447913 0.000000 1.000000 0.000000 0.405312 0.000001 -0.000000 1.000000 -0.442700 0.000000 0.000000 0.000000 1.000000
1.000000 0.000000 -0.000001 -0.447913 0.000000 1.000000 0.000000 0.405312 0.000001 -0.000000 1.000000 -0.442700 0.000000 0.000000 0.000000 1.000000
1.000000 0.000000 -0.000001 -0.447913 0.000000 1.000000 0.000000 0.405312 0.000001 -0.000000 1.000000 -0.442700 0.000000 0.000000 0.000000 1.000000
1.000000 0.000000 -0.000001 -0.447913 0.000000 1.000000 0.000000 0.405312 0.000001 -0.000000 1.000000 -0.442700 0.000000 0.000000 0.000000 1.000000
1.000000 0.000000 -0.000001 -0.447913 0.000000 1.000000 0.000000 0.405312 0.000001 -0.000000 1.000000 -0.442700 0.000000 0.000000 0.000000 1.000000
1.000000 0.000000 -0.000001 -0.447913 0.000000 1.000000 0.000000 0.405312 0.000001 -0.000000 1.000000 -0.442700 0.000000 0.000000 0.000000 1.000000
1.000000 0.000000 -0.000001 -0.447913 0.000000 1.000000 0.000000 0.405312 0.000001 -0.000000 1.000000 -0.442700 0.000000 0.000000 0.000000 1.000000
1.000000 0.000000 -0.000001 -0.447913 0.000000 1.000000 0.000000 0.405312 0.000001 -0.000000 1.000000 -0.442700 0.000000 0.000000 0.000000 1.000000
1.000000 0.000000 -0.000001 -0.447913 0.000000 1.000000 0.000000 0.405312 0.000001 -0.000000 1.000000 -0.442700 0.000000 0.000000 0.000000 1.000000
1.000000 0.000000 -0.000001 -0.447913 0.000000 1.000000 0.000000 0.405312 0.000001 -0.000000 1.000000 -0.442700 0.000000 0.000000 0.000000 1.000000
1.000000 0.000000 -0.000001 -0.447913 0.000000 1.000000 0.000000 0.405312 0.000001 -0.000000 1.000000 -0.442700 0.000000 0.000000 0.000000 1.000000
1.000000 0.000000 -0.000001 -0.447913 -0.000000 0.999203 -0.039910 0.405312 0.000001 0.039910 0.999203 -0.442700 0.000000 0.000000 0.000000 1.000000
1.000000 0.000000 -0.000001 -0.447913 -0.000000 0.988560 -0.150831 0.405312 0.000001 0.150831 0.988560 -0.442700 0.000000 0.000000 0.000000 1.000000
1.000000 0.000000 -0.000001 -0.447913 -0.000000 0.948206 -0.317656 0.405312 0.000001 0.317656 0.948206 -0.442700 0.000000 0.000000 0.000000 1.000000
1.000000 -0.000000 -0.000001 -0.447913 -0.000000 0.856987 -0.515338 0.405312 0.000001 0.515338 0.856987 -0.442700 0.000000 0.000000 0.000000 1.000000
1.000000 0.000000 -0.000001 -0.447913 -0.000001 0.707107 -0.707107 0.405312 0.000001 0.707107 0.707107 -0.442700 0.000000 0.000000 0.000000 1.000000
1.000000 -0.000000 -0.000001 -0.447913 -0.000001 0.515337 -0.856987 0.405312 0.000000 0.856987 0.515337 -0.442700 0.000000 0.000000 0.000000 1.000000
1.000000 0.000000 -0.000001 -0.447913 -0.000001 0.317656 -0.948206 0.405312 0.000000 0.948206 0.317656 -0.442700 0.000000 0.000000 0.000000 1.000000
1.000000 0.000000 -0.000001 -0.447913 -0.000001 0.150831 -0.988560 0.405312 0.000000 0.988560 0.150831 -0.442700 0.000000 0.000000 0.000000 1.000000
1.000000 -0.000000 -0.000001 -0.447913 -0.000001 0.039909 -0.999203 0.405312 0.000000 0.999203 0.039909 -0.425990 0.000000 0.000000 0.000000 1.000000
1.000000 -0.000000 -0.000001 -0.447913 -0.000001 -0.000000 -1.000000 0.405312 0.000000 1.000000 -0.000000 -0.409280 0.000000 0.000000 0.000000 1.000000
1.000000 -0.000000 -0.000001 -0.447913 -0.000001 -0.000000 -1.000000 0.405312 0.000000 1.000000 -0.000000 -0.417944 0.000000 0.000000 0.000000 1.000000
1.000000 -0.000000 -0.000001 -0.447913 -0.000001 -0.000000 -1.000000 0.405312 0.000000 1.000000 -0.000000 -0.434036 0.000000 0.000000 0.000000 1.000000
1.000000 -0.000000 -0.000001 -0.447913 -0.000001 -0.000000 -1.000000 0.405312 0.000000 1.000000 -0.000000 -0.442700 0.000000 0.000000 0.000000 1.000000
1.000000 -0.000000 -0.000001 -0.447913 -0.000001 -0.000000 -1.000000 0.405312 0.000000 1.000000 -0.000000 -0.442700 0.000000 0.000000 0.000000 1.000000</float_array><technique_common><accessor source="#MP_cover1-Matrix-animation-output-transform-array" count="45" stride="16"><param type="float4x4"/></accessor></technique_common></source><source id="MP_cover1-Interpolations"><Name_array id="MP_cover1-Interpolations-array" count="45">
 LINEAR LINEAR LINEAR LINEAR LINEAR LINEAR LINEAR LINEAR LINEAR LINEAR LINEAR
LINEAR LINEAR LINEAR LINEAR LINEAR LINEAR LINEAR LINEAR LINEAR LINEAR LINEAR LINEAR
LINEAR LINEAR LINEAR LINEAR LINEAR LINEAR LINEAR LINEAR LINEAR LINEAR LINEAR LINEAR
LINEAR LINEAR LINEAR LINEAR LINEAR LINEAR LINEAR LINEAR LINEAR LINEAR</Name_array><technique_common><accessor source="#MP_cover1-Interpolations-array" count="45"><param type="name"/></accessor></technique_common></source><sampler id="MP_cover1-Matrix-animation-transform"><input semantic="INPUT" source="#MP_cover1-Matrix-animation-input"/><input semantic="OUTPUT" source="#MP_cover1-Matrix-animation-output-transform"/><input semantic="INTERPOLATION" source="#MP_cover1-Interpolations"/></sampler><channel source="#MP_cover1-Matrix-animation-transform" target="MP_cover1/matrix"/></animation></animation>
    <animation id="MP_cover2-anim" name="MP_cover2"><animation><source id="MP_cover2-Matrix-animation-input"><float_array id="MP_cover2-Matrix-animation-input-array" count="45">

0.000000 0.033333 0.066667 0.100000 0.133333 0.166667 0.200000 0.233333 0.266667 0.300000 0.333333 0.366667 0.400000 0.433333 0.466667 0.500000
0.533333 0.566667 0.600000 0.633333 0.666667 0.700000 0.733333 0.766667 0.800000 0.833333 0.866667 0.900000 0.933333 0.966667 1.000000 1.033333
1.066667 1.100000 1.133333 1.166667 1.200000 1.233333 1.266667 1.300000 1.333333 1.366667 1.400000 1.433333 1.466667</float_array><technique_common><accessor source="#MP_cover2-Matrix-animation-input-array" count="45"><param name="TIME" type="float"/></accessor></technique_common></source><source id="MP_cover2-Matrix-animation-output-transform"><float_array id="MP_cover2-Matrix-animation-output-transform-array" count="720">

-1.000000 -0.000000 -0.000000 0.000000 -0.000000 0.999992 -0.003952 0.538885 0.000000 -0.003952 -0.999992 0.000000 0.000000 0.000000 0.000000 1.000000
-1.000000 0.000000 -0.000000 -0.000000 -0.000000 0.993657 0.112456 0.538885 0.000000 0.112456 -0.993657 -0.000000 0.000000 0.000000 0.000000 1.000000
-1.000000 0.000000 -0.000000 -0.000000 -0.000000 0.973817 0.227335 0.538885 0.000000 0.227335 -0.973817 0.000000 0.000000 0.000000 0.000000 1.000000
-1.000000 -0.000000 -0.000000 -0.000000 -0.000000 0.973817 0.227335 0.538885 0.000000 0.227335 -0.973817 0.000000 0.000000 0.000000 0.000000 1.000000
-1.000000 -0.000000 -0.000000 0.000000 -0.000000 0.973817 0.227335 0.538885 0.000000 0.227335 -0.973817 0.000000 0.000000 0.000000 0.000000 1.000000
-1.000000 -0.000000 -0.000000 -0.000000 -0.000000 0.973817 0.227335 0.538885 0.000000 0.227335 -0.973817 0.000000 0.000000 0.000000 0.000000 1.000000
-1.000000 -0.000000 -0.000000 -0.000000 -0.000000 0.994388 0.105796 0.538885 0.000000 0.105796 -0.994388 -0.000000 0.000000 0.000000 0.000000 1.000000
-1.000000 -0.000000 -0.000000 0.000000 -0.000000 0.992235 -0.124377 0.538885 0.000000 -0.124377 -0.992235 -0.000000 0.000000 0.000000 0.000000 1.000000
-1.000000 -0.000000 -0.000000 -0.000000 -0.000000 0.969394 -0.245510 0.538885 0.000000 -0.245510 -0.969394 0.000000 0.000000 0.000000 0.000000 1.000000
-1.000000 -0.000000 -0.000000 -0.000000 -0.000000 0.972619 -0.232408 0.538885 0.000000 -0.232408 -0.972618 0.000000 0.000000 0.000000 0.000000 1.000000
-1.000000 -0.000000 -0.000000 -0.000000 -0.000000 0.980124 -0.198387 0.538885 0.000000 -0.198387 -0.980124 -0.000000 0.000000 0.000000 0.000000 1.000000
-1.000000 -0.000000 -0.000000 0.000000 -0.000000 0.988470 -0.151420 0.538885 0.000000 -0.151420 -0.988470 -0.000000 0.000000 0.000000 0.000000 1.000000
-1.000000 -0.000000 -0.000000 0.000000 -0.000000 0.995005 -0.099826 0.538885 0.000000 -0.099826 -0.995005 -0.000000 0.000000 0.000000 0.000000 1.000000
-1.000000 -0.000000 -0.000000 -0.000000 -0.000000 0.998634 -0.052262 0.538885 0.000000 -0.052262 -0.998633 -0.000000 0.000000 0.000000 0.000000 1.000000
-1.000000 -0.000000 -0.000000 -0.000000 -0.000000 0.999848 -0.017444 0.538885 0.000000 -0.017444 -0.999848 -0.000000 0.000000 0.000000 0.000000 1.000000
-1.000000 -0.000000 -0.000000 0.000000 -0.000000 0.999992 -0.003952 0.538885 0.000000 -0.003952 -0.999992 0.000000 0.000000 0.000000 0.000000 1.000000
-1.000000 -0.000000 -0.000000 0.000000 -0.000000 0.999992 -0.003952 0.538885 0.000000 -0.003952 -0.999992 0.000000 0.000000 0.000000 0.000000 1.000000
-1.000000 -0.000000 -0.000000 0.000000 -0.000000 0.999992 -0.003952 0.538885 0.000000 -0.003952 -0.999992 0.000000 0.000000 0.000000 0.000000 1.000000
-1.000000 -0.000000 -0.000000 0.000000 -0.000000 0.999992 -0.003952 0.538885 0.000000 -0.003952 -0.999992 0.000000 0.000000 0.000000 0.000000 1.000000
-1.000000 -0.000000 -0.000000 0.000000 -0.000000 0.999992 -0.003952 0.538885 0.000000 -0.003952 -0.999992 0.000000 0.000000 0.000000 0.000000 1.000000
-1.000000 -0.000000 -0.000000 0.000000 -0.000000 0.999992 -0.003952 0.538885 0.000000 -0.003952 -0.999992 0.000000 0.000000 0.000000 0.000000 1.000000
-1.000000 -0.000000 -0.000000 0.000000 -0.000000 0.999992 -0.003952 0.538885 0.000000 -0.003952 -0.999992 0.000000 0.000000 0.000000 0.000000 1.000000
-1.000000 -0.000000 -0.000000 0.000000 -0.000000 0.999992 -0.003952 0.538885 0.000000 -0.003952 -0.999992 0.000000 0.000000 0.000000 0.000000 1.000000
-1.000000 -0.000000 -0.000000 0.000000 -0.000000 0.999992 -0.003952 0.538885 0.000000 -0.003952 -0.999992 0.000000 0.000000 0.000000 0.000000 1.000000
-1.000000 -0.000000 -0.000000 0.000000 -0.000000 0.999992 -0.003952 0.538885 0.000000 -0.003952 -0.999992 0.000000 0.000000 0.000000 0.000000 1.000000
-1.000000 -0.000000 -0.000000 0.000000 -0.000000 0.999992 -0.003952 0.538885 0.000000 -0.003952 -0.999992 0.000000 0.000000 0.000000 0.000000 1.000000
-1.000000 -0.000000 -0.000000 0.000000 -0.000000 0.999992 -0.003952 0.538885 0.000000 -0.003952 -0.999992 0.000000 0.000000 0.000000 0.000000 1.000000
-1.000000 -0.000000 -0.000000 0.000000 -0.000000 0.999992 -0.003952 0.538885 0.000000 -0.003952 -0.999992 0.000000 0.000000 0.000000 0.000000 1.000000
-1.000000 -0.000000 -0.000000 0.000000 -0.000000 0.999992 -0.003952 0.538885 0.000000 -0.003952 -0.999992 0.000000 0.000000 0.000000 0.000000 1.000000
-1.000000 -0.000000 -0.000000 0.000000 -0.000000 0.999992 -0.003952 0.538885 0.000000 -0.003952 -0.999992 0.000000 0.000000 0.000000 0.000000 1.000000
-1.000000 -0.000000 -0.000000 0.000000 -0.000000 0.999992 -0.003952 0.538885 0.000000 -0.003952 -0.999992 0.000000 0.000000 0.000000 0.000000 1.000000
-1.000000 -0.000000 -0.000000 -0.000000 -0.000000 0.999845 -0.017620 0.538885 0.000000 -0.017620 -0.999845 -0.000000 0.000000 0.000000 0.000000 1.000000
-1.000000 -0.000000 -0.000000 -0.000000 -0.000000 0.998558 -0.053694 0.538885 0.000000 -0.053694 -0.998557 0.000000 0.000000 0.000000 0.000000 1.000000
-1.000000 -0.000000 -0.000000 0.000000 -0.000000 0.994506 -0.104682 0.538885 0.000000 -0.104682 -0.994506 -0.000000 0.000000 0.000000 0.000000 1.000000
-1.000000 -0.000000 -0.000000 -0.000000 -0.000000 0.986647 -0.162876 0.538885 0.000000 -0.162876 -0.986647 -0.000000 0.000000 0.000000 0.000000 1.000000
-1.000000 -0.000000 -0.000000 -0.000000 -0.000000 0.975386 -0.220508 0.538885 0.000000 -0.220508 -0.975385 0.000000 0.000000 0.000000 0.000000 1.000000
-1.000000 -0.000000 -0.000000 -0.000000 -0.000000 0.962835 -0.270092 0.538885 0.000000 -0.270092 -0.962835 -0.000000 0.000000 0.000000 0.000000 1.000000
-1.000000 -0.000000 -0.000000 -0.000000 -0.000000 0.952459 -0.304666 0.538885 0.000000 -0.304666 -0.952459 -0.000000 0.000000 0.000000 0.000000 1.000000
-1.000000 -0.000000 -0.000000 -0.000000 -0.000000 0.948206 -0.317657 0.538885 0.000000 -0.317657 -0.948206 -0.000000 0.000000 0.000000 0.000000 1.000000
-1.000000 -0.000000 -0.000000 -0.000000 -0.000000 0.995590 -0.093816 0.538885 0.000000 -0.093816 -0.995589 -0.000000 0.000000 0.000000 0.000000 1.000000
-1.000000 0.000000 -0.000000 0.000000 -0.000000 0.990726 0.135878 0.538885 0.000000 0.135878 -0.990726 0.000000 0.000000 0.000000 0.000000 1.000000
-1.000000 0.000000 -0.000000 0.000000 -0.000000 0.997824 0.065931 0.538885 0.000000 0.065931 -0.997824 0.000000 0.000000 0.000000 0.000000 1.000000
-1.000000 -0.000000 -0.000000 0.000000 -0.000000 0.999992 -0.003952 0.538885 0.000000 -0.003952 -0.999992 0.000000 0.000000 0.000000 0.000000 1.000000
-1.000000 -0.000000 -0.000000 0.000000 -0.000000 0.999992 -0.003952 0.538885 0.000000 -0.003952 -0.999992 0.000000 0.000000 0.000000 0.000000 1.000000
-1.000000 -0.000000 -0.000000 0.000000 -0.000000 0.999992 -0.003952 0.538885 0.000000 -0.003952 -0.999992 0.000000 0.000000 0.000000 0.000000 1.000000</float_array><technique_common><accessor source="#MP_cover2-Matrix-animation-output-transform-array" count="45" stride="16"><param type="float4x4"/></accessor></technique_common></source><source id="MP_cover2-Interpolations"><Name_array id="MP_cover2-Interpolations-array" count="45">
 LINEAR LINEAR LINEAR LINEAR LINEAR LINEAR LINEAR LINEAR LINEAR LINEAR LINEAR
LINEAR LINEAR LINEAR LINEAR LINEAR LINEAR LINEAR LINEAR LINEAR LINEAR LINEAR LINEAR
LINEAR LINEAR LINEAR LINEAR LINEAR LINEAR LINEAR LINEAR LINEAR LINEAR LINEAR LINEAR
LINEAR LINEAR LINEAR LINEAR LINEAR LINEAR LINEAR LINEAR LINEAR LINEAR</Name_array><technique_common><accessor source="#MP_cover2-Interpolations-array" count="45"><param type="name"/></accessor></technique_common></source><sampler id="MP_cover2-Matrix-animation-transform"><input semantic="INPUT" source="#MP_cover2-Matrix-animation-input"/><input semantic="OUTPUT" source="#MP_cover2-Matrix-animation-output-transform"/><input semantic="INTERPOLATION" source="#MP_cover2-Interpolations"/></sampler><channel source="#MP_cover2-Matrix-animation-transform" target="MP_cover2/matrix"/></animation></animation>
    <animation id="MP_L1_belt-anim" name="MP_L1_belt"><animation><source id="MP_L1_belt-Matrix-animation-input"><float_array id="MP_L1_belt-Matrix-animation-input-array" count="45">

0.000000 0.033333 0.066667 0.100000 0.133333 0.166667 0.200000 0.233333 0.266667 0.300000 0.333333 0.366667 0.400000 0.433333 0.466667 0.500000
0.533333 0.566667 0.600000 0.633333 0.666667 0.700000 0.733333 0.766667 0.800000 0.833333 0.866667 0.900000 0.933333 0.966667 1.000000 1.033333
1.066667 1.100000 1.133333 1.166667 1.200000 1.233333 1.266667 1.300000 1.333333 1.366667 1.400000 1.433333 1.466667</float_array><technique_common><accessor source="#MP_L1_belt-Matrix-animation-input-array" count="45"><param name="TIME" type="float"/></accessor></technique_common></source><source id="MP_L1_belt-Matrix-animation-output-transform"><float_array id="MP_L1_belt-Matrix-animation-output-transform-array" count="720">

-1.000000 -0.000001 0.000001 -0.000000 -0.000001 0.552493 -0.833518 0.396922 0.000000 -0.833518 -0.552493 -0.214748 0.000000 0.000000 0.000000 1.000000
-1.000000 -0.000001 0.000001 -0.000000 -0.000001 0.397440 -0.917628 0.396922 0.000000 -0.917628 -0.397441 -0.214748 0.000000 0.000000 0.000000 1.000000
-1.000000 -0.000001 0.000001 -0.000000 -0.000001 0.075797 -0.997123 0.396922 0.000001 -0.997123 -0.075797 -0.214748 0.000000 0.000000 0.000000 1.000000
-1.000000 -0.000001 0.000001 -0.000000 -0.000001 -0.100585 -0.994928 0.396922 0.000001 -0.994928 0.100585 -0.214748 0.000000 0.000000 0.000000 1.000000
-1.000000 -0.000001 0.000001 -0.000000 -0.000001 -0.100585 -0.994928 0.396922 0.000001 -0.994928 0.100585 -0.214748 0.000000 0.000000 0.000000 1.000000
-1.000000 -0.000001 0.000001 -0.000000 -0.000001 -0.100585 -0.994928 0.396922 0.000001 -0.994928 0.100585 -0.214748 0.000000 0.000000 0.000000 1.000000
-1.000000 -0.000001 0.000001 -0.000000 -0.000001 -0.100585 -0.994928 0.396923 0.000001 -0.994928 0.100585 -0.214748 0.000000 0.000000 0.000000 1.000000
-1.000000 -0.000001 0.000001 -0.000000 -0.000001 -0.100585 -0.994928 0.396922 0.000001 -0.994928 0.100585 -0.214748 0.000000 0.000000 0.000000 1.000000
-1.000000 -0.000001 0.000001 -0.000000 -0.000001 -0.005495 -0.999985 0.396922 0.000001 -0.999985 0.005495 -0.214748 0.000000 0.000000 0.000000 1.000000
-1.000000 -0.000001 0.000001 -0.000000 -0.000001 0.225981 -0.974132 0.396922 0.000000 -0.974131 -0.225981 -0.214748 0.000000 0.000000 0.000000 1.000000
-1.000000 -0.000001 0.000001 -0.000000 -0.000001 0.489174 -0.872186 0.396922 0.000000 -0.872186 -0.489174 -0.214748 0.000000 0.000000 0.000000 1.000000
-1.000000 -0.000000 0.000001 -0.000000 -0.000001 0.677669 -0.735367 0.396922 -0.000000 -0.735367 -0.677669 -0.214748 0.000000 0.000000 0.000000 1.000000
-1.000000 -0.000000 0.000001 -0.000000 -0.000001 0.744542 -0.667576 0.396922 -0.000000 -0.667575 -0.744542 -0.214748 0.000000 0.000000 0.000000 1.000000
-1.000000 -0.000000 0.000001 -0.000000 -0.000001 0.716270 -0.697823 0.396922 -0.000000 -0.697822 -0.716271 -0.214748 0.000000 0.000000 0.000000 1.000000
-1.000000 -0.000001 0.000001 -0.000000 -0.000001 0.632466 -0.774588 0.396923 0.000000 -0.774588 -0.632466 -0.214748 0.000000 0.000000 0.000000 1.000000
-1.000000 -0.000001 0.000001 -0.000000 -0.000001 0.491740 -0.870742 0.396923 0.000000 -0.870741 -0.491741 -0.214748 0.000000 0.000000 0.000000 1.000000
-1.000000 -0.000001 0.000001 -0.000000 -0.000001 0.300058 -0.953921 0.396923 0.000000 -0.953921 -0.300058 -0.214748 0.000000 0.000000 0.000000 1.000000
-1.000000 -0.000001 0.000001 -0.000000 -0.000001 0.079315 -0.996850 0.396923 0.000001 -0.996849 -0.079315 -0.214748 0.000000 0.000000 0.000000 1.000000
-1.000000 -0.000001 0.000001 -0.000000 -0.000001 -0.136926 -0.990581 0.396923 0.000001 -0.990581 0.136926 -0.214748 0.000000 0.000000 0.000000 1.000000
-1.000000 -0.000001 0.000001 -0.000000 -0.000001 -0.317857 -0.948138 0.396923 0.000001 -0.948138 0.317857 -0.214748 0.000000 0.000000 0.000000 1.000000
-1.000000 -0.000001 0.000001 -0.000000 -0.000001 -0.445789 -0.895138 0.396923 0.000001 -0.895138 0.445789 -0.214748 0.000000 0.000000 0.000000 1.000000
-1.000000 -0.000000 0.000001 -0.000000 -0.000001 -0.522350 -0.852731 0.396923 0.000001 -0.852731 0.522350 -0.214748 0.000000 0.000000 0.000000 1.000000
-1.000000 -0.000000 0.000001 -0.000000 -0.000001 -0.564412 -0.825493 0.396923 0.000001 -0.825493 0.564412 -0.214748 0.000000 0.000000 0.000000 1.000000
-1.000000 -0.000000 0.000001 -0.000000 -0.000001 -0.583398 -0.812186 0.396923 0.000001 -0.812186 0.583398 -0.214748 0.000000 0.000000 0.000000 1.000000
