<?xml version="1.0" encoding="utf-8"?>
<COLLADA xmlns="http://www.collada.org/2005/11/COLLADASchema" version="1.4.1">
    <asset>
        <contributor>
            <author></author>
            <authoring_tool>FBX COLLADA exporter</authoring_tool>
            <comments></comments>
        </contributor>
        <created>2022-08-17T11:38:45Z</created>
        <keywords></keywords>
        <modified>2022-08-17T11:38:45Z</modified>
        <revision></revision>
        <subject></subject>
        <title></title>
        <unit meter="0.010000" name="centimeter"></unit>
        <up_axis>Y_UP</up_axis>
    </asset>
    <library_animations>
        <animation id="Character-anim" name="Character">
            <animation>
                <source id="Character-Matrix-animation-input">
                    <float_array id="Character-Matrix-animation-input-array" count="20">

0.000000 0.033333 0.066667 0.100000 0.133333 0.166667 0.200000 0.233333 0.266667 0.300000 0.333333 0.366667 0.400000 0.433333 0.466667 0.500000
0.533333 0.566667 0.600000 0.633333</float_array>
                    <technique_common>
                        <accessor source="#Character-Matrix-animation-input-array" count="20">
                            <param name="TIME" type="float"/>
                        </accessor>
                    </technique_common>
                </source>
                <source id="Character-Matrix-animation-output-transform">
                    <float_array id="Character-Matrix-animation-output-transform-array" count="320">

1.000000 0.000000 0.000000 0.000000 0.000000 1.000000 -0.000000 0.000000 0.000000 0.000000 1.000000 0.000000 0.000000 0.000000 0.000000 1.000000
1.000000 0.000000 0.000000 0.000000 0.000000 1.000000 -0.000000 0.000000 0.000000 0.000000 1.000000 0.000000 0.000000 0.000000 0.000000 1.000000
1.000000 0.000000 0.000000 0.000000 0.000000 1.000000 -0.000000 0.000000 0.000000 0.000000 1.000000 0.000000 0.000000 0.000000 0.000000 1.000000
1.000000 0.000000 0.000000 0.000000 0.000000 1.000000 -0.000000 0.000000 0.000000 0.000000 1.000000 0.000000 0.000000 0.000000 0.000000 1.000000
1.000000 0.000000 0.000000 0.000000 0.000000 1.000000 -0.000000 0.000000 0.000000 0.000000 1.000000 0.000000 0.000000 0.000000 0.000000 1.000000
1.000000 0.000000 0.000000 0.000000 0.000000 1.000000 -0.000000 0.000000 0.000000 0.000000 1.000000 0.000000 0.000000 0.000000 0.000000 1.000000
1.000000 0.000000 0.000000 0.000000 0.000000 1.000000 -0.000000 0.000000 0.000000 0.000000 1.000000 0.000000 0.000000 0.000000 0.000000 1.000000
1.000000 0.000000 0.000000 0.000000 0.000000 1.000000 -0.000000 0.000000 0.000000 0.000000 1.000000 0.000000 0.000000 0.000000 0.000000 1.000000
1.000000 0.000000 0.000000 0.000000 0.000000 1.000000 -0.000000 0.000000 0.000000 0.000000 1.000000 0.000000 0.000000 0.000000 0.000000 1.000000
1.000000 0.000000 0.000000 0.000000 0.000000 1.000000 -0.000000 0.000000 0.000000 0.000000 1.000000 0.000000 0.000000 0.000000 0.000000 1.000000
1.000000 0.000000 0.000000 0.000000 0.000000 1.000000 -0.000000 0.000000 0.000000 0.000000 1.000000 0.000000 0.000000 0.000000 0.000000 1.000000
1.000000 0.000000 0.000000 0.000000 0.000000 1.000000 -0.000000 0.000000 0.000000 0.000000 1.000000 0.000000 0.000000 0.000000 0.000000 1.000000
1.000000 0.000000 0.000000 0.000000 0.000000 1.000000 -0.000000 0.000000 0.000000 0.000000 1.000000 0.000000 0.000000 0.000000 0.000000 1.000000
1.000000 0.000000 0.000000 0.000000 0.000000 1.000000 -0.000000 0.000000 0.000000 0.000000 1.000000 0.000000 0.000000 0.000000 0.000000 1.000000
1.000000 0.000000 0.000000 0.000000 0.000000 1.000000 -0.000000 0.000000 0.000000 0.000000 1.000000 0.000000 0.000000 0.000000 0.000000 1.000000
1.000000 0.000000 0.000000 0.000000 0.000000 1.000000 -0.000000 0.000000 0.000000 0.000000 1.000000 0.000000 0.000000 0.000000 0.000000 1.000000
1.000000 0.000000 0.000000 0.000000 0.000000 1.000000 -0.000000 0.000000 0.000000 0.000000 1.000000 0.000000 0.000000 0.000000 0.000000 1.000000
1.000000 0.000000 0.000000 0.000000 0.000000 1.000000 -0.000000 0.000000 0.000000 0.000000 1.000000 0.000000 0.000000 0.000000 0.000000 1.000000
1.000000 0.000000 0.000000 0.000000 0.000000 1.000000 -0.000000 0.000000 0.000000 0.000000 1.000000 0.000000 0.000000 0.000000 0.000000 1.000000
1.000000 0.000000 0.000000 0.000000 0.000000 1.000000 -0.000000 0.000000 0.000000 0.000000 1.000000 0.000000 0.000000 0.000000 0.000000 1.000000</float_array>
                    <technique_common>
                        <accessor source="#Character-Matrix-animation-output-transform-array" count="20" stride="16">
                            <param type="float4x4"/>
                        </accessor>
                    </technique_common>
                </source>
                <source id="Character-Interpolations">
                    <Name_array id="Character-Interpolations-array" count="20">
 LINEAR LINEAR LINEAR LINEAR LINEAR LINEAR LINEAR LINEAR LINEAR LINEAR LINEAR
LINEAR LINEAR LINEAR LINEAR LINEAR LINEAR LINEAR LINEAR LINEAR</Name_array>
                    <technique_common>
                        <accessor source="#Character-Interpolations-array" count="20">
                            <param type="name"/>
                        </accessor>
                    </technique_common>
                </source>
                <sampler id="Character-Matrix-animation-transform">
                    <input semantic="INPUT" source="#Character-Matrix-animation-input"/>
                    <input semantic="OUTPUT" source="#Character-Matrix-animation-output-transform"/>
                    <input semantic="INTERPOLATION" source="#Character-Interpolations"/>
                </sampler>
                <channel source="#Character-Matrix-animation-transform" target="Character/matrix"/>
            </animation>
        </animation>
        <animation id="HIK_root_jnt-anim" name="HIK_root_jnt">
            <animation>
                <source id="HIK_root_jnt-Matrix-animation-input">
                    <float_array id="HIK_root_jnt-Matrix-animation-input-array" count="20">

0.000000 0.033333 0.066667 0.100000 0.133333 0.166667 0.200000 0.233333 0.266667 0.300000 0.333333 0.366667 0.400000 0.433333 0.466667 0.500000
0.533333 0.566667 0.600000 0.633333</float_array>
                    <technique_common>
                        <accessor source="#HIK_root_jnt-Matrix-animation-input-array" count="20">
                            <param name="TIME" type="float"/>
                        </accessor>
                    </technique_common>
                </source>
                <source id="HIK_root_jnt-Matrix-animation-output-transform">
                    <float_array id="HIK_root_jnt-Matrix-animation-output-transform-array" count="320">

1.000000 0.000000 0.000000 0.000000 0.000000 1.000000 -0.000000 0.000000 0.000000 0.000000 1.000000 0.000000 0.000000 0.000000 0.000000 1.000000
1.000000 0.000000 0.000000 0.000000 0.000000 1.000000 -0.000000 0.000000 0.000000 0.000000 1.000000 0.000000 0.000000 0.000000 0.000000 1.000000
1.000000 0.000000 0.000000 0.000000 0.000000 1.000000 -0.000000 0.000000 0.000000 0.000000 1.000000 0.000000 0.000000 0.000000 0.000000 1.000000
1.000000 0.000000 0.000000 0.000000 0.000000 1.000000 -0.000000 0.000000 0.000000 0.000000 1.000000 0.000000 0.000000 0.000000 0.000000 1.000000
1.000000 0.000000 0.000000 0.000000 0.000000 1.000000 -0.000000 0.000000 0.000000 0.000000 1.000000 0.000000 0.000000 0.000000 0.000000 1.000000
1.000000 0.000000 0.000000 0.000000 0.000000 1.000000 -0.000000 0.000000 0.000000 0.000000 1.000000 0.000000 0.000000 0.000000 0.000000 1.000000
1.000000 0.000000 0.000000 0.000000 0.000000 1.000000 -0.000000 0.000000 0.000000 0.000000 1.000000 0.000000 0.000000 0.000000 0.000000 1.000000
1.000000 0.000000 0.000000 0.000000 0.000000 1.000000 -0.000000 0.000000 0.000000 0.000000 1.000000 0.000000 0.000000 0.000000 0.000000 1.000000
1.000000 0.000000 0.000000 0.000000 0.000000 1.000000 -0.000000 0.000000 0.000000 0.000000 1.000000 0.000000 0.000000 0.000000 0.000000 1.000000
1.000000 0.000000 0.000000 0.000000 0.000000 1.000000 -0.000000 0.000000 0.000000 0.000000 1.000000 0.000000 0.000000 0.000000 0.000000 1.000000
1.000000 0.000000 0.000000 0.000000 0.000000 1.000000 -0.000000 0.000000 0.000000 0.000000 1.000000 0.000000 0.000000 0.000000 0.000000 1.000000
1.000000 0.000000 0.000000 0.000000 0.000000 1.000000 -0.000000 0.000000 0.000000 0.000000 1.000000 0.000000 0.000000 0.000000 0.000000 1.000000
1.000000 0.000000 0.000000 0.000000 0.000000 1.000000 -0.000000 0.000000 0.000000 0.000000 1.000000 0.000000 0.000000 0.000000 0.000000 1.000000
1.000000 0.000000 0.000000 0.000000 0.000000 1.000000 -0.000000 0.000000 0.000000 0.000000 1.000000 0.000000 0.000000 0.000000 0.000000 1.000000
1.000000 0.000000 0.000000 0.000000 0.000000 1.000000 -0.000000 0.000000 0.000000 0.000000 1.000000 0.000000 0.000000 0.000000 0.000000 1.000000
1.000000 0.000000 0.000000 0.000000 0.000000 1.000000 -0.000000 0.000000 0.000000 0.000000 1.000000 0.000000 0.000000 0.000000 0.000000 1.000000
1.000000 0.000000 0.000000 0.000000 0.000000 1.000000 -0.000000 0.000000 0.000000 0.000000 1.000000 0.000000 0.000000 0.000000 0.000000 1.000000
1.000000 0.000000 0.000000 0.000000 0.000000 1.000000 -0.000000 0.000000 0.000000 0.000000 1.000000 0.000000 0.000000 0.000000 0.000000 1.000000
1.000000 0.000000 0.000000 0.000000 0.000000 1.000000 -0.000000 0.000000 0.000000 0.000000 1.000000 0.000000 0.000000 0.000000 0.000000 1.000000
1.000000 0.000000 0.000000 0.000000 0.000000 1.000000 -0.000000 0.000000 0.000000 0.000000 1.000000 0.000000 0.000000 0.000000 0.000000 1.000000</float_array>
                    <technique_common>
                        <accessor source="#HIK_root_jnt-Matrix-animation-output-transform-array" count="20" stride="16">
                            <param type="float4x4"/>
                        </accessor>
                    </technique_common>
                </source>
                <source id="HIK_root_jnt-Interpolations">
                    <Name_array id="HIK_root_jnt-Interpolations-array" count="20">
 LINEAR LINEAR LINEAR LINEAR LINEAR LINEAR LINEAR LINEAR LINEAR LINEAR LINEAR
LINEAR LINEAR LINEAR LINEAR LINEAR LINEAR LINEAR LINEAR LINEAR</Name_array>
                    <technique_common>
                        <accessor source="#HIK_root_jnt-Interpolations-array" count="20">
                            <param type="name"/>
                        </accessor>
                    </technique_common>
                </source>
                <sampler id="HIK_root_jnt-Matrix-animation-transform">
                    <input semantic="INPUT" source="#HIK_root_jnt-Matrix-animation-input"/>
                    <input semantic="OUTPUT" source="#HIK_root_jnt-Matrix-animation-output-transform"/>
                    <input semantic="INTERPOLATION" source="#HIK_root_jnt-Interpolations"/>
                </sampler>
                <channel source="#HIK_root_jnt-Matrix-animation-transform" target="HIK_root_jnt/matrix"/>
            </animation>
        </animation>
        <animation id="root_jnt-anim" name="root_jnt">
            <animation>
                <source id="root_jnt-Matrix-animation-input">
                    <float_array id="root_jnt-Matrix-animation-input-array" count="20">

0.000000 0.033333 0.066667 0.100000 0.133333 0.166667 0.200000 0.233333 0.266667 0.300000 0.333333 0.366667 0.400000 0.433333 0.466667 0.500000
0.533333 0.566667 0.600000 0.633333</float_array>
                    <technique_common>
                        <accessor source="#root_jnt-Matrix-animation-input-array" count="20">
                            <param name="TIME" type="float"/>
                        </accessor>
                    </technique_common>
                </source>
                <source id="root_jnt-Matrix-animation-output-transform">
                    <float_array id="root_jnt-Matrix-animation-output-transform-array" count="320">

1.000000 0.000000 0.000000 0.000000 0.000000 1.000000 -0.000000 0.000000 0.000000 0.000000 1.000000 0.000000 0.000000 0.000000 0.000000 1.000000
1.000000 0.000000 0.000000 0.000000 0.000000 1.000000 -0.000000 0.000000 0.000000 0.000000 1.000000 0.000000 0.000000 0.000000 0.000000 1.000000
1.000000 0.000000 0.000000 0.000000 0.000000 1.000000 -0.000000 0.000000 0.000000 0.000000 1.000000 0.000000 0.000000 0.000000 0.000000 1.000000
1.000000 0.000000 0.000000 0.000000 0.000000 1.000000 -0.000000 0.000000 0.000000 0.000000 1.000000 0.000000 0.000000 0.000000 0.000000 1.000000
1.000000 0.000000 0.000000 0.000000 0.000000 1.000000 -0.000000 0.000000 0.000000 0.000000 1.000000 0.000000 0.000000 0.000000 0.000000 1.000000
1.000000 0.000000 0.000000 0.000000 0.000000 1.000000 -0.000000 0.000000 0.000000 0.000000 1.000000 0.000000 0.000000 0.000000 0.000000 1.000000
1.000000 0.000000 0.000000 0.000000 0.000000 1.000000 -0.000000 0.000000 0.000000 0.000000 1.000000 0.000000 0.000000 0.000000 0.000000 1.000000
1.000000 0.000000 0.000000 0.000000 0.000000 1.000000 -0.000000 0.000000 0.000000 0.000000 1.000000 0.000000 0.000000 0.000000 0.000000 1.000000
1.000000 0.000000 0.000000 0.000000 0.000000 1.000000 -0.000000 0.000000 0.000000 0.000000 1.000000 0.000000 0.000000 0.000000 0.000000 1.000000
1.000000 0.000000 0.000000 0.000000 0.000000 1.000000 -0.000000 0.000000 0.000000 0.000000 1.000000 0.000000 0.000000 0.000000 0.000000 1.000000
1.000000 0.000000 0.000000 0.000000 0.000000 1.000000 -0.000000 0.000000 0.000000 0.000000 1.000000 0.000000 0.000000 0.000000 0.000000 1.000000
1.000000 0.000000 0.000000 0.000000 0.000000 1.000000 -0.000000 0.000000 0.000000 0.000000 1.000000 0.000000 0.000000 0.000000 0.000000 1.000000
1.000000 0.000000 0.000000 0.000000 0.000000 1.000000 -0.000000 0.000000 0.000000 0.000000 1.000000 0.000000 0.000000 0.000000 0.000000 1.000000
1.000000 0.000000 0.000000 0.000000 0.000000 1.000000 -0.000000 0.000000 0.000000 0.000000 1.000000 0.000000 0.000000 0.000000 0.000000 1.000000
1.000000 0.000000 0.000000 0.000000 0.000000 1.000000 -0.000000 0.000000 0.000000 0.000000 1.000000 0.000000 0.000000 0.000000 0.000000 1.000000
1.000000 0.000000 0.000000 0.000000 0.000000 1.000000 -0.000000 0.000000 0.000000 0.000000 1.000000 0.000000 0.000000 0.000000 0.000000 1.000000
1.000000 0.000000 0.000000 0.000000 0.000000 1.000000 -0.000000 0.000000 0.000000 0.000000 1.000000 0.000000 0.000000 0.000000 0.000000 1.000000
1.000000 0.000000 0.000000 0.000000 0.000000 1.000000 -0.000000 0.000000 0.000000 0.000000 1.000000 0.000000 0.000000 0.000000 0.000000 1.000000
1.000000 0.000000 0.000000 0.000000 0.000000 1.000000 -0.000000 0.000000 0.000000 0.000000 1.000000 0.000000 0.000000 0.000000 0.000000 1.000000
1.000000 0.000000 0.000000 0.000000 0.000000 1.000000 -0.000000 0.000000 0.000000 0.000000 1.000000 0.000000 0.000000 0.000000 0.000000 1.000000</float_array>
                    <technique_common>
                        <accessor source="#root_jnt-Matrix-animation-output-transform-array" count="20" stride="16">
                            <param type="float4x4"/>
                        </accessor>
                    </technique_common>
                </source>
                <source id="root_jnt-Interpolations">
                    <Name_array id="root_jnt-Interpolations-array" count="20">
 LINEAR LINEAR LINEAR LINEAR LINEAR LINEAR LINEAR LINEAR LINEAR LINEAR LINEAR
LINEAR LINEAR LINEAR LINEAR LINEAR LINEAR LINEAR LINEAR LINEAR</Name_array>
                    <technique_common>
                        <accessor source="#root_jnt-Interpolations-array" count="20">
                            <param type="name"/>
                        </accessor>
                    </technique_common>
                </source>
                <sampler id="root_jnt-Matrix-animation-transform">
                    <input semantic="INPUT" source="#root_jnt-Matrix-animation-input"/>
                    <input semantic="OUTPUT" source="#root_jnt-Matrix-animation-output-transform"/>
                    <input semantic="INTERPOLATION" source="#root_jnt-Interpolations"/>
                </sampler>
                <channel source="#root_jnt-Matrix-animation-transform" target="root_jnt/matrix"/>
            </animation>
        </animation>
        <animation id="jnt_hips-anim" name="jnt_hips">
            <animation>
                <source id="jnt_hips-Matrix-animation-input">
                    <float_array id="jnt_hips-Matrix-animation-input-array" count="20">

0.000000 0.033333 0.066667 0.100000 0.133333 0.166667 0.200000 0.233333 0.266667 0.300000 0.333333 0.366667 0.400000 0.433333 0.466667 0.500000
0.533333 0.566667 0.600000 0.633333</float_array>
                    <technique_common>
                        <accessor source="#jnt_hips-Matrix-animation-input-array" count="20">
                            <param name="TIME" type="float"/>
                        </accessor>
                    </technique_common>
                </source>
                <source id="jnt_hips-Matrix-animation-output-transform">
                    <float_array id="jnt_hips-Matrix-animation-output-transform-array" count="320">

0.979381 0.028973 -0.199932 -0.000000 -0.033623 0.999236 -0.019902 1.941480 0.199203 0.026214 0.979608 -0.247371 0.000000 0.000000 0.000000 1.000000
0.979381 0.028963 -0.199936 -0.000000 -0.033613 0.999237 -0.019900 1.941480 0.199207 0.026210 0.979607 -0.247371 0.000000 0.000000 0.000000 1.000000
0.979379 0.028936 -0.199947 -0.000000 -0.033583 0.999238 -0.019892 1.941480 0.199219 0.026197 0.979605 -0.247371 0.000000 0.000000 0.000000 1.000000
0.979377 0.028891 -0.199964 -0.000000 -0.033536 0.999240 -0.019880 1.941480 0.199238 0.026176 0.979601 -0.247371 0.000000 0.000000 0.000000 1.000000
0.979374 0.028830 -0.199988 -0.000000 -0.033471 0.999242 -0.019864 1.941480 0.199264 0.026148 0.979597 -0.247371 0.000000 0.000000 0.000000 1.000000
0.979370 0.028755 -0.200017 -0.000000 -0.033391 0.999245 -0.019844 1.941480 0.199296 0.026114 0.979591 -0.247371 0.000000 0.000000 0.000000 1.000000
0.979366 0.028667 -0.200051 -0.000000 -0.033297 0.999249 -0.019821 1.941480 0.199333 0.026073 0.979585 -0.247371 0.000000 0.000000 0.000000 1.000000
0.979361 0.028566 -0.200090 -0.000000 -0.033191 0.999253 -0.019795 1.941480 0.199375 0.026028 0.979577 -0.247371 0.000000 0.000000 0.000000 1.000000
0.979355 0.028455 -0.200133 -0.000000 -0.033073 0.999257 -0.019766 1.941480 0.199422 0.025977 0.979569 -0.247371 0.000000 0.000000 0.000000 1.000000
0.979349 0.028335 -0.200180 -0.000000 -0.032945 0.999262 -0.019736 1.941480 0.199473 0.025923 0.979560 -0.247371 0.000000 0.000000 0.000000 1.000000
0.979343 0.028206 -0.200229 -0.000000 -0.032809 0.999267 -0.019703 1.941480 0.199527 0.025865 0.979551 -0.247371 0.000000 0.000000 0.000000 1.000000
0.979336 0.028071 -0.200281 -0.000000 -0.032665 0.999273 -0.019669 1.941480 0.199584 0.025805 0.979541 -0.247371 0.000000 0.000000 0.000000 1.000000
0.979329 0.027930 -0.200336 -0.000000 -0.032516 0.999278 -0.019634 1.941480 0.199643 0.025743 0.979531 -0.247371 0.000000 0.000000 0.000000 1.000000
0.979322 0.027785 -0.200391 -0.000000 -0.032362 0.999284 -0.019599 1.941480 0.199703 0.025679 0.979520 -0.247371 0.000000 0.000000 0.000000 1.000000
0.979314 0.027637 -0.200448 -0.000000 -0.032205 0.999290 -0.019563 1.941480 0.199765 0.025614 0.979509 -0.247371 0.000000 0.000000 0.000000 1.000000
0.979307 0.027487 -0.200506 -0.000000 -0.032046 0.999296 -0.019528 1.941480 0.199828 0.025549 0.979498 -0.247371 0.000000 0.000000 0.000000 1.000000
0.979299 0.027337 -0.200563 -0.000000 -0.031888 0.999301 -0.019492 1.941480 0.199890 0.025484 0.979487 -0.247371 0.000000 0.000000 0.000000 1.000000
0.979292 0.027188 -0.200620 -0.000000 -0.031730 0.999307 -0.019458 1.941480 0.199952 0.025420 0.979476 -0.247371 0.000000 0.000000 0.000000 1.000000
0.979284 0.027042 -0.200676 -0.000000 -0.031575 0.999313 -0.019424 1.941480 0.200012 0.025358 0.979465 -0.247371 0.000000 0.000000 0.000000 1.000000
0.979277 0.026899 -0.200730 -0.000000 -0.031424 0.999318 -0.019392 1.941480 0.200072 0.025298 0.979455 -0.247371 0.000000 0.000000 0.000000 1.000000</float_array>
                    <technique_common>
                        <accessor source="#jnt_hips-Matrix-animation-output-transform-array" count="20" stride="16">
                            <param type="float4x4"/>
                        </accessor>
                    </technique_common>
                </source>
                <source id="jnt_hips-Interpolations">
                    <Name_array id="jnt_hips-Interpolations-array" count="20">
 LINEAR LINEAR LINEAR LINEAR LINEAR LINEAR LINEAR LINEAR LINEAR LINEAR LINEAR
LINEAR LINEAR LINEAR LINEAR LINEAR LINEAR LINEAR LINEAR LINEAR</Name_array>
                    <technique_common>
                        <accessor source="#jnt_hips-Interpolations-array" count="20">
                            <param type="name"/>
                        </accessor>
                    </technique_common>
                </source>
                <sampler id="jnt_hips-Matrix-animation-transform">
                    <input semantic="INPUT" source="#jnt_hips-Matrix-animation-input"/>
                    <input semantic="OUTPUT" source="#jnt_hips-Matrix-animation-output-transform"/>
                    <input semantic="INTERPOLATION" source="#jnt_hips-Interpolations"/>
                </sampler>
                <channel source="#jnt_hips-Matrix-animation-transform" target="jnt_hips/matrix"/>
            </animation>
        </animation>
        <animation id="jnt_height-anim" name="jnt_height">
            <animation>
                <source id="jnt_height-Matrix-animation-input">
                    <float_array id="jnt_height-Matrix-animation-input-array" count="20">

0.000000 0.033333 0.066667 0.100000 0.133333 0.166667 0.200000 0.233333 0.266667 0.300000 0.333333 0.366667 0.400000 0.433333 0.466667 0.500000
0.533333 0.566667 0.600000 0.633333</float_array>
                    <technique_common>
                        <accessor source="#jnt_height-Matrix-animation-input-array" count="20">
                            <param name="TIME" type="float"/>
                        </accessor>
                    </technique_common>
                </source>
                <source id="jnt_height-Matrix-animation-output-transform">
                    <float_array id="jnt_height-Matrix-animation-output-transform-array" count="320">

0.999343 0.033759 0.013196 -0.000000 -0.033492 0.999241 -0.019891 -0.000000 -0.013858 0.019436 0.999715 0.000000 0.000000 0.000000 0.000000 1.000000
0.999343 0.033748 0.013192 0.000000 -0.033482 0.999241 -0.019888 -0.000000 -0.013854 0.019434 0.999715 0.000000 0.000000 0.000000 0.000000 1.000000
0.999344 0.033718 0.013181 -0.000000 -0.033453 0.999242 -0.019881 -0.000000 -0.013842 0.019427 0.999715 0.000000 0.000000 0.000000 0.000000 1.000000
0.999346 0.033670 0.013163 -0.000000 -0.033405 0.999244 -0.019869 -0.000000 -0.013822 0.019416 0.999716 0.000000 0.000000 0.000000 0.000000 1.000000
0.999349 0.033605 0.013139 0.000000 -0.033341 0.999247 -0.019853 -0.000000 -0.013796 0.019402 0.999717 0.000000 0.000000 0.000000 0.000000 1.000000
0.999352 0.033524 0.013109 0.000000 -0.033261 0.999250 -0.019833 -0.000000 -0.013764 0.019384 0.999717 0.000000 0.000000 0.000000 0.000000 1.000000
0.999356 0.033430 0.013074 -0.000000 -0.033167 0.999253 -0.019810 -0.000000 -0.013726 0.019363 0.999718 0.000000 0.000000 0.000000 0.000000 1.000000
0.999360 0.033322 0.013034 -0.000000 -0.033061 0.999257 -0.019783 0.000000 -0.013683 0.019340 0.999719 0.000000 0.000000 0.000000 0.000000 1.000000
0.999364 0.033203 0.012990 -0.000000 -0.032943 0.999262 -0.019755 -0.000000 -0.013636 0.019314 0.999720 0.000000 0.000000 0.000000 0.000000 1.000000
0.999369 0.033074 0.012942 0.000000 -0.032815 0.999267 -0.019724 -0.000000 -0.013585 0.019287 0.999722 0.000000 0.000000 0.000000 0.000000 1.000000
0.999374 0.032936 0.012891 -0.000000 -0.032679 0.999272 -0.019691 -0.000000 -0.013530 0.019258 0.999723 -0.000000 0.000000 0.000000 0.000000 1.000000
0.999380 0.032792 0.012837 -0.000000 -0.032536 0.999277 -0.019658 0.000000 -0.013473 0.019228 0.999724 -0.000000 0.000000 0.000000 0.000000 1.000000
0.999385 0.032641 0.012782 0.000000 -0.032387 0.999283 -0.019623 -0.000000 -0.013413 0.019197 0.999726 -0.000000 0.000000 0.000000 0.000000 1.000000
0.999391 0.032486 0.012724 0.000000 -0.032233 0.999288 -0.019587 -0.000000 -0.013352 0.019165 0.999727 0.000000 0.000000 0.000000 0.000000 1.000000
0.999397 0.032327 0.012666 -0.000000 -0.032076 0.999294 -0.019552 -0.000000 -0.013289 0.019133 0.999728 0.000000 0.000000 0.000000 0.000000 1.000000
0.999403 0.032168 0.012607 -0.000000 -0.031918 0.999300 -0.019516 0.000000 -0.013226 0.019102 0.999730 -0.000000 0.000000 0.000000 0.000000 1.000000
0.999409 0.032007 0.012548 0.000000 -0.031759 0.999306 -0.019481 -0.000000 -0.013163 0.019071 0.999732 0.000000 0.000000 0.000000 0.000000 1.000000
0.999415 0.031848 0.012490 -0.000000 -0.031602 0.999311 -0.019446 -0.000000 -0.013100 0.019040 0.999733 0.000000 0.000000 0.000000 0.000000 1.000000
0.999420 0.031692 0.012432 0.000000 -0.031447 0.999317 -0.019412 -0.000000 -0.013039 0.019010 0.999734 0.000000 0.000000 0.000000 0.000000 1.000000
0.999426 0.031540 0.012377 0.000000 -0.031297 0.999322 -0.019380 -0.000000 -0.012979 0.018982 0.999736 0.000000 0.000000 0.000000 0.000000 1.000000</float_array>
                    <technique_common>
                        <accessor source="#jnt_height-Matrix-animation-output-transform-array" count="20" stride="16">
                            <param type="float4x4"/>
                        </accessor>
                    </technique_common>
                </source>
                <source id="jnt_height-Interpolations">
                    <Name_array id="jnt_height-Interpolations-array" count="20">
 LINEAR LINEAR LINEAR LINEAR LINEAR LINEAR LINEAR LINEAR LINEAR LINEAR LINEAR
LINEAR LINEAR LINEAR LINEAR LINEAR LINEAR LINEAR LINEAR LINEAR</Name_array>
                    <technique_common>
                        <accessor source="#jnt_height-Interpolations-array" count="20">
                            <param type="name"/>
                        </accessor>
                    </technique_common>
                </source>
                <sampler id="jnt_height-Matrix-animation-transform">
                    <input semantic="INPUT" source="#jnt_height-Matrix-animation-input"/>
                    <input semantic="OUTPUT" source="#jnt_height-Matrix-animation-output-transform"/>
                    <input semantic="INTERPOLATION" source="#jnt_height-Interpolations"/>
                </sampler>
                <channel source="#jnt_height-Matrix-animation-transform" target="jnt_height/matrix"/>
            </animation>
        </animation>
        <animation id="jnt_spine1-anim" name="jnt_spine1">
            <animation>
                <source id="jnt_spine1-Matrix-animation-input">
                    <float_array id="jnt_spine1-Matrix-animation-input-array" count="20">

0.000000 0.033333 0.066667 0.100000 0.133333 0.166667 0.200000 0.233333 0.266667 0.300000 0.333333 0.366667 0.400000 0.433333 0.466667 0.500000
0.533333 0.566667 0.600000 0.633333</float_array>
                    <technique_common>
                        <accessor source="#jnt_spine1-Matrix-animation-input-array" count="20">
                            <param name="TIME" type="float"/>
                        </accessor>
                    </technique_common>
                </source>
                <source id="jnt_spine1-Matrix-animation-output-transform">
                    <float_array id="jnt_spine1-Matrix-animation-output-transform-array" count="320">

0.041228 0.014011 0.999052 -0.005844 0.999108 -0.009800 -0.041093 0.209026 0.009215 0.999854 -0.014402 0.038786 0.000000 0.000000 0.000000 1.000000
0.041226 0.014008 0.999052 -0.005844 0.999108 -0.009790 -0.041091 0.209026 0.009205 0.999854 -0.014399 0.038786 0.000000 0.000000 0.000000 1.000000
0.041222 0.014001 0.999052 -0.005844 0.999108 -0.009759 -0.041087 0.209026 0.009175 0.999855 -0.014391 0.038786 0.000000 0.000000 0.000000 1.000000
0.041214 0.013991 0.999053 -0.005844 0.999109 -0.009710 -0.041080 0.209026 0.009126 0.999855 -0.014378 0.038786 0.000000 0.000000 0.000000 1.000000
0.041203 0.013975 0.999053 -0.005844 0.999110 -0.009644 -0.041070 0.209026 0.009061 0.999856 -0.014360 0.038786 0.000000 0.000000 0.000000 1.000000
0.041189 0.013957 0.999054 -0.005844 0.999111 -0.009562 -0.041058 0.209026 0.008980 0.999857 -0.014338 0.038786 0.000000 0.000000 0.000000 1.000000
0.041174 0.013935 0.999055 -0.005844 0.999113 -0.009466 -0.041044 0.209026 0.008886 0.999858 -0.014313 0.038786 0.000000 0.000000 0.000000 1.000000
0.041156 0.013911 0.999056 -0.005844 0.999115 -0.009358 -0.041028 0.209026 0.008778 0.999860 -0.014283 0.038786 0.000000 0.000000 0.000000 1.000000
0.041136 0.013883 0.999057 -0.005844 0.999116 -0.009238 -0.041010 0.209026 0.008660 0.999861 -0.014251 0.038786 0.000000 0.000000 0.000000 1.000000
0.041114 0.013854 0.999059 -0.005844 0.999118 -0.009108 -0.040991 0.209026 0.008532 0.999863 -0.014216 0.038786 0.000000 0.000000 0.000000 1.000000
0.041091 0.013822 0.999060 -0.005844 0.999120 -0.008970 -0.040969 0.209026 0.008395 0.999864 -0.014178 0.038786 0.000000 0.000000 0.000000 1.000000
0.041066 0.013789 0.999062 -0.005844 0.999123 -0.008825 -0.040947 0.209026 0.008252 0.999866 -0.014139 0.038786 0.000000 0.000000 0.000000 1.000000
0.041041 0.013754 0.999063 -0.005844 0.999125 -0.008675 -0.040924 0.209026 0.008104 0.999868 -0.014098 0.038786 0.000000 0.000000 0.000000 1.000000
0.041014 0.013719 0.999065 -0.005844 0.999127 -0.008520 -0.040899 0.209026 0.007951 0.999870 -0.014057 0.038786 0.000000 0.000000 0.000000 1.000000
0.040987 0.013683 0.999066 -0.005844 0.999130 -0.008363 -0.040875 0.209026 0.007796 0.999872 -0.014014 0.038786 0.000000 0.000000 0.000000 1.000000
0.040959 0.013647 0.999068 -0.005844 0.999132 -0.008205 -0.040849 0.209026 0.007640 0.999873 -0.013971 0.038786 0.000000 0.000000 0.000000 1.000000
0.040931 0.013610 0.999070 -0.005844 0.999134 -0.008047 -0.040824 0.209026 0.007484 0.999875 -0.013927 0.038786 0.000000 0.000000 0.000000 1.000000
0.040903 0.013574 0.999071 -0.005844 0.999136 -0.007891 -0.040798 0.209026 0.007330 0.999877 -0.013885 0.038786 0.000000 0.000000 0.000000 1.000000
0.040875 0.013538 0.999073 -0.005844 0.999139 -0.007737 -0.040773 0.209026 0.007178 0.999878 -0.013843 0.038786 0.000000 0.000000 0.000000 1.000000
0.040848 0.013504 0.999074 -0.005844 0.999141 -0.007589 -0.040748 0.209026 0.007031 0.999880 -0.013802 0.038786 0.000000 0.000000 0.000000 1.000000</float_array>
                    <technique_common>
                        <accessor source="#jnt_spine1-Matrix-animation-output-transform-array" count="20" stride="16">
                            <param type="float4x4"/>
                        </accessor>
                    </technique_common>
                </source>
                <source id="jnt_spine1-Interpolations">
                    <Name_array id="jnt_spine1-Interpolations-array" count="20">
 LINEAR LINEAR LINEAR LINEAR LINEAR LINEAR LINEAR LINEAR LINEAR LINEAR LINEAR
LINEAR LINEAR LINEAR LINEAR LINEAR LINEAR LINEAR LINEAR LINEAR</Name_array>
                    <technique_common>
                        <accessor source="#jnt_spine1-Interpolations-array" count="20">
                            <param type="name"/>
                        </accessor>
                    </technique_common>
                </source>
                <sampler id="jnt_spine1-Matrix-animation-transform">
                    <input semantic="INPUT" source="#jnt_spine1-Matrix-animation-input"/>
                    <input semantic="OUTPUT" source="#jnt_spine1-Matrix-animation-output-transform"/>
                    <input semantic="INTERPOLATION" source="#jnt_spine1-Interpolations"/>
                </sampler>
                <channel source="#jnt_spine1-Matrix-animation-transform" target="jnt_spine1/matrix"/>
            </animation>
        </animation>
        <animation id="jnt_spine2-anim" name="jnt_spine2">
            <animation>
                <source id="jnt_spine2-Matrix-animation-input">
                    <float_array id="jnt_spine2-Matrix-animation-input-array" count="20">

0.000000 0.033333 0.066667 0.100000 0.133333 0.166667 0.200000 0.233333 0.266667 0.300000 0.333333 0.366667 0.400000 0.433333 0.466667 0.500000
0.533333 0.566667 0.600000 0.633333</float_array>
                    <technique_common>
                        <accessor source="#jnt_spine2-Matrix-animation-input-array" count="20">
                            <param name="TIME" type="float"/>
                        </accessor>
                    </technique_common>
                </source>
                <source id="jnt_spine2-Matrix-animation-output-transform">
                    <float_array id="jnt_spine2-Matrix-animation-output-transform-array" count="320">

0.994144 0.078188 -0.074585 0.354983 -0.079948 0.996579 -0.020913 0.078525 0.072695 0.026753 0.996995 0.012378 0.000000 0.000000 0.000000 1.000000
0.994141 0.078206 -0.074608 0.354983 -0.079968 0.996578 -0.020915 0.078525 0.072717 0.026758 0.996993 0.012378 0.000000 0.000000 0.000000 1.000000
0.994132 0.078261 -0.074675 0.354983 -0.080025 0.996573 -0.020921 0.078525 0.072782 0.026774 0.996988 0.012378 0.000000 0.000000 0.000000 1.000000
0.994117 0.078349 -0.074782 0.354983 -0.080116 0.996565 -0.020931 0.078525 0.072885 0.026799 0.996980 0.012378 0.000000 0.000000 0.000000 1.000000
0.994097 0.078467 -0.074926 0.354983 -0.080240 0.996555 -0.020944 0.078525 0.073025 0.026833 0.996969 0.012378 0.000000 0.000000 0.000000 1.000000
0.994071 0.078614 -0.075105 0.354983 -0.080393 0.996543 -0.020961 0.078525 0.073198 0.026875 0.996955 0.012378 0.000000 0.000000 0.000000 1.000000
0.994042 0.078786 -0.075315 0.354983 -0.080573 0.996528 -0.020981 0.078525 0.073401 0.026924 0.996939 0.012378 0.000000 0.000000 0.000000 1.000000
0.994008 0.078982 -0.075554 0.354983 -0.080777 0.996511 -0.021003 0.078525 0.073632 0.026980 0.996920 0.012378 0.000000 0.000000 0.000000 1.000000
0.993971 0.079197 -0.075818 0.354983 -0.081002 0.996492 -0.021028 0.078525 0.073887 0.027042 0.996900 0.012378 0.000000 0.000000 0.000000 1.000000
0.993931 0.079430 -0.076104 0.354983 -0.081246 0.996472 -0.021054 0.078525 0.074163 0.027110 0.996877 0.012378 0.000000 0.000000 0.000000 1.000000
0.993887 0.079679 -0.076409 0.354983 -0.081505 0.996449 -0.021083 0.078525 0.074458 0.027182 0.996853 0.012378 0.000000 0.000000 0.000000 1.000000
0.993842 0.079940 -0.076731 0.354983 -0.081778 0.996427 -0.021113 0.078525 0.074769 0.027258 0.996828 0.012378 0.000000 0.000000 0.000000 1.000000
0.993794 0.080212 -0.077065 0.354983 -0.082062 0.996403 -0.021144 0.078525 0.075092 0.027337 0.996802 0.012378 0.000000 0.000000 0.000000 1.000000
0.993744 0.080491 -0.077409 0.354983 -0.082354 0.996378 -0.021176 0.078525 0.075424 0.027419 0.996774 0.012378 0.000000 0.000000 0.000000 1.000000
0.993694 0.080775 -0.077760 0.354983 -0.082651 0.996353 -0.021209 0.078525 0.075764 0.027502 0.996746 0.012378 0.000000 0.000000 0.000000 1.000000
0.993643 0.081061 -0.078115 0.354983 -0.082950 0.996327 -0.021242 0.078525 0.076106 0.027587 0.996718 0.012378 0.000000 0.000000 0.000000 1.000000
0.993591 0.081348 -0.078470 0.354983 -0.083250 0.996301 -0.021275 0.078525 0.076449 0.027672 0.996689 0.012378 0.000000 0.000000 0.000000 1.000000
0.993540 0.081631 -0.078822 0.354983 -0.083547 0.996276 -0.021308 0.078525 0.076789 0.027756 0.996661 0.012378 0.000000 0.000000 0.000000 1.000000
0.993490 0.081910 -0.079169 0.354983 -0.083838 0.996251 -0.021341 0.078525 0.077124 0.027839 0.996632 0.012378 0.000000 0.000000 0.000000 1.000000
0.993441 0.082180 -0.079506 0.354983 -0.084121 0.996226 -0.021372 0.078525 0.077450 0.027920 0.996605 0.012378 0.000000 0.000000 0.000000 1.000000</float_array>
                    <technique_common>
                        <accessor source="#jnt_spine2-Matrix-animation-output-transform-array" count="20" stride="16">
                            <param type="float4x4"/>
                        </accessor>
                    </technique_common>
                </source>
                <source id="jnt_spine2-Interpolations">
                    <Name_array id="jnt_spine2-Interpolations-array" count="20">
 LINEAR LINEAR LINEAR LINEAR LINEAR LINEAR LINEAR LINEAR LINEAR LINEAR LINEAR
LINEAR LINEAR LINEAR LINEAR LINEAR LINEAR LINEAR LINEAR LINEAR</Name_array>
                    <technique_common>
                        <accessor source="#jnt_spine2-Interpolations-array" count="20">
                            <param type="name"/>
                        </accessor>
                    </technique_common>
                </source>
                <sampler id="jnt_spine2-Matrix-animation-transform">
                    <input semantic="INPUT" source="#jnt_spine2-Matrix-animation-input"/>
                    <input semantic="OUTPUT" source="#jnt_spine2-Matrix-animation-output-transform"/>
                    <input semantic="INTERPOLATION" source="#jnt_spine2-Interpolations"/>
                </sampler>
                <channel source="#jnt_spine2-Matrix-animation-transform" target="jnt_spine2/matrix"/>
            </animation>
        </animation>
        <animation id="jnt_spine3-anim" name="jnt_spine3">
            <animation>
                <source id="jnt_spine3-Matrix-animation-input">
                    <float_array id="jnt_spine3-Matrix-animation-input-array" count="20">

0.000000 0.033333 0.066667 0.100000 0.133333 0.166667 0.200000 0.233333 0.266667 0.300000 0.333333 0.366667 0.400000 0.433333 0.466667 0.500000
0.533333 0.566667 0.600000 0.633333</float_array>
                    <technique_common>
                        <accessor source="#jnt_spine3-Matrix-animation-input-array" count="20">
                            <param name="TIME" type="float"/>
                        </accessor>
                    </technique_common>
                </source>
                <source id="jnt_spine3-Matrix-animation-output-transform">
                    <float_array id="jnt_spine3-Matrix-animation-output-transform-array" count="320">

0.977323 0.178801 0.113447 0.727646 -0.209865 0.889270 0.406393 0.078480 -0.028222 -0.420986 0.906628 -0.093513 0.000000 0.000000 0.000000 1.000000
0.977306 0.178895 0.113445 0.727646 -0.209950 0.889253 0.406385 0.078480 -0.028181 -0.420981 0.906632 -0.093513 0.000000 0.000000 0.000000 1.000000
0.977256 0.179171 0.113440 0.727645 -0.210198 0.889206 0.406362 0.078480 -0.028063 -0.420965 0.906643 -0.093513 0.000000 0.000000 0.000000 1.000000
0.977176 0.179614 0.113430 0.727645 -0.210596 0.889128 0.406326 0.078480 -0.027872 -0.420939 0.906661 -0.093513 0.000000 0.000000 0.000000 1.000000
0.977067 0.180212 0.113417 0.727646 -0.211133 0.889024 0.406276 0.078480 -0.027614 -0.420905 0.906685 -0.093513 0.000000 0.000000 0.000000 1.000000
0.976932 0.180953 0.113401 0.727646 -0.211799 0.888893 0.406214 0.078480 -0.027295 -0.420862 0.906714 -0.093513 0.000000 0.000000 0.000000 1.000000
0.976772 0.181825 0.113382 0.727646 -0.212582 0.888739 0.406142 0.078480 -0.026920 -0.420811 0.906749 -0.093513 0.000000 0.000000 0.000000 1.000000
0.976590 0.182815 0.113360 0.727646 -0.213471 0.888564 0.406060 0.078480 -0.026494 -0.420753 0.906789 -0.093513 0.000000 0.000000 0.000000 1.000000
0.976387 0.183910 0.113336 0.727646 -0.214455 0.888368 0.405969 0.078480 -0.026022 -0.420688 0.906832 -0.093513 0.000000 0.000000 0.000000 1.000000
0.976166 0.185099 0.113310 0.727646 -0.215522 0.888155 0.405870 0.078480 -0.025510 -0.420617 0.906880 -0.093513 0.000000 0.000000 0.000000 1.000000
0.975927 0.186368 0.113281 0.727646 -0.216662 0.887926 0.405765 0.078480 -0.024964 -0.420541 0.906930 -0.093513 0.000000 0.000000 0.000000 1.000000
