<?xml version="1.0" encoding="utf-8"?>
<COLLADA xmlns="http://www.collada.org/2005/11/COLLADASchema" version="1.4.1">
    <asset>
        <contributor>
            <author></author>
            <authoring_tool>FBX COLLADA exporter</authoring_tool>
            <comments></comments>
        </contributor>
        <created>2022-08-17T11:38:46Z</created>
        <keywords></keywords>
        <modified>2022-08-17T11:38:46Z</modified>
        <revision></revision>
        <subject></subject>
        <title></title>
        <unit meter="0.010000" name="centimeter"></unit>
        <up_axis>Y_UP</up_axis>
    </asset>
    <library_animations>
        <animation id="Character-anim" name="Character">
            <animation>
                <source id="Character-Matrix-animation-input">
                    <float_array id="Character-Matrix-animation-input-array" count="20">

0.000000 0.033333 0.066667 0.100000 0.133333 0.166667 0.200000 0.233333 0.266667 0.300000 0.333333 0.366667 0.400000 0.433333 0.466667 0.500000
0.533333 0.566667 0.600000 0.633333</float_array>
                    <technique_common>
                        <accessor source="#Character-Matrix-animation-input-array" count="20">
                            <param name="TIME" type="float"/>
                        </accessor>
                    </technique_common>
                </source>
                <source id="Character-Matrix-animation-output-transform">
                    <float_array id="Character-Matrix-animation-output-transform-array" count="320">

1.000000 0.000000 0.000000 0.000000 0.000000 1.000000 -0.000000 0.000000 0.000000 0.000000 1.000000 0.000000 0.000000 0.000000 0.000000 1.000000
1.000000 0.000000 0.000000 0.000000 0.000000 1.000000 -0.000000 0.000000 0.000000 0.000000 1.000000 0.000000 0.000000 0.000000 0.000000 1.000000
1.000000 0.000000 0.000000 0.000000 0.000000 1.000000 -0.000000 0.000000 0.000000 0.000000 1.000000 0.000000 0.000000 0.000000 0.000000 1.000000
1.000000 0.000000 0.000000 0.000000 0.000000 1.000000 -0.000000 0.000000 0.000000 0.000000 1.000000 0.000000 0.000000 0.000000 0.000000 1.000000
1.000000 0.000000 0.000000 0.000000 0.000000 1.000000 -0.000000 0.000000 0.000000 0.000000 1.000000 0.000000 0.000000 0.000000 0.000000 1.000000
1.000000 0.000000 0.000000 0.000000 0.000000 1.000000 -0.000000 0.000000 0.000000 0.000000 1.000000 0.000000 0.000000 0.000000 0.000000 1.000000
1.000000 0.000000 0.000000 0.000000 0.000000 1.000000 -0.000000 0.000000 0.000000 0.000000 1.000000 0.000000 0.000000 0.000000 0.000000 1.000000
1.000000 0.000000 0.000000 0.000000 0.000000 1.000000 -0.000000 0.000000 0.000000 0.000000 1.000000 0.000000 0.000000 0.000000 0.000000 1.000000
1.000000 0.000000 0.000000 0.000000 0.000000 1.000000 -0.000000 0.000000 0.000000 0.000000 1.000000 0.000000 0.000000 0.000000 0.000000 1.000000
1.000000 0.000000 0.000000 0.000000 0.000000 1.000000 -0.000000 0.000000 0.000000 0.000000 1.000000 0.000000 0.000000 0.000000 0.000000 1.000000
1.000000 0.000000 0.000000 0.000000 0.000000 1.000000 -0.000000 0.000000 0.000000 0.000000 1.000000 0.000000 0.000000 0.000000 0.000000 1.000000
1.000000 0.000000 0.000000 0.000000 0.000000 1.000000 -0.000000 0.000000 0.000000 0.000000 1.000000 0.000000 0.000000 0.000000 0.000000 1.000000
1.000000 0.000000 0.000000 0.000000 0.000000 1.000000 -0.000000 0.000000 0.000000 0.000000 1.000000 0.000000 0.000000 0.000000 0.000000 1.000000
1.000000 0.000000 0.000000 0.000000 0.000000 1.000000 -0.000000 0.000000 0.000000 0.000000 1.000000 0.000000 0.000000 0.000000 0.000000 1.000000
1.000000 0.000000 0.000000 0.000000 0.000000 1.000000 -0.000000 0.000000 0.000000 0.000000 1.000000 0.000000 0.000000 0.000000 0.000000 1.000000
1.000000 0.000000 0.000000 0.000000 0.000000 1.000000 -0.000000 0.000000 0.000000 0.000000 1.000000 0.000000 0.000000 0.000000 0.000000 1.000000
1.000000 0.000000 0.000000 0.000000 0.000000 1.000000 -0.000000 0.000000 0.000000 0.000000 1.000000 0.000000 0.000000 0.000000 0.000000 1.000000
1.000000 0.000000 0.000000 0.000000 0.000000 1.000000 -0.000000 0.000000 0.000000 0.000000 1.000000 0.000000 0.000000 0.000000 0.000000 1.000000
1.000000 0.000000 0.000000 0.000000 0.000000 1.000000 -0.000000 0.000000 0.000000 0.000000 1.000000 0.000000 0.000000 0.000000 0.000000 1.000000
1.000000 0.000000 0.000000 0.000000 0.000000 1.000000 -0.000000 0.000000 0.000000 0.000000 1.000000 0.000000 0.000000 0.000000 0.000000 1.000000</float_array>
                    <technique_common>
                        <accessor source="#Character-Matrix-animation-output-transform-array" count="20" stride="16">
                            <param type="float4x4"/>
                        </accessor>
                    </technique_common>
                </source>
                <source id="Character-Interpolations">
                    <Name_array id="Character-Interpolations-array" count="20">
 LINEAR LINEAR LINEAR LINEAR LINEAR LINEAR LINEAR LINEAR LINEAR LINEAR LINEAR
LINEAR LINEAR LINEAR LINEAR LINEAR LINEAR LINEAR LINEAR LINEAR</Name_array>
                    <technique_common>
                        <accessor source="#Character-Interpolations-array" count="20">
                            <param type="name"/>
                        </accessor>
                    </technique_common>
                </source>
                <sampler id="Character-Matrix-animation-transform">
                    <input semantic="INPUT" source="#Character-Matrix-animation-input"/>
                    <input semantic="OUTPUT" source="#Character-Matrix-animation-output-transform"/>
                    <input semantic="INTERPOLATION" source="#Character-Interpolations"/>
                </sampler>
                <channel source="#Character-Matrix-animation-transform" target="Character/matrix"/>
            </animation>
        </animation>
        <animation id="HIK_root_jnt-anim" name="HIK_root_jnt">
            <animation>
                <source id="HIK_root_jnt-Matrix-animation-input">
                    <float_array id="HIK_root_jnt-Matrix-animation-input-array" count="20">

0.000000 0.033333 0.066667 0.100000 0.133333 0.166667 0.200000 0.233333 0.266667 0.300000 0.333333 0.366667 0.400000 0.433333 0.466667 0.500000
0.533333 0.566667 0.600000 0.633333</float_array>
                    <technique_common>
                        <accessor source="#HIK_root_jnt-Matrix-animation-input-array" count="20">
                            <param name="TIME" type="float"/>
                        </accessor>
                    </technique_common>
                </source>
                <source id="HIK_root_jnt-Matrix-animation-output-transform">
                    <float_array id="HIK_root_jnt-Matrix-animation-output-transform-array" count="320">

1.000000 0.000000 0.000000 0.000000 0.000000 1.000000 -0.000000 0.000000 0.000000 0.000000 1.000000 0.000000 0.000000 0.000000 0.000000 1.000000
1.000000 0.000000 0.000000 0.000000 0.000000 1.000000 -0.000000 0.000000 0.000000 0.000000 1.000000 0.000000 0.000000 0.000000 0.000000 1.000000
1.000000 0.000000 0.000000 0.000000 0.000000 1.000000 -0.000000 0.000000 0.000000 0.000000 1.000000 0.000000 0.000000 0.000000 0.000000 1.000000
1.000000 0.000000 0.000000 0.000000 0.000000 1.000000 -0.000000 0.000000 0.000000 0.000000 1.000000 0.000000 0.000000 0.000000 0.000000 1.000000
1.000000 0.000000 0.000000 0.000000 0.000000 1.000000 -0.000000 0.000000 0.000000 0.000000 1.000000 0.000000 0.000000 0.000000 0.000000 1.000000
1.000000 0.000000 0.000000 0.000000 0.000000 1.000000 -0.000000 0.000000 0.000000 0.000000 1.000000 0.000000 0.000000 0.000000 0.000000 1.000000
1.000000 0.000000 0.000000 0.000000 0.000000 1.000000 -0.000000 0.000000 0.000000 0.000000 1.000000 0.000000 0.000000 0.000000 0.000000 1.000000
1.000000 0.000000 0.000000 0.000000 0.000000 1.000000 -0.000000 0.000000 0.000000 0.000000 1.000000 0.000000 0.000000 0.000000 0.000000 1.000000
1.000000 0.000000 0.000000 0.000000 0.000000 1.000000 -0.000000 0.000000 0.000000 0.000000 1.000000 0.000000 0.000000 0.000000 0.000000 1.000000
1.000000 0.000000 0.000000 0.000000 0.000000 1.000000 -0.000000 0.000000 0.000000 0.000000 1.000000 0.000000 0.000000 0.000000 0.000000 1.000000
1.000000 0.000000 0.000000 0.000000 0.000000 1.000000 -0.000000 0.000000 0.000000 0.000000 1.000000 0.000000 0.000000 0.000000 0.000000 1.000000
1.000000 0.000000 0.000000 0.000000 0.000000 1.000000 -0.000000 0.000000 0.000000 0.000000 1.000000 0.000000 0.000000 0.000000 0.000000 1.000000
1.000000 0.000000 0.000000 0.000000 0.000000 1.000000 -0.000000 0.000000 0.000000 0.000000 1.000000 0.000000 0.000000 0.000000 0.000000 1.000000
1.000000 0.000000 0.000000 0.000000 0.000000 1.000000 -0.000000 0.000000 0.000000 0.000000 1.000000 0.000000 0.000000 0.000000 0.000000 1.000000
1.000000 0.000000 0.000000 0.000000 0.000000 1.000000 -0.000000 0.000000 0.000000 0.000000 1.000000 0.000000 0.000000 0.000000 0.000000 1.000000
1.000000 0.000000 0.000000 0.000000 0.000000 1.000000 -0.000000 0.000000 0.000000 0.000000 1.000000 0.000000 0.000000 0.000000 0.000000 1.000000
1.000000 0.000000 0.000000 0.000000 0.000000 1.000000 -0.000000 0.000000 0.000000 0.000000 1.000000 0.000000 0.000000 0.000000 0.000000 1.000000
1.000000 0.000000 0.000000 0.000000 0.000000 1.000000 -0.000000 0.000000 0.000000 0.000000 1.000000 0.000000 0.000000 0.000000 0.000000 1.000000
1.000000 0.000000 0.000000 0.000000 0.000000 1.000000 -0.000000 0.000000 0.000000 0.000000 1.000000 0.000000 0.000000 0.000000 0.000000 1.000000
1.000000 0.000000 0.000000 0.000000 0.000000 1.000000 -0.000000 0.000000 0.000000 0.000000 1.000000 0.000000 0.000000 0.000000 0.000000 1.000000</float_array>
                    <technique_common>
                        <accessor source="#HIK_root_jnt-Matrix-animation-output-transform-array" count="20" stride="16">
                            <param type="float4x4"/>
                        </accessor>
                    </technique_common>
                </source>
                <source id="HIK_root_jnt-Interpolations">
                    <Name_array id="HIK_root_jnt-Interpolations-array" count="20">
 LINEAR LINEAR LINEAR LINEAR LINEAR LINEAR LINEAR LINEAR LINEAR LINEAR LINEAR
LINEAR LINEAR LINEAR LINEAR LINEAR LINEAR LINEAR LINEAR LINEAR</Name_array>
                    <technique_common>
                        <accessor source="#HIK_root_jnt-Interpolations-array" count="20">
                            <param type="name"/>
                        </accessor>
                    </technique_common>
                </source>
                <sampler id="HIK_root_jnt-Matrix-animation-transform">
                    <input semantic="INPUT" source="#HIK_root_jnt-Matrix-animation-input"/>
                    <input semantic="OUTPUT" source="#HIK_root_jnt-Matrix-animation-output-transform"/>
                    <input semantic="INTERPOLATION" source="#HIK_root_jnt-Interpolations"/>
                </sampler>
                <channel source="#HIK_root_jnt-Matrix-animation-transform" target="HIK_root_jnt/matrix"/>
            </animation>
        </animation>
        <animation id="root_jnt-anim" name="root_jnt">
            <animation>
                <source id="root_jnt-Matrix-animation-input">
                    <float_array id="root_jnt-Matrix-animation-input-array" count="20">

0.000000 0.033333 0.066667 0.100000 0.133333 0.166667 0.200000 0.233333 0.266667 0.300000 0.333333 0.366667 0.400000 0.433333 0.466667 0.500000
0.533333 0.566667 0.600000 0.633333</float_array>
                    <technique_common>
                        <accessor source="#root_jnt-Matrix-animation-input-array" count="20">
                            <param name="TIME" type="float"/>
                        </accessor>
                    </technique_common>
                </source>
                <source id="root_jnt-Matrix-animation-output-transform">
                    <float_array id="root_jnt-Matrix-animation-output-transform-array" count="320">

1.000000 0.000000 0.000000 0.000000 0.000000 1.000000 -0.000000 0.000000 0.000000 0.000000 1.000000 0.000000 0.000000 0.000000 0.000000 1.000000
1.000000 0.000000 0.000000 0.000000 0.000000 1.000000 -0.000000 0.000000 0.000000 0.000000 1.000000 0.000000 0.000000 0.000000 0.000000 1.000000
1.000000 0.000000 0.000000 0.000000 0.000000 1.000000 -0.000000 0.000000 0.000000 0.000000 1.000000 0.000000 0.000000 0.000000 0.000000 1.000000
1.000000 0.000000 0.000000 0.000000 0.000000 1.000000 -0.000000 0.000000 0.000000 0.000000 1.000000 0.000000 0.000000 0.000000 0.000000 1.000000
1.000000 0.000000 0.000000 0.000000 0.000000 1.000000 -0.000000 0.000000 0.000000 0.000000 1.000000 0.000000 0.000000 0.000000 0.000000 1.000000
1.000000 0.000000 0.000000 0.000000 0.000000 1.000000 -0.000000 0.000000 0.000000 0.000000 1.000000 0.000000 0.000000 0.000000 0.000000 1.000000
1.000000 0.000000 0.000000 0.000000 0.000000 1.000000 -0.000000 0.000000 0.000000 0.000000 1.000000 0.000000 0.000000 0.000000 0.000000 1.000000
1.000000 0.000000 0.000000 0.000000 0.000000 1.000000 -0.000000 0.000000 0.000000 0.000000 1.000000 0.000000 0.000000 0.000000 0.000000 1.000000
1.000000 0.000000 0.000000 0.000000 0.000000 1.000000 -0.000000 0.000000 0.000000 0.000000 1.000000 0.000000 0.000000 0.000000 0.000000 1.000000
1.000000 0.000000 0.000000 0.000000 0.000000 1.000000 -0.000000 0.000000 0.000000 0.000000 1.000000 0.000000 0.000000 0.000000 0.000000 1.000000
1.000000 0.000000 0.000000 0.000000 0.000000 1.000000 -0.000000 0.000000 0.000000 0.000000 1.000000 0.000000 0.000000 0.000000 0.000000 1.000000
1.000000 0.000000 0.000000 0.000000 0.000000 1.000000 -0.000000 0.000000 0.000000 0.000000 1.000000 0.000000 0.000000 0.000000 0.000000 1.000000
1.000000 0.000000 0.000000 0.000000 0.000000 1.000000 -0.000000 0.000000 0.000000 0.000000 1.000000 0.000000 0.000000 0.000000 0.000000 1.000000
1.000000 0.000000 0.000000 0.000000 0.000000 1.000000 -0.000000 0.000000 0.000000 0.000000 1.000000 0.000000 0.000000 0.000000 0.000000 1.000000
1.000000 0.000000 0.000000 0.000000 0.000000 1.000000 -0.000000 0.000000 0.000000 0.000000 1.000000 0.000000 0.000000 0.000000 0.000000 1.000000
1.000000 0.000000 0.000000 0.000000 0.000000 1.000000 -0.000000 0.000000 0.000000 0.000000 1.000000 0.000000 0.000000 0.000000 0.000000 1.000000
1.000000 0.000000 0.000000 0.000000 0.000000 1.000000 -0.000000 0.000000 0.000000 0.000000 1.000000 0.000000 0.000000 0.000000 0.000000 1.000000
1.000000 0.000000 0.000000 0.000000 0.000000 1.000000 -0.000000 0.000000 0.000000 0.000000 1.000000 0.000000 0.000000 0.000000 0.000000 1.000000
1.000000 0.000000 0.000000 0.000000 0.000000 1.000000 -0.000000 0.000000 0.000000 0.000000 1.000000 0.000000 0.000000 0.000000 0.000000 1.000000
1.000000 0.000000 0.000000 0.000000 0.000000 1.000000 -0.000000 0.000000 0.000000 0.000000 1.000000 0.000000 0.000000 0.000000 0.000000 1.000000</float_array>
                    <technique_common>
                        <accessor source="#root_jnt-Matrix-animation-output-transform-array" count="20" stride="16">
                            <param type="float4x4"/>
                        </accessor>
                    </technique_common>
                </source>
                <source id="root_jnt-Interpolations">
                    <Name_array id="root_jnt-Interpolations-array" count="20">
 LINEAR LINEAR LINEAR LINEAR LINEAR LINEAR LINEAR LINEAR LINEAR LINEAR LINEAR
LINEAR LINEAR LINEAR LINEAR LINEAR LINEAR LINEAR LINEAR LINEAR</Name_array>
                    <technique_common>
                        <accessor source="#root_jnt-Interpolations-array" count="20">
                            <param type="name"/>
                        </accessor>
                    </technique_common>
                </source>
                <sampler id="root_jnt-Matrix-animation-transform">
                    <input semantic="INPUT" source="#root_jnt-Matrix-animation-input"/>
                    <input semantic="OUTPUT" source="#root_jnt-Matrix-animation-output-transform"/>
                    <input semantic="INTERPOLATION" source="#root_jnt-Interpolations"/>
                </sampler>
                <channel source="#root_jnt-Matrix-animation-transform" target="root_jnt/matrix"/>
            </animation>
        </animation>
        <animation id="jnt_hips-anim" name="jnt_hips">
            <animation>
                <source id="jnt_hips-Matrix-animation-input">
                    <float_array id="jnt_hips-Matrix-animation-input-array" count="20">

0.000000 0.033333 0.066667 0.100000 0.133333 0.166667 0.200000 0.233333 0.266667 0.300000 0.333333 0.366667 0.400000 0.433333 0.466667 0.500000
0.533333 0.566667 0.600000 0.633333</float_array>
                    <technique_common>
                        <accessor source="#jnt_hips-Matrix-animation-input-array" count="20">
                            <param name="TIME" type="float"/>
                        </accessor>
                    </technique_common>
                </source>
                <source id="jnt_hips-Matrix-animation-output-transform">
                    <float_array id="jnt_hips-Matrix-animation-output-transform-array" count="320">

0.979381 0.028973 -0.199932 -0.000000 -0.033623 0.999236 -0.019902 1.941480 0.199203 0.026214 0.979608 -0.247371 0.000000 0.000000 0.000000 1.000000
0.979600 0.011670 -0.200617 -0.000000 -0.018801 0.999256 -0.033678 1.941480 0.200075 0.036762 0.979091 -0.247371 0.000000 0.000000 0.000000 1.000000
0.979596 0.012008 -0.200617 -0.000000 -0.019090 0.999260 -0.033402 1.941480 0.200067 0.036550 0.979100 -0.247371 0.000000 0.000000 0.000000 1.000000
0.979585 0.012942 -0.200615 -0.000000 -0.019886 0.999269 -0.032639 1.941480 0.200046 0.035962 0.979126 -0.247371 0.000000 0.000000 0.000000 1.000000
0.979567 0.014329 -0.200607 -0.000000 -0.021067 0.999282 -0.031493 1.941480 0.200011 0.035076 0.979166 -0.247371 0.000000 0.000000 0.000000 1.000000
0.979544 0.016025 -0.200589 -0.000000 -0.022508 0.999294 -0.030078 1.941480 0.199965 0.033978 0.979214 -0.247371 0.000000 0.000000 0.000000 1.000000
0.979519 0.017892 -0.200557 -0.000000 -0.024090 0.999303 -0.028508 1.941480 0.199908 0.032756 0.979267 -0.247371 0.000000 0.000000 0.000000 1.000000
0.979491 0.019808 -0.200510 -0.000000 -0.025713 0.999308 -0.026892 1.941480 0.199838 0.031497 0.979323 -0.247371 0.000000 0.000000 0.000000 1.000000
0.979465 0.021673 -0.200445 -0.000000 -0.027296 0.999306 -0.025329 1.941480 0.199757 0.030281 0.979378 -0.247371 0.000000 0.000000 0.000000 1.000000
0.979442 0.023415 -0.200365 -0.000000 -0.028779 0.999300 -0.023900 1.941480 0.199665 0.029175 0.979430 -0.247371 0.000000 0.000000 0.000000 1.000000
0.979422 0.024978 -0.200273 -0.000000 -0.030119 0.999289 -0.022662 1.941480 0.199565 0.028228 0.979478 -0.247371 0.000000 0.000000 0.000000 1.000000
0.979406 0.026325 -0.200177 -0.000000 -0.031285 0.999276 -0.021651 1.941480 0.199462 0.027467 0.979520 -0.247371 0.000000 0.000000 0.000000 1.000000
0.979395 0.027428 -0.200085 -0.000000 -0.032250 0.999262 -0.020877 1.941480 0.199365 0.026899 0.979556 -0.247371 0.000000 0.000000 0.000000 1.000000
0.979387 0.028259 -0.200006 -0.000000 -0.032985 0.999249 -0.020334 1.941480 0.199282 0.026512 0.979584 -0.247371 0.000000 0.000000 0.000000 1.000000
0.979383 0.028787 -0.199952 -0.000000 -0.033456 0.999240 -0.020012 1.941480 0.199224 0.026289 0.979601 -0.247371 0.000000 0.000000 0.000000 1.000000
0.979381 0.028973 -0.199932 -0.000000 -0.033623 0.999236 -0.019902 1.941480 0.199203 0.026214 0.979608 -0.247371 0.000000 0.000000 0.000000 1.000000
0.979381 0.028973 -0.199932 -0.000000 -0.033623 0.999236 -0.019902 1.941480 0.199203 0.026214 0.979608 -0.247371 0.000000 0.000000 0.000000 1.000000
0.979381 0.028973 -0.199932 -0.000000 -0.033623 0.999236 -0.019902 1.941480 0.199203 0.026214 0.979608 -0.247371 0.000000 0.000000 0.000000 1.000000
0.979381 0.028973 -0.199932 -0.000000 -0.033623 0.999236 -0.019902 1.941480 0.199203 0.026214 0.979608 -0.247371 0.000000 0.000000 0.000000 1.000000
0.979381 0.028973 -0.199932 -0.000000 -0.033623 0.999236 -0.019902 1.941480 0.199203 0.026214 0.979608 -0.247371 0.000000 0.000000 0.000000 1.000000</float_array>
                    <technique_common>
                        <accessor source="#jnt_hips-Matrix-animation-output-transform-array" count="20" stride="16">
                            <param type="float4x4"/>
                        </accessor>
                    </technique_common>
                </source>
                <source id="jnt_hips-Interpolations">
                    <Name_array id="jnt_hips-Interpolations-array" count="20">
 LINEAR LINEAR LINEAR LINEAR LINEAR LINEAR LINEAR LINEAR LINEAR LINEAR LINEAR
LINEAR LINEAR LINEAR LINEAR LINEAR LINEAR LINEAR LINEAR LINEAR</Name_array>
                    <technique_common>
                        <accessor source="#jnt_hips-Interpolations-array" count="20">
                            <param type="name"/>
                        </accessor>
                    </technique_common>
                </source>
                <sampler id="jnt_hips-Matrix-animation-transform">
                    <input semantic="INPUT" source="#jnt_hips-Matrix-animation-input"/>
                    <input semantic="OUTPUT" source="#jnt_hips-Matrix-animation-output-transform"/>
                    <input semantic="INTERPOLATION" source="#jnt_hips-Interpolations"/>
                </sampler>
                <channel source="#jnt_hips-Matrix-animation-transform" target="jnt_hips/matrix"/>
            </animation>
        </animation>
        <animation id="jnt_height-anim" name="jnt_height">
            <animation>
                <source id="jnt_height-Matrix-animation-input">
                    <float_array id="jnt_height-Matrix-animation-input-array" count="20">

0.000000 0.033333 0.066667 0.100000 0.133333 0.166667 0.200000 0.233333 0.266667 0.300000 0.333333 0.366667 0.400000 0.433333 0.466667 0.500000
0.533333 0.566667 0.600000 0.633333</float_array>
                    <technique_common>
                        <accessor source="#jnt_height-Matrix-animation-input-array" count="20">
                            <param name="TIME" type="float"/>
                        </accessor>
                    </technique_common>
                </source>
                <source id="jnt_height-Matrix-animation-output-transform">
                    <float_array id="jnt_height-Matrix-animation-output-transform-array" count="320">

0.999343 0.033759 0.013196 -0.000000 -0.033492 0.999241 -0.019891 -0.000000 -0.013858 0.019436 0.999715 0.000000 0.000000 0.000000 0.000000 1.000000
0.999741 0.019095 0.012405 -0.000000 -0.018669 0.999260 -0.033627 -0.000000 -0.013038 0.033387 0.999357 0.000000 0.000000 0.000000 0.000000 1.000000
0.999735 0.019382 0.012406 -0.000000 -0.018959 0.999264 -0.033352 -0.000000 -0.013043 0.033108 0.999367 0.000000 0.000000 0.000000 0.000000 1.000000
0.999719 0.020170 0.012410 -0.000000 -0.019757 0.999273 -0.032591 -0.000000 -0.013058 0.032337 0.999392 0.000000 0.000000 0.000000 0.000000 1.000000
0.999695 0.021340 0.012421 0.000000 -0.020940 0.999286 -0.031449 -0.000000 -0.013083 0.031179 0.999428 0.000000 0.000000 0.000000 0.000000 1.000000
0.999663 0.022766 0.012443 0.000000 -0.022383 0.999298 -0.030038 0.000000 -0.013118 0.029749 0.999471 0.000000 0.000000 0.000000 0.000000 1.000000
0.999626 0.024331 0.012481 0.000000 -0.023968 0.999307 -0.028472 -0.000000 -0.013166 0.028162 0.999517 0.000000 0.000000 0.000000 0.000000 1.000000
0.999585 0.025937 0.012538 -0.000000 -0.025593 0.999311 -0.026860 -0.000000 -0.013226 0.026528 0.999560 0.000000 0.000000 0.000000 0.000000 1.000000
0.999542 0.027501 0.012613 -0.000000 -0.027176 0.999310 -0.025301 -0.000000 -0.013301 0.024946 0.999600 0.000000 0.000000 0.000000 0.000000 1.000000
0.999499 0.028967 0.012706 0.000000 -0.028658 0.999304 -0.023875 -0.000000 -0.013389 0.023499 0.999634 0.000000 0.000000 0.000000 0.000000 1.000000
0.999459 0.030292 0.012810 0.000000 -0.029996 0.999293 -0.022641 -0.000000 -0.013487 0.022244 0.999662 -0.000000 0.000000 0.000000 0.000000 1.000000
0.999422 0.031444 0.012919 0.000000 -0.031160 0.999280 -0.021632 -0.000000 -0.013590 0.021217 0.999682 0.000000 0.000000 0.000000 0.000000 1.000000
0.999390 0.032399 0.013024 0.000000 -0.032123 0.999266 -0.020861 -0.000000 -0.013690 0.020430 0.999698 0.000000 0.000000 0.000000 0.000000 1.000000
0.999365 0.033126 0.013113 -0.000000 -0.032856 0.999253 -0.020321 0.000000 -0.013776 0.019877 0.999707 0.000000 0.000000 0.000000 0.000000 1.000000
0.999349 0.033593 0.013174 -0.000000 -0.033326 0.999244 -0.020000 -0.000000 -0.013836 0.019548 0.999713 -0.000000 0.000000 0.000000 0.000000 1.000000
0.999343 0.033759 0.013196 -0.000000 -0.033492 0.999241 -0.019891 -0.000000 -0.013858 0.019436 0.999715 0.000000 0.000000 0.000000 0.000000 1.000000
0.999343 0.033759 0.013196 -0.000000 -0.033492 0.999241 -0.019891 -0.000000 -0.013858 0.019436 0.999715 0.000000 0.000000 0.000000 0.000000 1.000000
0.999343 0.033759 0.013196 -0.000000 -0.033492 0.999241 -0.019891 -0.000000 -0.013858 0.019436 0.999715 0.000000 0.000000 0.000000 0.000000 1.000000
0.999343 0.033759 0.013196 -0.000000 -0.033492 0.999241 -0.019891 -0.000000 -0.013858 0.019436 0.999715 0.000000 0.000000 0.000000 0.000000 1.000000
0.999343 0.033759 0.013196 -0.000000 -0.033492 0.999241 -0.019891 -0.000000 -0.013858 0.019436 0.999715 0.000000 0.000000 0.000000 0.000000 1.000000</float_array>
                    <technique_common>
                        <accessor source="#jnt_height-Matrix-animation-output-transform-array" count="20" stride="16">
                            <param type="float4x4"/>
                        </accessor>
                    </technique_common>
                </source>
                <source id="jnt_height-Interpolations">
                    <Name_array id="jnt_height-Interpolations-array" count="20">
 LINEAR LINEAR LINEAR LINEAR LINEAR LINEAR LINEAR LINEAR LINEAR LINEAR LINEAR
LINEAR LINEAR LINEAR LINEAR LINEAR LINEAR LINEAR LINEAR LINEAR</Name_array>
                    <technique_common>
                        <accessor source="#jnt_height-Interpolations-array" count="20">
                            <param type="name"/>
                        </accessor>
                    </technique_common>
                </source>
                <sampler id="jnt_height-Matrix-animation-transform">
                    <input semantic="INPUT" source="#jnt_height-Matrix-animation-input"/>
                    <input semantic="OUTPUT" source="#jnt_height-Matrix-animation-output-transform"/>
                    <input semantic="INTERPOLATION" source="#jnt_height-Interpolations"/>
                </sampler>
                <channel source="#jnt_height-Matrix-animation-transform" target="jnt_height/matrix"/>
            </animation>
        </animation>
        <animation id="jnt_spine1-anim" name="jnt_spine1">
            <animation>
                <source id="jnt_spine1-Matrix-animation-input">
                    <float_array id="jnt_spine1-Matrix-animation-input-array" count="20">

0.000000 0.033333 0.066667 0.100000 0.133333 0.166667 0.200000 0.233333 0.266667 0.300000 0.333333 0.366667 0.400000 0.433333 0.466667 0.500000
0.533333 0.566667 0.600000 0.633333</float_array>
                    <technique_common>
                        <accessor source="#jnt_spine1-Matrix-animation-input-array" count="20">
                            <param name="TIME" type="float"/>
                        </accessor>
                    </technique_common>
                </source>
                <source id="jnt_spine1-Matrix-animation-output-transform">
                    <float_array id="jnt_spine1-Matrix-animation-output-transform-array" count="320">

0.041228 0.014011 0.999052 -0.005844 0.999108 -0.009800 -0.041093 0.209026 0.009215 0.999854 -0.014402 0.038786 0.000000 0.000000 0.000000 1.000000
0.036278 0.014832 0.999232 -0.005844 0.998988 -0.027151 -0.035866 0.209026 0.026598 0.999521 -0.015802 0.038786 0.000000 0.000000 0.000000 1.000000
0.036388 0.014805 0.999229 -0.005844 0.998992 -0.026864 -0.035982 0.209026 0.026310 0.999530 -0.015767 0.038786 0.000000 0.000000 0.000000 1.000000
0.036691 0.014731 0.999218 -0.005844 0.999001 -0.026066 -0.036298 0.209026 0.025510 0.999552 -0.015672 0.038786 0.000000 0.000000 0.000000 1.000000
0.037138 0.014624 0.999203 -0.005844 0.999015 -0.024852 -0.036767 0.209026 0.024295 0.999584 -0.015533 0.038786 0.000000 0.000000 0.000000 1.000000
0.037680 0.014503 0.999185 -0.005844 0.999031 -0.023324 -0.037335 0.209026 0.022763 0.999623 -0.015368 0.038786 0.000000 0.000000 0.000000 1.000000
0.038266 0.014381 0.999165 -0.005844 0.999047 -0.021581 -0.037951 0.209026 0.021017 0.999664 -0.015193 0.038786 0.000000 0.000000 0.000000 1.000000
0.038854 0.014270 0.999143 -0.005844 0.999062 -0.019720 -0.038569 0.209026 0.019152 0.999704 -0.015023 0.038786 0.000000 0.000000 0.000000 1.000000
0.039409 0.014178 0.999123 -0.005844 0.999074 -0.017833 -0.039155 0.209026 0.017262 0.999740 -0.014868 0.038786 0.000000 0.000000 0.000000 1.000000
0.039905 0.014108 0.999104 -0.005844 0.999085 -0.016005 -0.039678 0.209026 0.015431 0.999772 -0.014734 0.038786 0.000000 0.000000 0.000000 1.000000
0.040325 0.014061 0.999088 -0.005844 0.999092 -0.014309 -0.040124 0.209026 0.013732 0.999799 -0.014625 0.038786 0.000000 0.000000 0.000000 1.000000
0.040662 0.014032 0.999075 -0.005844 0.999098 -0.012811 -0.040483 0.209026 0.012231 0.999820 -0.014540 0.038786 0.000000 0.000000 0.000000 1.000000
0.040915 0.014017 0.999065 -0.005844 0.999103 -0.011564 -0.040754 0.209026 0.010982 0.999835 -0.014478 0.038786 0.000000 0.000000 0.000000 1.000000
0.041090 0.014012 0.999058 -0.005844 0.999105 -0.010617 -0.040943 0.209026 0.010033 0.999846 -0.014435 0.038786 0.000000 0.000000 0.000000 1.000000
0.041193 0.014011 0.999053 -0.005844 0.999107 -0.010013 -0.041055 0.209026 0.009428 0.999852 -0.014411 0.038786 0.000000 0.000000 0.000000 1.000000
0.041228 0.014011 0.999052 -0.005844 0.999108 -0.009800 -0.041093 0.209026 0.009215 0.999854 -0.014402 0.038786 0.000000 0.000000 0.000000 1.000000
0.041228 0.014011 0.999052 -0.005844 0.999108 -0.009800 -0.041093 0.209026 0.009215 0.999854 -0.014402 0.038786 0.000000 0.000000 0.000000 1.000000
0.041228 0.014011 0.999052 -0.005844 0.999108 -0.009800 -0.041093 0.209026 0.009215 0.999854 -0.014402 0.038786 0.000000 0.000000 0.000000 1.000000
0.041228 0.014011 0.999052 -0.005844 0.999108 -0.009800 -0.041093 0.209026 0.009215 0.999854 -0.014402 0.038786 0.000000 0.000000 0.000000 1.000000
0.041228 0.014011 0.999052 -0.005844 0.999108 -0.009800 -0.041093 0.209026 0.009215 0.999854 -0.014402 0.038786 0.000000 0.000000 0.000000 1.000000</float_array>
                    <technique_common>
                        <accessor source="#jnt_spine1-Matrix-animation-output-transform-array" count="20" stride="16">
                            <param type="float4x4"/>
                        </accessor>
                    </technique_common>
                </source>
                <source id="jnt_spine1-Interpolations">
                    <Name_array id="jnt_spine1-Interpolations-array" count="20">
 LINEAR LINEAR LINEAR LINEAR LINEAR LINEAR LINEAR LINEAR LINEAR LINEAR LINEAR
LINEAR LINEAR LINEAR LINEAR LINEAR LINEAR LINEAR LINEAR LINEAR</Name_array>
                    <technique_common>
                        <accessor source="#jnt_spine1-Interpolations-array" count="20">
                            <param type="name"/>
                        </accessor>
                    </technique_common>
                </source>
                <sampler id="jnt_spine1-Matrix-animation-transform">
                    <input semantic="INPUT" source="#jnt_spine1-Matrix-animation-input"/>
                    <input semantic="OUTPUT" source="#jnt_spine1-Matrix-animation-output-transform"/>
                    <input semantic="INTERPOLATION" source="#jnt_spine1-Interpolations"/>
                </sampler>
                <channel source="#jnt_spine1-Matrix-animation-transform" target="jnt_spine1/matrix"/>
            </animation>
        </animation>
        <animation id="jnt_spine2-anim" name="jnt_spine2">
            <animation>
                <source id="jnt_spine2-Matrix-animation-input">
                    <float_array id="jnt_spine2-Matrix-animation-input-array" count="20">

0.000000 0.033333 0.066667 0.100000 0.133333 0.166667 0.200000 0.233333 0.266667 0.300000 0.333333 0.366667 0.400000 0.433333 0.466667 0.500000
0.533333 0.566667 0.600000 0.633333</float_array>
                    <technique_common>
                        <accessor source="#jnt_spine2-Matrix-animation-input-array" count="20">
                            <param name="TIME" type="float"/>
                        </accessor>
                    </technique_common>
                </source>
                <source id="jnt_spine2-Matrix-animation-output-transform">
                    <float_array id="jnt_spine2-Matrix-animation-output-transform-array" count="320">

0.994144 0.078188 -0.074585 0.354983 -0.079948 0.996579 -0.020913 0.078525 0.072695 0.026753 0.996995 0.012378 0.000000 0.000000 0.000000 1.000000
0.997045 0.040796 -0.065086 0.354983 -0.021124 0.960263 0.278297 0.078525 0.073853 -0.276099 0.958287 0.012378 0.000000 0.000000 0.000000 1.000000
0.997028 0.041309 -0.065025 0.354983 -0.021958 0.961450 0.274101 0.078525 0.073841 -0.271858 0.959500 0.012378 0.000000 0.000000 0.000000 1.000000
0.996976 0.042754 -0.064889 0.354983 -0.024296 0.964678 0.262310 0.078525 0.073812 -0.259940 0.962799 0.012378 0.000000 0.000000 0.000000 1.000000
0.996884 0.044999 -0.064779 0.354983 -0.027894 0.969351 0.244088 0.078525 0.073777 -0.241521 0.967587 0.012378 0.000000 0.000000 0.000000 1.000000
0.996747 0.047911 -0.064810 0.354983 -0.032514 0.974824 0.220592 0.078525 0.073747 -0.217768 0.973210 0.012378 0.000000 0.000000 0.000000 1.000000
0.996558 0.051351 -0.065083 0.354983 -0.037916 0.980463 0.193013 0.078525 0.073722 -0.189881 0.979035 0.012378 0.000000 0.000000 0.000000 1.000000
0.996315 0.055162 -0.065666 0.354983 -0.043859 0.985718 0.162594 0.078525 0.073697 -0.159115 0.984505 0.012378 0.000000 0.000000 0.000000 1.000000
0.996024 0.059177 -0.066581 0.354983 -0.050096 0.990163 0.130641 0.078525 0.073657 -0.126786 0.989191 0.012378 0.000000 0.000000 0.000000 1.000000
0.995694 0.063220 -0.067794 0.354983 -0.056376 0.993538 0.098509 0.078525 0.073584 -0.094263 0.992824 0.012378 0.000000 0.000000 0.000000 1.000000
0.995341 0.067109 -0.069223 0.354983 -0.062437 0.995758 0.067584 0.078525 0.073465 -0.062947 0.995309 0.012378 0.000000 0.000000 0.000000 1.000000
0.994988 0.070666 -0.070744 0.354983 -0.068011 0.996912 0.039257 0.078525 0.073299 -0.034249 0.996722 0.012378 0.000000 0.000000 0.000000 1.000000
0.994662 0.073716 -0.072202 0.354983 -0.072825 0.997233 0.014906 0.078525 0.073101 -0.009568 0.997279 0.012378 0.000000 0.000000 0.000000 1.000000
0.994393 0.076094 -0.073434 0.354983 -0.076602 0.997053 -0.004119 0.078525 0.072904 0.009721 0.997291 0.012378 0.000000 0.000000 0.000000 1.000000
0.994211 0.077637 -0.074277 0.354983 -0.079067 0.996733 -0.016496 0.078525 0.072753 0.022273 0.997101 0.012378 0.000000 0.000000 0.000000 1.000000
0.994144 0.078188 -0.074585 0.354983 -0.079948 0.996579 -0.020913 0.078525 0.072695 0.026753 0.996995 0.012378 0.000000 0.000000 0.000000 1.000000
0.994144 0.078188 -0.074585 0.354983 -0.079948 0.996579 -0.020913 0.078525 0.072695 0.026753 0.996995 0.012378 0.000000 0.000000 0.000000 1.000000
0.994144 0.078188 -0.074585 0.354983 -0.079948 0.996579 -0.020913 0.078525 0.072695 0.026753 0.996995 0.012378 0.000000 0.000000 0.000000 1.000000
0.994144 0.078188 -0.074585 0.354983 -0.079948 0.996579 -0.020913 0.078525 0.072695 0.026753 0.996995 0.012378 0.000000 0.000000 0.000000 1.000000
0.994144 0.078188 -0.074585 0.354983 -0.079948 0.996579 -0.020913 0.078525 0.072695 0.026753 0.996995 0.012378 0.000000 0.000000 0.000000 1.000000</float_array>
                    <technique_common>
                        <accessor source="#jnt_spine2-Matrix-animation-output-transform-array" count="20" stride="16">
                            <param type="float4x4"/>
                        </accessor>
                    </technique_common>
                </source>
                <source id="jnt_spine2-Interpolations">
                    <Name_array id="jnt_spine2-Interpolations-array" count="20">
 LINEAR LINEAR LINEAR LINEAR LINEAR LINEAR LINEAR LINEAR LINEAR LINEAR LINEAR
LINEAR LINEAR LINEAR LINEAR LINEAR LINEAR LINEAR LINEAR LINEAR</Name_array>
                    <technique_common>
                        <accessor source="#jnt_spine2-Interpolations-array" count="20">
                            <param type="name"/>
                        </accessor>
                    </technique_common>
                </source>
                <sampler id="jnt_spine2-Matrix-animation-transform">
                    <input semantic="INPUT" source="#jnt_spine2-Matrix-animation-input"/>
                    <input semantic="OUTPUT" source="#jnt_spine2-Matrix-animation-output-transform"/>
                    <input semantic="INTERPOLATION" source="#jnt_spine2-Interpolations"/>
                </sampler>
                <channel source="#jnt_spine2-Matrix-animation-transform" target="jnt_spine2/matrix"/>
            </animation>
        </animation>
        <animation id="jnt_spine3-anim" name="jnt_spine3">
            <animation>
                <source id="jnt_spine3-Matrix-animation-input">
                    <float_array id="jnt_spine3-Matrix-animation-input-array" count="20">

0.000000 0.033333 0.066667 0.100000 0.133333 0.166667 0.200000 0.233333 0.266667 0.300000 0.333333 0.366667 0.400000 0.433333 0.466667 0.500000
0.533333 0.566667 0.600000 0.633333</float_array>
                    <technique_common>
                        <accessor source="#jnt_spine3-Matrix-animation-input-array" count="20">
                            <param name="TIME" type="float"/>
                        </accessor>
                    </technique_common>
                </source>
                <source id="jnt_spine3-Matrix-animation-output-transform">
                    <float_array id="jnt_spine3-Matrix-animation-output-transform-array" count="320">

0.977323 0.178801 0.113447 0.727646 -0.209865 0.889270 0.406393 0.078480 -0.028222 -0.420986 0.906628 -0.093513 0.000000 0.000000 0.000000 1.000000
0.981645 0.153079 0.113754 0.727646 -0.186584 0.894346 0.406611 0.078479 -0.039492 -0.420373 0.906492 -0.093513 0.000000 0.000000 0.000000 1.000000
0.981658 0.152993 0.113758 0.727645 -0.186509 0.894341 0.406654 0.078480 -0.039524 -0.420412 0.906472 -0.093513 0.000000 0.000000 0.000000 1.000000
0.981684 0.152817 0.113769 0.727645 -0.186359 0.894321 0.406767 0.078480 -0.039585 -0.420519 0.906420 -0.093513 0.000000 0.000000 0.000000 1.000000
0.981694 0.152740 0.113782 0.727646 -0.186301 0.894264 0.406919 0.078480 -0.039598 -0.420668 0.906350 -0.093513 0.000000 0.000000 0.000000 1.000000
0.981655 0.152987 0.113791 0.727646 -0.186536 0.894144 0.407075 0.078480 -0.039469 -0.420834 0.906279 -0.093513 0.000000 0.000000 0.000000 1.000000
0.981532 0.153773 0.113793 0.727645 -0.187258 0.893935 0.407202 0.078480 -0.039107 -0.420991 0.906222 -0.093513 0.000000 0.000000 0.000000 1.000000
0.981298 0.155265 0.113783 0.727645 -0.188616 0.893616 0.407276 0.078480 -0.038443 -0.421120 0.906190 -0.093513 0.000000 0.000000 0.000000 1.000000
0.980938 0.157544 0.113759 0.727645 -0.190681 0.893176 0.407280 0.078480 -0.037442 -0.421208 0.906191 -0.093513 0.000000 0.000000 0.000000 1.000000
0.980449 0.160583 0.113721 0.727645 -0.193429 0.892615 0.407213 0.078479 -0.036117 -0.421248 0.906226 -0.093513 0.000000 0.000000 0.000000 1.000000
0.979850 0.164233 0.113670 0.727645 -0.196725 0.891954 0.407083 0.078480 -0.034532 -0.421243 0.906290 -0.093513 0.000000 0.000000 0.000000 1.000000
