<?xml version="1.0" encoding="utf-8"?>
<COLLADA xmlns="http://www.collada.org/2005/11/COLLADASchema" version="1.4.1">
    <asset>
        <contributor>
            <author></author>
            <authoring_tool>FBX COLLADA exporter</authoring_tool>
            <comments></comments>
        </contributor>
        <created>2022-08-16T11:47:04Z</created>
        <keywords></keywords>
        <modified>2022-08-16T11:47:04Z</modified>
        <revision></revision>
        <subject></subject>
        <title></title>
        <unit meter="0.010000" name="centimeter"></unit>
        <up_axis>Y_UP</up_axis>
    </asset>
    <library_animations>
        <animation id="Armature-anim" name="Armature">
            <animation>
                <source id="Armature-Matrix-animation-input">
                    <float_array id="Armature-Matrix-animation-input-array" count="32">

0.000000 0.033333 0.066667 0.100000 0.133333 0.166667 0.200000 0.233333 0.266667 0.300000 0.333333 0.366667 0.400000 0.433333 0.466667 0.500000
0.533333 0.566667 0.600000 0.633333 0.666667 0.700000 0.733333 0.766667 0.800000 0.833333 0.866667 0.900000 0.933333 0.966667 1.000000 1.033333</float_array>
                    <technique_common>
                        <accessor source="#Armature-Matrix-animation-input-array" count="32">
                            <param name="TIME" type="float"/>
                        </accessor>
                    </technique_common>
                </source>
                <source id="Armature-Matrix-animation-output-transform">
                    <float_array id="Armature-Matrix-animation-output-transform-array" count="512">

1.000000 0.000000 0.000000 0.000000 0.000000 1.000000 -0.000000 0.000000 0.000000 0.000000 1.000000 0.000000 0.000000 0.000000 0.000000 1.000000
1.000000 0.000000 0.000000 0.000000 0.000000 1.000000 -0.000000 0.000000 0.000000 0.000000 1.000000 0.000000 0.000000 0.000000 0.000000 1.000000
1.000000 0.000000 0.000000 0.000000 0.000000 1.000000 -0.000000 0.000000 0.000000 0.000000 1.000000 0.000000 0.000000 0.000000 0.000000 1.000000
1.000000 0.000000 0.000000 0.000000 0.000000 1.000000 -0.000000 0.000000 0.000000 0.000000 1.000000 0.000000 0.000000 0.000000 0.000000 1.000000
1.000000 0.000000 0.000000 0.000000 0.000000 1.000000 -0.000000 0.000000 0.000000 0.000000 1.000000 0.000000 0.000000 0.000000 0.000000 1.000000
1.000000 0.000000 0.000000 0.000000 0.000000 1.000000 -0.000000 0.000000 0.000000 0.000000 1.000000 0.000000 0.000000 0.000000 0.000000 1.000000
1.000000 0.000000 0.000000 0.000000 0.000000 1.000000 -0.000000 0.000000 0.000000 0.000000 1.000000 0.000000 0.000000 0.000000 0.000000 1.000000
1.000000 0.000000 0.000000 0.000000 0.000000 1.000000 -0.000000 0.000000 0.000000 0.000000 1.000000 0.000000 0.000000 0.000000 0.000000 1.000000
1.000000 0.000000 0.000000 0.000000 0.000000 1.000000 -0.000000 0.000000 0.000000 0.000000 1.000000 0.000000 0.000000 0.000000 0.000000 1.000000
1.000000 0.000000 0.000000 0.000000 0.000000 1.000000 -0.000000 0.000000 0.000000 0.000000 1.000000 0.000000 0.000000 0.000000 0.000000 1.000000
1.000000 0.000000 0.000000 0.000000 0.000000 1.000000 -0.000000 0.000000 0.000000 0.000000 1.000000 0.000000 0.000000 0.000000 0.000000 1.000000
1.000000 0.000000 0.000000 0.000000 0.000000 1.000000 -0.000000 0.000000 0.000000 0.000000 1.000000 0.000000 0.000000 0.000000 0.000000 1.000000
1.000000 0.000000 0.000000 0.000000 0.000000 1.000000 -0.000000 0.000000 0.000000 0.000000 1.000000 0.000000 0.000000 0.000000 0.000000 1.000000
1.000000 0.000000 0.000000 0.000000 0.000000 1.000000 -0.000000 0.000000 0.000000 0.000000 1.000000 0.000000 0.000000 0.000000 0.000000 1.000000
1.000000 0.000000 0.000000 0.000000 0.000000 1.000000 -0.000000 0.000000 0.000000 0.000000 1.000000 0.000000 0.000000 0.000000 0.000000 1.000000
1.000000 0.000000 0.000000 0.000000 0.000000 1.000000 -0.000000 0.000000 0.000000 0.000000 1.000000 0.000000 0.000000 0.000000 0.000000 1.000000
1.000000 0.000000 0.000000 0.000000 0.000000 1.000000 -0.000000 0.000000 0.000000 0.000000 1.000000 0.000000 0.000000 0.000000 0.000000 1.000000
1.000000 0.000000 0.000000 0.000000 0.000000 1.000000 -0.000000 0.000000 0.000000 0.000000 1.000000 0.000000 0.000000 0.000000 0.000000 1.000000
1.000000 0.000000 0.000000 0.000000 0.000000 1.000000 -0.000000 0.000000 0.000000 0.000000 1.000000 0.000000 0.000000 0.000000 0.000000 1.000000
1.000000 0.000000 0.000000 0.000000 0.000000 1.000000 -0.000000 0.000000 0.000000 0.000000 1.000000 0.000000 0.000000 0.000000 0.000000 1.000000
1.000000 0.000000 0.000000 0.000000 0.000000 1.000000 -0.000000 0.000000 0.000000 0.000000 1.000000 0.000000 0.000000 0.000000 0.000000 1.000000
1.000000 0.000000 0.000000 0.000000 0.000000 1.000000 -0.000000 0.000000 0.000000 0.000000 1.000000 0.000000 0.000000 0.000000 0.000000 1.000000
1.000000 0.000000 0.000000 0.000000 0.000000 1.000000 -0.000000 0.000000 0.000000 0.000000 1.000000 0.000000 0.000000 0.000000 0.000000 1.000000
1.000000 0.000000 0.000000 0.000000 0.000000 1.000000 -0.000000 0.000000 0.000000 0.000000 1.000000 0.000000 0.000000 0.000000 0.000000 1.000000
1.000000 0.000000 0.000000 0.000000 0.000000 1.000000 -0.000000 0.000000 0.000000 0.000000 1.000000 0.000000 0.000000 0.000000 0.000000 1.000000
1.000000 0.000000 0.000000 0.000000 0.000000 1.000000 -0.000000 0.000000 0.000000 0.000000 1.000000 0.000000 0.000000 0.000000 0.000000 1.000000
1.000000 0.000000 0.000000 0.000000 0.000000 1.000000 -0.000000 0.000000 0.000000 0.000000 1.000000 0.000000 0.000000 0.000000 0.000000 1.000000
1.000000 0.000000 0.000000 0.000000 0.000000 1.000000 -0.000000 0.000000 0.000000 0.000000 1.000000 0.000000 0.000000 0.000000 0.000000 1.000000
1.000000 0.000000 0.000000 0.000000 0.000000 1.000000 -0.000000 0.000000 0.000000 0.000000 1.000000 0.000000 0.000000 0.000000 0.000000 1.000000
1.000000 0.000000 0.000000 0.000000 0.000000 1.000000 -0.000000 0.000000 0.000000 0.000000 1.000000 0.000000 0.000000 0.000000 0.000000 1.000000
1.000000 0.000000 0.000000 0.000000 0.000000 1.000000 -0.000000 0.000000 0.000000 0.000000 1.000000 0.000000 0.000000 0.000000 0.000000 1.000000
1.000000 0.000000 0.000000 0.000000 0.000000 1.000000 -0.000000 0.000000 0.000000 0.000000 1.000000 0.000000 0.000000 0.000000 0.000000 1.000000</float_array>
                    <technique_common>
                        <accessor source="#Armature-Matrix-animation-output-transform-array" count="32" stride="16">
                            <param type="float4x4"/>
                        </accessor>
                    </technique_common>
                </source>
                <source id="Armature-Interpolations">
                    <Name_array id="Armature-Interpolations-array" count="32">
 LINEAR LINEAR LINEAR LINEAR LINEAR LINEAR LINEAR LINEAR LINEAR LINEAR LINEAR
LINEAR LINEAR LINEAR LINEAR LINEAR LINEAR LINEAR LINEAR LINEAR LINEAR LINEAR LINEAR
LINEAR LINEAR LINEAR LINEAR LINEAR LINEAR LINEAR LINEAR LINEAR</Name_array>
                    <technique_common>
                        <accessor source="#Armature-Interpolations-array" count="32">
                            <param type="name"/>
                        </accessor>
                    </technique_common>
                </source>
                <sampler id="Armature-Matrix-animation-transform">
                    <input semantic="INPUT" source="#Armature-Matrix-animation-input"/>
                    <input semantic="OUTPUT" source="#Armature-Matrix-animation-output-transform"/>
                    <input semantic="INTERPOLATION" source="#Armature-Interpolations"/>
                </sampler>
                <channel source="#Armature-Matrix-animation-transform" target="Armature/matrix"/>
            </animation>
        </animation>
        <animation id="HIK_root_jnt-anim" name="HIK_root_jnt">
            <animation>
                <source id="HIK_root_jnt-Matrix-animation-input">
                    <float_array id="HIK_root_jnt-Matrix-animation-input-array" count="32">

0.000000 0.033333 0.066667 0.100000 0.133333 0.166667 0.200000 0.233333 0.266667 0.300000 0.333333 0.366667 0.400000 0.433333 0.466667 0.500000
0.533333 0.566667 0.600000 0.633333 0.666667 0.700000 0.733333 0.766667 0.800000 0.833333 0.866667 0.900000 0.933333 0.966667 1.000000 1.033333</float_array>
                    <technique_common>
                        <accessor source="#HIK_root_jnt-Matrix-animation-input-array" count="32">
                            <param name="TIME" type="float"/>
                        </accessor>
                    </technique_common>
                </source>
                <source id="HIK_root_jnt-Matrix-animation-output-transform">
                    <float_array id="HIK_root_jnt-Matrix-animation-output-transform-array" count="512">

1.000000 0.000000 0.000000 0.000000 0.000000 1.000000 -0.000000 0.000000 0.000000 0.000000 1.000000 0.000000 0.000000 0.000000 0.000000 1.000000
1.000000 0.000000 0.000000 0.000000 0.000000 1.000000 -0.000000 0.000000 0.000000 0.000000 1.000000 0.000000 0.000000 0.000000 0.000000 1.000000
1.000000 0.000000 0.000000 0.000000 0.000000 1.000000 -0.000000 0.000000 0.000000 0.000000 1.000000 0.000000 0.000000 0.000000 0.000000 1.000000
1.000000 0.000000 0.000000 0.000000 0.000000 1.000000 -0.000000 0.000000 0.000000 0.000000 1.000000 0.000000 0.000000 0.000000 0.000000 1.000000
1.000000 0.000000 0.000000 0.000000 0.000000 1.000000 -0.000000 0.000000 0.000000 0.000000 1.000000 0.000000 0.000000 0.000000 0.000000 1.000000
1.000000 0.000000 0.000000 0.000000 0.000000 1.000000 -0.000000 0.000000 0.000000 0.000000 1.000000 0.000000 0.000000 0.000000 0.000000 1.000000
1.000000 0.000000 0.000000 0.000000 0.000000 1.000000 -0.000000 0.000000 0.000000 0.000000 1.000000 0.000000 0.000000 0.000000 0.000000 1.000000
1.000000 0.000000 0.000000 0.000000 0.000000 1.000000 -0.000000 0.000000 0.000000 0.000000 1.000000 0.000000 0.000000 0.000000 0.000000 1.000000
1.000000 0.000000 0.000000 0.000000 0.000000 1.000000 -0.000000 0.000000 0.000000 0.000000 1.000000 0.000000 0.000000 0.000000 0.000000 1.000000
1.000000 0.000000 0.000000 0.000000 0.000000 1.000000 -0.000000 0.000000 0.000000 0.000000 1.000000 0.000000 0.000000 0.000000 0.000000 1.000000
1.000000 0.000000 0.000000 0.000000 0.000000 1.000000 -0.000000 0.000000 0.000000 0.000000 1.000000 0.000000 0.000000 0.000000 0.000000 1.000000
1.000000 0.000000 0.000000 0.000000 0.000000 1.000000 -0.000000 0.000000 0.000000 0.000000 1.000000 0.000000 0.000000 0.000000 0.000000 1.000000
1.000000 0.000000 0.000000 0.000000 0.000000 1.000000 -0.000000 0.000000 0.000000 0.000000 1.000000 0.000000 0.000000 0.000000 0.000000 1.000000
1.000000 0.000000 0.000000 0.000000 0.000000 1.000000 -0.000000 0.000000 0.000000 0.000000 1.000000 0.000000 0.000000 0.000000 0.000000 1.000000
1.000000 0.000000 0.000000 0.000000 0.000000 1.000000 -0.000000 0.000000 0.000000 0.000000 1.000000 0.000000 0.000000 0.000000 0.000000 1.000000
1.000000 0.000000 0.000000 0.000000 0.000000 1.000000 -0.000000 0.000000 0.000000 0.000000 1.000000 0.000000 0.000000 0.000000 0.000000 1.000000
1.000000 0.000000 0.000000 0.000000 0.000000 1.000000 -0.000000 0.000000 0.000000 0.000000 1.000000 0.000000 0.000000 0.000000 0.000000 1.000000
1.000000 0.000000 0.000000 0.000000 0.000000 1.000000 -0.000000 0.000000 0.000000 0.000000 1.000000 0.000000 0.000000 0.000000 0.000000 1.000000
1.000000 0.000000 0.000000 0.000000 0.000000 1.000000 -0.000000 0.000000 0.000000 0.000000 1.000000 0.000000 0.000000 0.000000 0.000000 1.000000
1.000000 0.000000 0.000000 0.000000 0.000000 1.000000 -0.000000 0.000000 0.000000 0.000000 1.000000 0.000000 0.000000 0.000000 0.000000 1.000000
1.000000 0.000000 0.000000 0.000000 0.000000 1.000000 -0.000000 0.000000 0.000000 0.000000 1.000000 0.000000 0.000000 0.000000 0.000000 1.000000
1.000000 0.000000 0.000000 0.000000 0.000000 1.000000 -0.000000 0.000000 0.000000 0.000000 1.000000 0.000000 0.000000 0.000000 0.000000 1.000000
1.000000 0.000000 0.000000 0.000000 0.000000 1.000000 -0.000000 0.000000 0.000000 0.000000 1.000000 0.000000 0.000000 0.000000 0.000000 1.000000
1.000000 0.000000 0.000000 0.000000 0.000000 1.000000 -0.000000 0.000000 0.000000 0.000000 1.000000 0.000000 0.000000 0.000000 0.000000 1.000000
1.000000 0.000000 0.000000 0.000000 0.000000 1.000000 -0.000000 0.000000 0.000000 0.000000 1.000000 0.000000 0.000000 0.000000 0.000000 1.000000
1.000000 0.000000 0.000000 0.000000 0.000000 1.000000 -0.000000 0.000000 0.000000 0.000000 1.000000 0.000000 0.000000 0.000000 0.000000 1.000000
1.000000 0.000000 0.000000 0.000000 0.000000 1.000000 -0.000000 0.000000 0.000000 0.000000 1.000000 0.000000 0.000000 0.000000 0.000000 1.000000
1.000000 0.000000 0.000000 0.000000 0.000000 1.000000 -0.000000 0.000000 0.000000 0.000000 1.000000 0.000000 0.000000 0.000000 0.000000 1.000000
1.000000 0.000000 0.000000 0.000000 0.000000 1.000000 -0.000000 0.000000 0.000000 0.000000 1.000000 0.000000 0.000000 0.000000 0.000000 1.000000
1.000000 0.000000 0.000000 0.000000 0.000000 1.000000 -0.000000 0.000000 0.000000 0.000000 1.000000 0.000000 0.000000 0.000000 0.000000 1.000000
1.000000 0.000000 0.000000 0.000000 0.000000 1.000000 -0.000000 0.000000 0.000000 0.000000 1.000000 0.000000 0.000000 0.000000 0.000000 1.000000
1.000000 0.000000 0.000000 0.000000 0.000000 1.000000 -0.000000 0.000000 0.000000 0.000000 1.000000 0.000000 0.000000 0.000000 0.000000 1.000000</float_array>
                    <technique_common>
                        <accessor source="#HIK_root_jnt-Matrix-animation-output-transform-array" count="32" stride="16">
                            <param type="float4x4"/>
                        </accessor>
                    </technique_common>
                </source>
                <source id="HIK_root_jnt-Interpolations">
                    <Name_array id="HIK_root_jnt-Interpolations-array" count="32">
 LINEAR LINEAR LINEAR LINEAR LINEAR LINEAR LINEAR LINEAR LINEAR LINEAR LINEAR
LINEAR LINEAR LINEAR LINEAR LINEAR LINEAR LINEAR LINEAR LINEAR LINEAR LINEAR LINEAR
LINEAR LINEAR LINEAR LINEAR LINEAR LINEAR LINEAR LINEAR LINEAR</Name_array>
                    <technique_common>
                        <accessor source="#HIK_root_jnt-Interpolations-array" count="32">
                            <param type="name"/>
                        </accessor>
                    </technique_common>
                </source>
                <sampler id="HIK_root_jnt-Matrix-animation-transform">
                    <input semantic="INPUT" source="#HIK_root_jnt-Matrix-animation-input"/>
                    <input semantic="OUTPUT" source="#HIK_root_jnt-Matrix-animation-output-transform"/>
                    <input semantic="INTERPOLATION" source="#HIK_root_jnt-Interpolations"/>
                </sampler>
                <channel source="#HIK_root_jnt-Matrix-animation-transform" target="HIK_root_jnt/matrix"/>
            </animation>
        </animation>
        <animation id="Armature.001-anim" name="Armature.001">
            <animation>
                <source id="Armature.001-Matrix-animation-input">
                    <float_array id="Armature.001-Matrix-animation-input-array" count="32">

0.000000 0.033333 0.066667 0.100000 0.133333 0.166667 0.200000 0.233333 0.266667 0.300000 0.333333 0.366667 0.400000 0.433333 0.466667 0.500000
0.533333 0.566667 0.600000 0.633333 0.666667 0.700000 0.733333 0.766667 0.800000 0.833333 0.866667 0.900000 0.933333 0.966667 1.000000 1.033333</float_array>
                    <technique_common>
                        <accessor source="#Armature.001-Matrix-animation-input-array" count="32">
                            <param name="TIME" type="float"/>
                        </accessor>
                    </technique_common>
                </source>
                <source id="Armature.001-Matrix-animation-output-transform">
                    <float_array id="Armature.001-Matrix-animation-output-transform-array" count="512">

1.000000 0.000000 0.000000 0.000000 0.000000 1.000000 -0.000000 0.000000 0.000000 0.000000 1.000000 0.000000 0.000000 0.000000 0.000000 1.000000
1.000000 0.000000 0.000000 0.000000 0.000000 1.000000 -0.000000 0.000000 0.000000 0.000000 1.000000 0.000000 0.000000 0.000000 0.000000 1.000000
1.000000 0.000000 0.000000 0.000000 0.000000 1.000000 -0.000000 0.000000 0.000000 0.000000 1.000000 0.000000 0.000000 0.000000 0.000000 1.000000
1.000000 0.000000 0.000000 0.000000 0.000000 1.000000 -0.000000 0.000000 0.000000 0.000000 1.000000 0.000000 0.000000 0.000000 0.000000 1.000000
1.000000 0.000000 0.000000 0.000000 0.000000 1.000000 -0.000000 0.000000 0.000000 0.000000 1.000000 0.000000 0.000000 0.000000 0.000000 1.000000
1.000000 0.000000 0.000000 0.000000 0.000000 1.000000 -0.000000 0.000000 0.000000 0.000000 1.000000 0.000000 0.000000 0.000000 0.000000 1.000000
1.000000 0.000000 0.000000 0.000000 0.000000 1.000000 -0.000000 0.000000 0.000000 0.000000 1.000000 0.000000 0.000000 0.000000 0.000000 1.000000
1.000000 0.000000 0.000000 0.000000 0.000000 1.000000 -0.000000 0.000000 0.000000 0.000000 1.000000 0.000000 0.000000 0.000000 0.000000 1.000000
1.000000 0.000000 0.000000 0.000000 0.000000 1.000000 -0.000000 0.000000 0.000000 0.000000 1.000000 0.000000 0.000000 0.000000 0.000000 1.000000
1.000000 0.000000 0.000000 0.000000 0.000000 1.000000 -0.000000 0.000000 0.000000 0.000000 1.000000 0.000000 0.000000 0.000000 0.000000 1.000000
1.000000 0.000000 0.000000 0.000000 0.000000 1.000000 -0.000000 0.000000 0.000000 0.000000 1.000000 0.000000 0.000000 0.000000 0.000000 1.000000
1.000000 0.000000 0.000000 0.000000 0.000000 1.000000 -0.000000 0.000000 0.000000 0.000000 1.000000 0.000000 0.000000 0.000000 0.000000 1.000000
1.000000 0.000000 0.000000 0.000000 0.000000 1.000000 -0.000000 0.000000 0.000000 0.000000 1.000000 0.000000 0.000000 0.000000 0.000000 1.000000
1.000000 0.000000 0.000000 0.000000 0.000000 1.000000 -0.000000 0.000000 0.000000 0.000000 1.000000 0.000000 0.000000 0.000000 0.000000 1.000000
1.000000 0.000000 0.000000 0.000000 0.000000 1.000000 -0.000000 0.000000 0.000000 0.000000 1.000000 0.000000 0.000000 0.000000 0.000000 1.000000
1.000000 0.000000 0.000000 0.000000 0.000000 1.000000 -0.000000 0.000000 0.000000 0.000000 1.000000 0.000000 0.000000 0.000000 0.000000 1.000000
1.000000 0.000000 0.000000 0.000000 0.000000 1.000000 -0.000000 0.000000 0.000000 0.000000 1.000000 0.000000 0.000000 0.000000 0.000000 1.000000
1.000000 0.000000 0.000000 0.000000 0.000000 1.000000 -0.000000 0.000000 0.000000 0.000000 1.000000 0.000000 0.000000 0.000000 0.000000 1.000000
1.000000 0.000000 0.000000 0.000000 0.000000 1.000000 -0.000000 0.000000 0.000000 0.000000 1.000000 0.000000 0.000000 0.000000 0.000000 1.000000
1.000000 0.000000 0.000000 0.000000 0.000000 1.000000 -0.000000 0.000000 0.000000 0.000000 1.000000 0.000000 0.000000 0.000000 0.000000 1.000000
1.000000 0.000000 0.000000 0.000000 0.000000 1.000000 -0.000000 0.000000 0.000000 0.000000 1.000000 0.000000 0.000000 0.000000 0.000000 1.000000
1.000000 0.000000 0.000000 0.000000 0.000000 1.000000 -0.000000 0.000000 0.000000 0.000000 1.000000 0.000000 0.000000 0.000000 0.000000 1.000000
1.000000 0.000000 0.000000 0.000000 0.000000 1.000000 -0.000000 0.000000 0.000000 0.000000 1.000000 0.000000 0.000000 0.000000 0.000000 1.000000
1.000000 0.000000 0.000000 0.000000 0.000000 1.000000 -0.000000 0.000000 0.000000 0.000000 1.000000 0.000000 0.000000 0.000000 0.000000 1.000000
1.000000 0.000000 0.000000 0.000000 0.000000 1.000000 -0.000000 0.000000 0.000000 0.000000 1.000000 0.000000 0.000000 0.000000 0.000000 1.000000
1.000000 0.000000 0.000000 0.000000 0.000000 1.000000 -0.000000 0.000000 0.000000 0.000000 1.000000 0.000000 0.000000 0.000000 0.000000 1.000000
1.000000 0.000000 0.000000 0.000000 0.000000 1.000000 -0.000000 0.000000 0.000000 0.000000 1.000000 0.000000 0.000000 0.000000 0.000000 1.000000
1.000000 0.000000 0.000000 0.000000 0.000000 1.000000 -0.000000 0.000000 0.000000 0.000000 1.000000 0.000000 0.000000 0.000000 0.000000 1.000000
1.000000 0.000000 0.000000 0.000000 0.000000 1.000000 -0.000000 0.000000 0.000000 0.000000 1.000000 0.000000 0.000000 0.000000 0.000000 1.000000
1.000000 0.000000 0.000000 0.000000 0.000000 1.000000 -0.000000 0.000000 0.000000 0.000000 1.000000 0.000000 0.000000 0.000000 0.000000 1.000000
1.000000 0.000000 0.000000 0.000000 0.000000 1.000000 -0.000000 0.000000 0.000000 0.000000 1.000000 0.000000 0.000000 0.000000 0.000000 1.000000
1.000000 0.000000 0.000000 0.000000 0.000000 1.000000 -0.000000 0.000000 0.000000 0.000000 1.000000 0.000000 0.000000 0.000000 0.000000 1.000000</float_array>
                    <technique_common>
                        <accessor source="#Armature.001-Matrix-animation-output-transform-array" count="32" stride="16">
                            <param type="float4x4"/>
                        </accessor>
                    </technique_common>
                </source>
                <source id="Armature.001-Interpolations">
                    <Name_array id="Armature.001-Interpolations-array" count="32">
 LINEAR LINEAR LINEAR LINEAR LINEAR LINEAR LINEAR LINEAR LINEAR LINEAR LINEAR
LINEAR LINEAR LINEAR LINEAR LINEAR LINEAR LINEAR LINEAR LINEAR LINEAR LINEAR LINEAR
LINEAR LINEAR LINEAR LINEAR LINEAR LINEAR LINEAR LINEAR LINEAR</Name_array>
                    <technique_common>
                        <accessor source="#Armature.001-Interpolations-array" count="32">
                            <param type="name"/>
                        </accessor>
                    </technique_common>
                </source>
                <sampler id="Armature.001-Matrix-animation-transform">
                    <input semantic="INPUT" source="#Armature.001-Matrix-animation-input"/>
                    <input semantic="OUTPUT" source="#Armature.001-Matrix-animation-output-transform"/>
                    <input semantic="INTERPOLATION" source="#Armature.001-Interpolations"/>
                </sampler>
                <channel source="#Armature.001-Matrix-animation-transform" target="Armature.001/matrix"/>
            </animation>
        </animation>
        <animation id="root_jnt-anim" name="root_jnt">
            <animation>
                <source id="root_jnt-Matrix-animation-input">
                    <float_array id="root_jnt-Matrix-animation-input-array" count="32">

0.000000 0.033333 0.066667 0.100000 0.133333 0.166667 0.200000 0.233333 0.266667 0.300000 0.333333 0.366667 0.400000 0.433333 0.466667 0.500000
0.533333 0.566667 0.600000 0.633333 0.666667 0.700000 0.733333 0.766667 0.800000 0.833333 0.866667 0.900000 0.933333 0.966667 1.000000 1.033333</float_array>
                    <technique_common>
                        <accessor source="#root_jnt-Matrix-animation-input-array" count="32">
                            <param name="TIME" type="float"/>
                        </accessor>
                    </technique_common>
                </source>
                <source id="root_jnt-Matrix-animation-output-transform">
                    <float_array id="root_jnt-Matrix-animation-output-transform-array" count="512">

1.000000 0.000000 0.000000 0.000000 0.000000 1.000000 -0.000000 0.000000 0.000000 0.000000 1.000000 0.000000 0.000000 0.000000 0.000000 1.000000
1.000000 0.000000 0.000000 0.000000 0.000000 1.000000 -0.000000 0.000000 0.000000 0.000000 1.000000 0.000000 0.000000 0.000000 0.000000 1.000000
1.000000 0.000000 0.000000 0.000000 0.000000 1.000000 -0.000000 0.000000 0.000000 0.000000 1.000000 0.000000 0.000000 0.000000 0.000000 1.000000
1.000000 0.000000 0.000000 0.000000 0.000000 1.000000 -0.000000 0.000000 0.000000 0.000000 1.000000 0.000000 0.000000 0.000000 0.000000 1.000000
1.000000 0.000000 0.000000 0.000000 0.000000 1.000000 -0.000000 0.000000 0.000000 0.000000 1.000000 0.000000 0.000000 0.000000 0.000000 1.000000
1.000000 0.000000 0.000000 0.000000 0.000000 1.000000 -0.000000 0.000000 0.000000 0.000000 1.000000 0.000000 0.000000 0.000000 0.000000 1.000000
1.000000 0.000000 0.000000 0.000000 0.000000 1.000000 -0.000000 0.000000 0.000000 0.000000 1.000000 0.000000 0.000000 0.000000 0.000000 1.000000
1.000000 0.000000 0.000000 0.000000 0.000000 1.000000 -0.000000 0.000000 0.000000 0.000000 1.000000 0.000000 0.000000 0.000000 0.000000 1.000000
1.000000 0.000000 0.000000 0.000000 0.000000 1.000000 -0.000000 0.000000 0.000000 0.000000 1.000000 0.000000 0.000000 0.000000 0.000000 1.000000
1.000000 0.000000 0.000000 0.000000 0.000000 1.000000 -0.000000 0.000000 0.000000 0.000000 1.000000 0.000000 0.000000 0.000000 0.000000 1.000000
1.000000 0.000000 0.000000 0.000000 0.000000 1.000000 -0.000000 0.000000 0.000000 0.000000 1.000000 0.000000 0.000000 0.000000 0.000000 1.000000
1.000000 0.000000 0.000000 0.000000 0.000000 1.000000 -0.000000 0.000000 0.000000 0.000000 1.000000 0.000000 0.000000 0.000000 0.000000 1.000000
1.000000 0.000000 0.000000 0.000000 0.000000 1.000000 -0.000000 0.000000 0.000000 0.000000 1.000000 0.000000 0.000000 0.000000 0.000000 1.000000
1.000000 0.000000 0.000000 0.000000 0.000000 1.000000 -0.000000 0.000000 0.000000 0.000000 1.000000 0.000000 0.000000 0.000000 0.000000 1.000000
1.000000 0.000000 0.000000 0.000000 0.000000 1.000000 -0.000000 0.000000 0.000000 0.000000 1.000000 0.000000 0.000000 0.000000 0.000000 1.000000
1.000000 0.000000 0.000000 0.000000 0.000000 1.000000 -0.000000 0.000000 0.000000 0.000000 1.000000 0.000000 0.000000 0.000000 0.000000 1.000000
1.000000 0.000000 0.000000 0.000000 0.000000 1.000000 -0.000000 0.000000 0.000000 0.000000 1.000000 0.000000 0.000000 0.000000 0.000000 1.000000
1.000000 0.000000 0.000000 0.000000 0.000000 1.000000 -0.000000 0.000000 0.000000 0.000000 1.000000 0.000000 0.000000 0.000000 0.000000 1.000000
1.000000 0.000000 0.000000 0.000000 0.000000 1.000000 -0.000000 0.000000 0.000000 0.000000 1.000000 0.000000 0.000000 0.000000 0.000000 1.000000
1.000000 0.000000 0.000000 0.000000 0.000000 1.000000 -0.000000 0.000000 0.000000 0.000000 1.000000 0.000000 0.000000 0.000000 0.000000 1.000000
1.000000 0.000000 0.000000 0.000000 0.000000 1.000000 -0.000000 0.000000 0.000000 0.000000 1.000000 0.000000 0.000000 0.000000 0.000000 1.000000
1.000000 0.000000 0.000000 0.000000 0.000000 1.000000 -0.000000 0.000000 0.000000 0.000000 1.000000 0.000000 0.000000 0.000000 0.000000 1.000000
1.000000 0.000000 0.000000 0.000000 0.000000 1.000000 -0.000000 0.000000 0.000000 0.000000 1.000000 0.000000 0.000000 0.000000 0.000000 1.000000
1.000000 0.000000 0.000000 0.000000 0.000000 1.000000 -0.000000 0.000000 0.000000 0.000000 1.000000 0.000000 0.000000 0.000000 0.000000 1.000000
1.000000 0.000000 0.000000 0.000000 0.000000 1.000000 -0.000000 0.000000 0.000000 0.000000 1.000000 0.000000 0.000000 0.000000 0.000000 1.000000
1.000000 0.000000 0.000000 0.000000 0.000000 1.000000 -0.000000 0.000000 0.000000 0.000000 1.000000 0.000000 0.000000 0.000000 0.000000 1.000000
1.000000 0.000000 0.000000 0.000000 0.000000 1.000000 -0.000000 0.000000 0.000000 0.000000 1.000000 0.000000 0.000000 0.000000 0.000000 1.000000
1.000000 0.000000 0.000000 0.000000 0.000000 1.000000 -0.000000 0.000000 0.000000 0.000000 1.000000 0.000000 0.000000 0.000000 0.000000 1.000000
1.000000 0.000000 0.000000 0.000000 0.000000 1.000000 -0.000000 0.000000 0.000000 0.000000 1.000000 0.000000 0.000000 0.000000 0.000000 1.000000
1.000000 0.000000 0.000000 0.000000 0.000000 1.000000 -0.000000 0.000000 0.000000 0.000000 1.000000 0.000000 0.000000 0.000000 0.000000 1.000000
1.000000 0.000000 0.000000 0.000000 0.000000 1.000000 -0.000000 0.000000 0.000000 0.000000 1.000000 0.000000 0.000000 0.000000 0.000000 1.000000
1.000000 0.000000 0.000000 0.000000 0.000000 1.000000 -0.000000 0.000000 0.000000 0.000000 1.000000 0.000000 0.000000 0.000000 0.000000 1.000000</float_array>
                    <technique_common>
                        <accessor source="#root_jnt-Matrix-animation-output-transform-array" count="32" stride="16">
                            <param type="float4x4"/>
                        </accessor>
                    </technique_common>
                </source>
                <source id="root_jnt-Interpolations">
                    <Name_array id="root_jnt-Interpolations-array" count="32">
 LINEAR LINEAR LINEAR LINEAR LINEAR LINEAR LINEAR LINEAR LINEAR LINEAR LINEAR
LINEAR LINEAR LINEAR LINEAR LINEAR LINEAR LINEAR LINEAR LINEAR LINEAR LINEAR LINEAR
LINEAR LINEAR LINEAR LINEAR LINEAR LINEAR LINEAR LINEAR LINEAR</Name_array>
                    <technique_common>
                        <accessor source="#root_jnt-Interpolations-array" count="32">
                            <param type="name"/>
                        </accessor>
                    </technique_common>
                </source>
                <sampler id="root_jnt-Matrix-animation-transform">
                    <input semantic="INPUT" source="#root_jnt-Matrix-animation-input"/>
                    <input semantic="OUTPUT" source="#root_jnt-Matrix-animation-output-transform"/>
                    <input semantic="INTERPOLATION" source="#root_jnt-Interpolations"/>
                </sampler>
                <channel source="#root_jnt-Matrix-animation-transform" target="root_jnt/matrix"/>
            </animation>
        </animation>
        <animation id="jnt_hips-anim" name="jnt_hips">
            <animation>
                <source id="jnt_hips-Matrix-animation-input">
                    <float_array id="jnt_hips-Matrix-animation-input-array" count="32">

0.000000 0.033333 0.066667 0.100000 0.133333 0.166667 0.200000 0.233333 0.266667 0.300000 0.333333 0.366667 0.400000 0.433333 0.466667 0.500000
0.533333 0.566667 0.600000 0.633333 0.666667 0.700000 0.733333 0.766667 0.800000 0.833333 0.866667 0.900000 0.933333 0.966667 1.000000 1.033333</float_array>
                    <technique_common>
                        <accessor source="#jnt_hips-Matrix-animation-input-array" count="32">
                            <param name="TIME" type="float"/>
                        </accessor>
                    </technique_common>
                </source>
                <source id="jnt_hips-Matrix-animation-output-transform">
                    <float_array id="jnt_hips-Matrix-animation-output-transform-array" count="512">

0.895299 0.081796 -0.437892 0.020312 -0.065588 0.996490 0.052040 1.865034 0.440611 -0.017870 0.897520 -0.208984 0.000000 0.000000 0.000000 1.000000
0.892544 0.084916 -0.442893 0.020852 -0.068071 0.996228 0.053826 1.860486 0.445793 -0.017894 0.894957 -0.206902 0.000000 0.000000 0.000000 1.000000
0.890061 0.087808 -0.447305 0.021344 -0.070417 0.995979 0.055396 1.855997 0.450371 -0.017807 0.892664 -0.204839 0.000000 0.000000 0.000000 1.000000
0.887883 0.090450 -0.451093 0.021785 -0.072618 0.995746 0.056727 1.851580 0.454305 -0.017610 0.890673 -0.202803 0.000000 0.000000 0.000000 1.000000
0.885931 0.093032 -0.454393 0.022201 -0.074870 0.995515 0.057847 1.846745 0.457737 -0.017228 0.888921 -0.200566 0.000000 0.000000 0.000000 1.000000
0.884008 0.095952 -0.457521 0.022647 -0.077578 0.995249 0.058831 1.840492 0.460992 -0.016514 0.887251 -0.197660 0.000000 0.000000 0.000000 1.000000
0.883256 0.097993 -0.458539 0.022917 -0.079793 0.995067 0.058951 1.834608 0.462054 -0.015481 0.886717 -0.194907 0.000000 0.000000 0.000000 1.000000
0.883344 0.099038 -0.458144 0.023020 -0.081181 0.994978 0.058561 1.830418 0.461642 -0.014536 0.886947 -0.192936 0.000000 0.000000 0.000000 1.000000
0.884070 0.099486 -0.456644 0.023015 -0.082142 0.994948 0.057735 1.826922 0.460081 -0.013532 0.887774 -0.191281 0.000000 0.000000 0.000000 1.000000
0.887461 0.098553 -0.450224 0.022670 -0.082730 0.995068 0.054744 1.823355 0.453399 -0.011336 0.891235 -0.189509 0.000000 0.000000 0.000000 1.000000
0.897510 0.094339 -0.430787 0.021467 -0.082539 0.995524 0.046049 1.819183 0.433203 -0.005773 0.901278 -0.187223 0.000000 0.000000 0.000000 1.000000
0.930780 0.075593 -0.357679 0.016617 -0.075042 0.997062 0.015440 1.816673 0.357795 0.012469 0.933717 -0.184651 0.000000 0.000000 0.000000 1.000000
0.957238 0.057297 -0.283571 0.011779 -0.063672 0.997883 -0.013310 1.815375 0.282208 0.030796 0.958859 -0.182422 0.000000 0.000000 0.000000 1.000000
0.977832 0.039206 -0.205687 0.006823 -0.048694 0.997961 -0.041266 1.814631 0.203650 0.050367 0.977747 -0.180127 0.000000 0.000000 0.000000 1.000000
0.992780 0.020342 -0.118218 0.001423 -0.028773 0.997128 -0.070052 1.814045 0.116453 0.072948 0.990514 -0.177362 0.000000 0.000000 0.000000 1.000000
0.999925 -0.000630 -0.012304 -0.004940 -0.000619 0.994861 -0.101255 1.813483 0.012305 0.101255 0.994785 -0.173731 0.000000 0.000000 0.000000 1.000000
0.998809 -0.013506 0.046894 -0.008622 0.018876 0.993066 -0.116031 1.813252 -0.045002 0.116778 0.992138 -0.171634 0.000000 0.000000 0.000000 1.000000
0.997853 -0.018055 0.062957 -0.009757 0.025484 0.992535 -0.119270 1.814188 -0.060333 0.120619 0.990864 -0.171574 0.000000 0.000000 0.000000 1.000000
0.997921 -0.019793 0.061339 -0.009892 0.026938 0.992656 -0.117942 1.816704 -0.058554 0.119349 0.991124 -0.172867 0.000000 0.000000 0.000000 1.000000
0.998365 -0.021263 0.053054 -0.009745 0.027237 0.993044 -0.114551 1.821838 -0.050249 0.115809 0.991999 -0.175625 0.000000 0.000000 0.000000 1.000000
0.999145 -0.022571 0.034646 -0.009203 0.026191 0.993821 -0.107858 1.831246 -0.031997 0.108674 0.993563 -0.180759 0.000000 0.000000 0.000000 1.000000
0.999711 -0.022901 0.007362 -0.008213 0.023515 0.994859 -0.098501 1.843570 -0.005068 0.098646 0.995110 -0.187550 0.000000 0.000000 0.000000 1.000000
0.999610 -0.022598 -0.016448 -0.007286 0.021021 0.995681 -0.090429 1.853806 0.018421 0.090048 0.995767 -0.193205 0.000000 0.000000 0.000000 1.000000
0.998953 -0.021831 -0.040213 -0.006307 0.018458 0.996428 -0.082411 1.863611 0.041868 0.081583 0.995787 -0.198631 0.000000 0.000000 0.000000 1.000000
0.997424 -0.020446 -0.068760 -0.005076 0.015426 0.997230 -0.072759 1.874974 0.070057 0.071511 0.994976 -0.204922 0.000000 0.000000 0.000000 1.000000
0.993962 -0.017859 -0.108260 -0.003305 0.011477 0.998175 -0.059288 1.890217 0.109122 0.057687 0.992353 -0.213363 0.000000 0.000000 0.000000 1.000000
0.988922 -0.014539 -0.147724 -0.001447 0.007865 0.998927 -0.045661 1.904682 0.148229 0.043994 0.987974 -0.221383 0.000000 0.000000 0.000000 1.000000
0.984292 -0.011752 -0.176161 -0.000069 0.005541 0.999348 -0.035707 1.914688 0.176466 0.034170 0.983714 -0.226944 0.000000 0.000000 0.000000 1.000000
0.979785 -0.009182 -0.199847 0.001109 0.003794 0.999620 -0.027324 1.922559 0.200022 0.026014 0.979446 -0.231342 0.000000 0.000000 0.000000 1.000000
0.974646 -0.006404 -0.223662 0.002315 0.002256 0.999821 -0.018798 1.929813 0.223742 0.017817 0.974485 -0.235448 0.000000 0.000000 0.000000 1.000000
0.967953 -0.002985 -0.251116 0.003729 0.000792 0.999961 -0.008835 1.937159 0.251133 0.008353 0.967917 -0.239707 0.000000 0.000000 0.000000 1.000000
0.962795 -0.000614 -0.270232 0.004714 0.000141 0.999998 -0.001768 1.940120 0.270233 0.001665 0.962793 -0.241705 0.000000 0.000000 0.000000 1.000000</float_array>
                    <technique_common>
                        <accessor source="#jnt_hips-Matrix-animation-output-transform-array" count="32" stride="16">
                            <param type="float4x4"/>
                        </accessor>
                    </technique_common>
                </source>
                <source id="jnt_hips-Interpolations">
                    <Name_array id="jnt_hips-Interpolations-array" count="32">
 LINEAR LINEAR LINEAR LINEAR LINEAR LINEAR LINEAR LINEAR LINEAR LINEAR LINEAR
LINEAR LINEAR LINEAR LINEAR LINEAR LINEAR LINEAR LINEAR LINEAR LINEAR LINEAR LINEAR
LINEAR LINEAR LINEAR LINEAR LINEAR LINEAR LINEAR LINEAR LINEAR</Name_array>
                    <technique_common>
                        <accessor source="#jnt_hips-Interpolations-array" count="32">
                            <param type="name"/>
                        </accessor>
                    </technique_common>
                </source>
                <sampler id="jnt_hips-Matrix-animation-transform">
                    <input semantic="INPUT" source="#jnt_hips-Matrix-animation-input"/>
                    <input semantic="OUTPUT" source="#jnt_hips-Matrix-animation-output-transform"/>
                    <input semantic="INTERPOLATION" source="#jnt_hips-Interpolations"/>
                </sampler>
                <channel source="#jnt_hips-Matrix-animation-transform" target="jnt_hips/matrix"/>
            </animation>
        </animation>
        <animation id="jnt_height-anim" name="jnt_height">
            <animation>
                <source id="jnt_height-Matrix-animation-input">
                    <float_array id="jnt_height-Matrix-animation-input-array" count="32">

0.000000 0.033333 0.066667 0.100000 0.133333 0.166667 0.200000 0.233333 0.266667 0.300000 0.333333 0.366667 0.400000 0.433333 0.466667 0.500000
0.533333 0.566667 0.600000 0.633333 0.666667 0.700000 0.733333 0.766667 0.800000 0.833333 0.866667 0.900000 0.933333 0.966667 1.000000 1.033333</float_array>
                    <technique_common>
                        <accessor source="#jnt_height-Matrix-animation-input-array" count="32">
                            <param name="TIME" type="float"/>
                        </accessor>
                    </technique_common>
                </source>
                <source id="jnt_height-Matrix-animation-output-transform">
                    <float_array id="jnt_height-Matrix-animation-output-transform-array" count="512">

1.000000 -0.000000 -0.000000 0.000000 0.000000 1.000000 -0.000000 -0.000000 0.000000 0.000000 1.000000 -0.000000 0.000000 0.000000 0.000000 1.000000
1.000000 0.000000 0.000000 -0.000000 -0.000000 1.000000 -0.000000 0.000000 -0.000000 0.000000 1.000000 0.000000 0.000000 0.000000 0.000000 1.000000
1.000000 0.000000 0.000000 0.000000 -0.000000 1.000000 -0.000000 0.000000 -0.000000 0.000000 1.000000 0.000000 0.000000 0.000000 0.000000 1.000000
1.000000 -0.000000 -0.000000 0.000000 0.000000 1.000000 -0.000000 -0.000000 0.000000 0.000000 1.000000 -0.000000 0.000000 0.000000 0.000000 1.000000
1.000000 -0.000000 0.000000 -0.000000 0.000000 1.000000 -0.000000 0.000000 -0.000000 0.000000 1.000000 -0.000000 0.000000 0.000000 0.000000 1.000000
1.000000 -0.000000 0.000000 0.000000 0.000000 1.000000 0.000000 0.000000 -0.000000 -0.000000 1.000000 0.000000 0.000000 0.000000 0.000000 1.000000
1.000000 0.000000 -0.000000 -0.000000 -0.000000 1.000000 -0.000000 -0.000000 0.000000 0.000000 1.000000 0.000000 0.000000 0.000000 0.000000 1.000000
1.000000 0.000000 -0.000000 0.000000 -0.000000 1.000000 -0.000000 0.000000 0.000000 0.000000 1.000000 0.000000 0.000000 0.000000 0.000000 1.000000
1.000000 0.000000 -0.000000 0.000000 -0.000000 1.000000 -0.000000 -0.000000 0.000000 0.000000 1.000000 -0.000000 0.000000 0.000000 0.000000 1.000000
1.000000 0.000000 -0.000000 -0.000000 -0.000000 1.000000 -0.000000 0.000000 0.000000 0.000000 1.000000 -0.000000 0.000000 0.000000 0.000000 1.000000
1.000000 -0.000000 0.000000 -0.000000 0.000000 1.000000 0.000000 0.000000 -0.000000 -0.000000 1.000000 0.000000 0.000000 0.000000 0.000000 1.000000
1.000000 -0.000000 -0.000000 0.000000 0.000000 1.000000 -0.000000 -0.000000 0.000000 0.000000 1.000000 -0.000000 0.000000 0.000000 0.000000 1.000000
1.000000 0.000000 0.000000 -0.000000 -0.000000 1.000000 -0.000000 -0.000000 -0.000000 0.000000 1.000000 -0.000000 0.000000 0.000000 0.000000 1.000000
1.000000 0.000000 0.000000 0.000000 -0.000000 1.000000 0.000000 0.000000 -0.000000 -0.000000 1.000000 0.000000 0.000000 0.000000 0.000000 1.000000
1.000000 -0.000000 0.000000 -0.000000 0.000000 1.000000 0.000000 0.000000 -0.000000 -0.000000 1.000000 0.000000 0.000000 0.000000 0.000000 1.000000
1.000000 0.000000 0.000000 -0.000000 -0.000000 1.000000 -0.000000 0.000000 -0.000000 0.000000 1.000000 0.000000 0.000000 0.000000 0.000000 1.000000
