<?xml version="1.0" encoding="utf-8"?>
<COLLADA xmlns="http://www.collada.org/2005/11/COLLADASchema" version="1.4.1">
    <asset>
        <contributor>
            <author></author>
            <authoring_tool>FBX COLLADA exporter</authoring_tool>
            <comments></comments>
        </contributor>
        <created>2022-08-17T12:19:32Z</created>
        <keywords></keywords>
        <modified>2022-08-17T12:19:32Z</modified>
        <revision></revision>
        <subject></subject>
        <title></title>
        <unit meter="0.010000" name="centimeter"></unit>
        <up_axis>Y_UP</up_axis>
    </asset>
    <library_animations>
        <animation id="Character-anim" name="Character">
            <animation>
                <source id="Character-Matrix-animation-input">
                    <float_array id="Character-Matrix-animation-input-array" count="30">

0.000000 0.033333 0.066667 0.100000 0.133333 0.166667 0.200000 0.233333 0.266667 0.300000 0.333333 0.366667 0.400000 0.433333 0.466667 0.500000
0.533333 0.566667 0.600000 0.633333 0.666667 0.700000 0.733333 0.766667 0.800000 0.833333 0.866667 0.900000 0.933333 0.966667</float_array>
                    <technique_common>
                        <accessor source="#Character-Matrix-animation-input-array" count="30">
                            <param name="TIME" type="float"/>
                        </accessor>
                    </technique_common>
                </source>
                <source id="Character-Matrix-animation-output-transform">
                    <float_array id="Character-Matrix-animation-output-transform-array" count="480">

1.000000 0.000000 0.000000 0.000000 0.000000 1.000000 -0.000000 0.000000 0.000000 0.000000 1.000000 0.000000 0.000000 0.000000 0.000000 1.000000
1.000000 0.000000 0.000000 0.000000 0.000000 1.000000 -0.000000 0.000000 0.000000 0.000000 1.000000 0.000000 0.000000 0.000000 0.000000 1.000000
1.000000 0.000000 0.000000 0.000000 0.000000 1.000000 -0.000000 0.000000 0.000000 0.000000 1.000000 0.000000 0.000000 0.000000 0.000000 1.000000
1.000000 0.000000 0.000000 0.000000 0.000000 1.000000 -0.000000 0.000000 0.000000 0.000000 1.000000 0.000000 0.000000 0.000000 0.000000 1.000000
1.000000 0.000000 0.000000 0.000000 0.000000 1.000000 -0.000000 0.000000 0.000000 0.000000 1.000000 0.000000 0.000000 0.000000 0.000000 1.000000
1.000000 0.000000 0.000000 0.000000 0.000000 1.000000 -0.000000 0.000000 0.000000 0.000000 1.000000 0.000000 0.000000 0.000000 0.000000 1.000000
1.000000 0.000000 0.000000 0.000000 0.000000 1.000000 -0.000000 0.000000 0.000000 0.000000 1.000000 0.000000 0.000000 0.000000 0.000000 1.000000
1.000000 0.000000 0.000000 0.000000 0.000000 1.000000 -0.000000 0.000000 0.000000 0.000000 1.000000 0.000000 0.000000 0.000000 0.000000 1.000000
1.000000 0.000000 0.000000 0.000000 0.000000 1.000000 -0.000000 0.000000 0.000000 0.000000 1.000000 0.000000 0.000000 0.000000 0.000000 1.000000
1.000000 0.000000 0.000000 0.000000 0.000000 1.000000 -0.000000 0.000000 0.000000 0.000000 1.000000 0.000000 0.000000 0.000000 0.000000 1.000000
1.000000 0.000000 0.000000 0.000000 0.000000 1.000000 -0.000000 0.000000 0.000000 0.000000 1.000000 0.000000 0.000000 0.000000 0.000000 1.000000
1.000000 0.000000 0.000000 0.000000 0.000000 1.000000 -0.000000 0.000000 0.000000 0.000000 1.000000 0.000000 0.000000 0.000000 0.000000 1.000000
1.000000 0.000000 0.000000 0.000000 0.000000 1.000000 -0.000000 0.000000 0.000000 0.000000 1.000000 0.000000 0.000000 0.000000 0.000000 1.000000
1.000000 0.000000 0.000000 0.000000 0.000000 1.000000 -0.000000 0.000000 0.000000 0.000000 1.000000 0.000000 0.000000 0.000000 0.000000 1.000000
1.000000 0.000000 0.000000 0.000000 0.000000 1.000000 -0.000000 0.000000 0.000000 0.000000 1.000000 0.000000 0.000000 0.000000 0.000000 1.000000
1.000000 0.000000 0.000000 0.000000 0.000000 1.000000 -0.000000 0.000000 0.000000 0.000000 1.000000 0.000000 0.000000 0.000000 0.000000 1.000000
1.000000 0.000000 0.000000 0.000000 0.000000 1.000000 -0.000000 0.000000 0.000000 0.000000 1.000000 0.000000 0.000000 0.000000 0.000000 1.000000
1.000000 0.000000 0.000000 0.000000 0.000000 1.000000 -0.000000 0.000000 0.000000 0.000000 1.000000 0.000000 0.000000 0.000000 0.000000 1.000000
1.000000 0.000000 0.000000 0.000000 0.000000 1.000000 -0.000000 0.000000 0.000000 0.000000 1.000000 0.000000 0.000000 0.000000 0.000000 1.000000
1.000000 0.000000 0.000000 0.000000 0.000000 1.000000 -0.000000 0.000000 0.000000 0.000000 1.000000 0.000000 0.000000 0.000000 0.000000 1.000000
1.000000 0.000000 0.000000 0.000000 0.000000 1.000000 -0.000000 0.000000 0.000000 0.000000 1.000000 0.000000 0.000000 0.000000 0.000000 1.000000
1.000000 0.000000 0.000000 0.000000 0.000000 1.000000 -0.000000 0.000000 0.000000 0.000000 1.000000 0.000000 0.000000 0.000000 0.000000 1.000000
1.000000 0.000000 0.000000 0.000000 0.000000 1.000000 -0.000000 0.000000 0.000000 0.000000 1.000000 0.000000 0.000000 0.000000 0.000000 1.000000
1.000000 0.000000 0.000000 0.000000 0.000000 1.000000 -0.000000 0.000000 0.000000 0.000000 1.000000 0.000000 0.000000 0.000000 0.000000 1.000000
1.000000 0.000000 0.000000 0.000000 0.000000 1.000000 -0.000000 0.000000 0.000000 0.000000 1.000000 0.000000 0.000000 0.000000 0.000000 1.000000
1.000000 0.000000 0.000000 0.000000 0.000000 1.000000 -0.000000 0.000000 0.000000 0.000000 1.000000 0.000000 0.000000 0.000000 0.000000 1.000000
1.000000 0.000000 0.000000 0.000000 0.000000 1.000000 -0.000000 0.000000 0.000000 0.000000 1.000000 0.000000 0.000000 0.000000 0.000000 1.000000
1.000000 0.000000 0.000000 0.000000 0.000000 1.000000 -0.000000 0.000000 0.000000 0.000000 1.000000 0.000000 0.000000 0.000000 0.000000 1.000000
1.000000 0.000000 0.000000 0.000000 0.000000 1.000000 -0.000000 0.000000 0.000000 0.000000 1.000000 0.000000 0.000000 0.000000 0.000000 1.000000
1.000000 0.000000 0.000000 0.000000 0.000000 1.000000 -0.000000 0.000000 0.000000 0.000000 1.000000 0.000000 0.000000 0.000000 0.000000 1.000000</float_array>
                    <technique_common>
                        <accessor source="#Character-Matrix-animation-output-transform-array" count="30" stride="16">
                            <param type="float4x4"/>
                        </accessor>
                    </technique_common>
                </source>
                <source id="Character-Interpolations">
                    <Name_array id="Character-Interpolations-array" count="30">
 LINEAR LINEAR LINEAR LINEAR LINEAR LINEAR LINEAR LINEAR LINEAR LINEAR LINEAR
LINEAR LINEAR LINEAR LINEAR LINEAR LINEAR LINEAR LINEAR LINEAR LINEAR LINEAR LINEAR
LINEAR LINEAR LINEAR LINEAR LINEAR LINEAR LINEAR</Name_array>
                    <technique_common>
                        <accessor source="#Character-Interpolations-array" count="30">
                            <param type="name"/>
                        </accessor>
                    </technique_common>
                </source>
                <sampler id="Character-Matrix-animation-transform">
                    <input semantic="INPUT" source="#Character-Matrix-animation-input"/>
                    <input semantic="OUTPUT" source="#Character-Matrix-animation-output-transform"/>
                    <input semantic="INTERPOLATION" source="#Character-Interpolations"/>
                </sampler>
                <channel source="#Character-Matrix-animation-transform" target="Character/matrix"/>
            </animation>
        </animation>
        <animation id="HIK_root_jnt-anim" name="HIK_root_jnt">
            <animation>
                <source id="HIK_root_jnt-Matrix-animation-input">
                    <float_array id="HIK_root_jnt-Matrix-animation-input-array" count="30">

0.000000 0.033333 0.066667 0.100000 0.133333 0.166667 0.200000 0.233333 0.266667 0.300000 0.333333 0.366667 0.400000 0.433333 0.466667 0.500000
0.533333 0.566667 0.600000 0.633333 0.666667 0.700000 0.733333 0.766667 0.800000 0.833333 0.866667 0.900000 0.933333 0.966667</float_array>
                    <technique_common>
                        <accessor source="#HIK_root_jnt-Matrix-animation-input-array" count="30">
                            <param name="TIME" type="float"/>
                        </accessor>
                    </technique_common>
                </source>
                <source id="HIK_root_jnt-Matrix-animation-output-transform">
                    <float_array id="HIK_root_jnt-Matrix-animation-output-transform-array" count="480">

1.000000 0.000000 0.000000 0.000000 0.000000 1.000000 -0.000000 0.000000 0.000000 0.000000 1.000000 0.000000 0.000000 0.000000 0.000000 1.000000
1.000000 0.000000 0.000000 0.000000 0.000000 1.000000 -0.000000 0.000000 0.000000 0.000000 1.000000 0.000000 0.000000 0.000000 0.000000 1.000000
1.000000 0.000000 0.000000 0.000000 0.000000 1.000000 -0.000000 0.000000 0.000000 0.000000 1.000000 0.000000 0.000000 0.000000 0.000000 1.000000
1.000000 0.000000 0.000000 0.000000 0.000000 1.000000 -0.000000 0.000000 0.000000 0.000000 1.000000 0.000000 0.000000 0.000000 0.000000 1.000000
1.000000 0.000000 0.000000 0.000000 0.000000 1.000000 -0.000000 0.000000 0.000000 0.000000 1.000000 0.000000 0.000000 0.000000 0.000000 1.000000
1.000000 0.000000 0.000000 0.000000 0.000000 1.000000 -0.000000 0.000000 0.000000 0.000000 1.000000 0.000000 0.000000 0.000000 0.000000 1.000000
1.000000 0.000000 0.000000 0.000000 0.000000 1.000000 -0.000000 0.000000 0.000000 0.000000 1.000000 0.000000 0.000000 0.000000 0.000000 1.000000
1.000000 0.000000 0.000000 0.000000 0.000000 1.000000 -0.000000 0.000000 0.000000 0.000000 1.000000 0.000000 0.000000 0.000000 0.000000 1.000000
1.000000 0.000000 0.000000 0.000000 0.000000 1.000000 -0.000000 0.000000 0.000000 0.000000 1.000000 0.000000 0.000000 0.000000 0.000000 1.000000
1.000000 0.000000 0.000000 0.000000 0.000000 1.000000 -0.000000 0.000000 0.000000 0.000000 1.000000 0.000000 0.000000 0.000000 0.000000 1.000000
1.000000 0.000000 0.000000 0.000000 0.000000 1.000000 -0.000000 0.000000 0.000000 0.000000 1.000000 0.000000 0.000000 0.000000 0.000000 1.000000
1.000000 0.000000 0.000000 0.000000 0.000000 1.000000 -0.000000 0.000000 0.000000 0.000000 1.000000 0.000000 0.000000 0.000000 0.000000 1.000000
1.000000 0.000000 0.000000 0.000000 0.000000 1.000000 -0.000000 0.000000 0.000000 0.000000 1.000000 0.000000 0.000000 0.000000 0.000000 1.000000
1.000000 0.000000 0.000000 0.000000 0.000000 1.000000 -0.000000 0.000000 0.000000 0.000000 1.000000 0.000000 0.000000 0.000000 0.000000 1.000000
1.000000 0.000000 0.000000 0.000000 0.000000 1.000000 -0.000000 0.000000 0.000000 0.000000 1.000000 0.000000 0.000000 0.000000 0.000000 1.000000
1.000000 0.000000 0.000000 0.000000 0.000000 1.000000 -0.000000 0.000000 0.000000 0.000000 1.000000 0.000000 0.000000 0.000000 0.000000 1.000000
1.000000 0.000000 0.000000 0.000000 0.000000 1.000000 -0.000000 0.000000 0.000000 0.000000 1.000000 0.000000 0.000000 0.000000 0.000000 1.000000
1.000000 0.000000 0.000000 0.000000 0.000000 1.000000 -0.000000 0.000000 0.000000 0.000000 1.000000 0.000000 0.000000 0.000000 0.000000 1.000000
1.000000 0.000000 0.000000 0.000000 0.000000 1.000000 -0.000000 0.000000 0.000000 0.000000 1.000000 0.000000 0.000000 0.000000 0.000000 1.000000
1.000000 0.000000 0.000000 0.000000 0.000000 1.000000 -0.000000 0.000000 0.000000 0.000000 1.000000 0.000000 0.000000 0.000000 0.000000 1.000000
1.000000 0.000000 0.000000 0.000000 0.000000 1.000000 -0.000000 0.000000 0.000000 0.000000 1.000000 0.000000 0.000000 0.000000 0.000000 1.000000
1.000000 0.000000 0.000000 0.000000 0.000000 1.000000 -0.000000 0.000000 0.000000 0.000000 1.000000 0.000000 0.000000 0.000000 0.000000 1.000000
1.000000 0.000000 0.000000 0.000000 0.000000 1.000000 -0.000000 0.000000 0.000000 0.000000 1.000000 0.000000 0.000000 0.000000 0.000000 1.000000
1.000000 0.000000 0.000000 0.000000 0.000000 1.000000 -0.000000 0.000000 0.000000 0.000000 1.000000 0.000000 0.000000 0.000000 0.000000 1.000000
1.000000 0.000000 0.000000 0.000000 0.000000 1.000000 -0.000000 0.000000 0.000000 0.000000 1.000000 0.000000 0.000000 0.000000 0.000000 1.000000
1.000000 0.000000 0.000000 0.000000 0.000000 1.000000 -0.000000 0.000000 0.000000 0.000000 1.000000 0.000000 0.000000 0.000000 0.000000 1.000000
1.000000 0.000000 0.000000 0.000000 0.000000 1.000000 -0.000000 0.000000 0.000000 0.000000 1.000000 0.000000 0.000000 0.000000 0.000000 1.000000
1.000000 0.000000 0.000000 0.000000 0.000000 1.000000 -0.000000 0.000000 0.000000 0.000000 1.000000 0.000000 0.000000 0.000000 0.000000 1.000000
1.000000 0.000000 0.000000 0.000000 0.000000 1.000000 -0.000000 0.000000 0.000000 0.000000 1.000000 0.000000 0.000000 0.000000 0.000000 1.000000
1.000000 0.000000 0.000000 0.000000 0.000000 1.000000 -0.000000 0.000000 0.000000 0.000000 1.000000 0.000000 0.000000 0.000000 0.000000 1.000000</float_array>
                    <technique_common>
                        <accessor source="#HIK_root_jnt-Matrix-animation-output-transform-array" count="30" stride="16">
                            <param type="float4x4"/>
                        </accessor>
                    </technique_common>
                </source>
                <source id="HIK_root_jnt-Interpolations">
                    <Name_array id="HIK_root_jnt-Interpolations-array" count="30">
 LINEAR LINEAR LINEAR LINEAR LINEAR LINEAR LINEAR LINEAR LINEAR LINEAR LINEAR
LINEAR LINEAR LINEAR LINEAR LINEAR LINEAR LINEAR LINEAR LINEAR LINEAR LINEAR LINEAR
LINEAR LINEAR LINEAR LINEAR LINEAR LINEAR LINEAR</Name_array>
                    <technique_common>
                        <accessor source="#HIK_root_jnt-Interpolations-array" count="30">
                            <param type="name"/>
                        </accessor>
                    </technique_common>
                </source>
                <sampler id="HIK_root_jnt-Matrix-animation-transform">
                    <input semantic="INPUT" source="#HIK_root_jnt-Matrix-animation-input"/>
                    <input semantic="OUTPUT" source="#HIK_root_jnt-Matrix-animation-output-transform"/>
                    <input semantic="INTERPOLATION" source="#HIK_root_jnt-Interpolations"/>
                </sampler>
                <channel source="#HIK_root_jnt-Matrix-animation-transform" target="HIK_root_jnt/matrix"/>
            </animation>
        </animation>
        <animation id="root_jnt-anim" name="root_jnt">
            <animation>
                <source id="root_jnt-Matrix-animation-input">
                    <float_array id="root_jnt-Matrix-animation-input-array" count="30">

0.000000 0.033333 0.066667 0.100000 0.133333 0.166667 0.200000 0.233333 0.266667 0.300000 0.333333 0.366667 0.400000 0.433333 0.466667 0.500000
0.533333 0.566667 0.600000 0.633333 0.666667 0.700000 0.733333 0.766667 0.800000 0.833333 0.866667 0.900000 0.933333 0.966667</float_array>
                    <technique_common>
                        <accessor source="#root_jnt-Matrix-animation-input-array" count="30">
                            <param name="TIME" type="float"/>
                        </accessor>
                    </technique_common>
                </source>
                <source id="root_jnt-Matrix-animation-output-transform">
                    <float_array id="root_jnt-Matrix-animation-output-transform-array" count="480">

1.000000 0.000000 0.000000 0.000000 0.000000 1.000000 -0.000000 0.000000 0.000000 0.000000 1.000000 0.000000 0.000000 0.000000 0.000000 1.000000
1.000000 0.000000 0.000000 0.000000 0.000000 1.000000 -0.000000 0.000000 0.000000 0.000000 1.000000 0.000000 0.000000 0.000000 0.000000 1.000000
1.000000 0.000000 0.000000 0.000000 0.000000 1.000000 -0.000000 0.000000 0.000000 0.000000 1.000000 0.000000 0.000000 0.000000 0.000000 1.000000
1.000000 0.000000 0.000000 0.000000 0.000000 1.000000 -0.000000 0.000000 0.000000 0.000000 1.000000 0.000000 0.000000 0.000000 0.000000 1.000000
1.000000 0.000000 0.000000 0.000000 0.000000 1.000000 -0.000000 0.000000 0.000000 0.000000 1.000000 0.000000 0.000000 0.000000 0.000000 1.000000
1.000000 0.000000 0.000000 0.000000 0.000000 1.000000 -0.000000 0.000000 0.000000 0.000000 1.000000 0.000000 0.000000 0.000000 0.000000 1.000000
1.000000 0.000000 0.000000 0.000000 0.000000 1.000000 -0.000000 0.000000 0.000000 0.000000 1.000000 0.000000 0.000000 0.000000 0.000000 1.000000
1.000000 0.000000 0.000000 0.000000 0.000000 1.000000 -0.000000 0.000000 0.000000 0.000000 1.000000 0.000000 0.000000 0.000000 0.000000 1.000000
1.000000 0.000000 0.000000 0.000000 0.000000 1.000000 -0.000000 0.000000 0.000000 0.000000 1.000000 0.000000 0.000000 0.000000 0.000000 1.000000
1.000000 0.000000 0.000000 0.000000 0.000000 1.000000 -0.000000 0.000000 0.000000 0.000000 1.000000 0.000000 0.000000 0.000000 0.000000 1.000000
1.000000 0.000000 0.000000 0.000000 0.000000 1.000000 -0.000000 0.000000 0.000000 0.000000 1.000000 0.000000 0.000000 0.000000 0.000000 1.000000
1.000000 0.000000 0.000000 0.000000 0.000000 1.000000 -0.000000 0.000000 0.000000 0.000000 1.000000 0.000000 0.000000 0.000000 0.000000 1.000000
1.000000 0.000000 0.000000 0.000000 0.000000 1.000000 -0.000000 0.000000 0.000000 0.000000 1.000000 0.000000 0.000000 0.000000 0.000000 1.000000
1.000000 0.000000 0.000000 0.000000 0.000000 1.000000 -0.000000 0.000000 0.000000 0.000000 1.000000 0.000000 0.000000 0.000000 0.000000 1.000000
1.000000 0.000000 0.000000 0.000000 0.000000 1.000000 -0.000000 0.000000 0.000000 0.000000 1.000000 0.000000 0.000000 0.000000 0.000000 1.000000
1.000000 0.000000 0.000000 0.000000 0.000000 1.000000 -0.000000 0.000000 0.000000 0.000000 1.000000 0.000000 0.000000 0.000000 0.000000 1.000000
1.000000 0.000000 0.000000 0.000000 0.000000 1.000000 -0.000000 0.000000 0.000000 0.000000 1.000000 0.000000 0.000000 0.000000 0.000000 1.000000
1.000000 0.000000 0.000000 0.000000 0.000000 1.000000 -0.000000 0.000000 0.000000 0.000000 1.000000 0.000000 0.000000 0.000000 0.000000 1.000000
1.000000 0.000000 0.000000 0.000000 0.000000 1.000000 -0.000000 0.000000 0.000000 0.000000 1.000000 0.000000 0.000000 0.000000 0.000000 1.000000
1.000000 0.000000 0.000000 0.000000 0.000000 1.000000 -0.000000 0.000000 0.000000 0.000000 1.000000 0.000000 0.000000 0.000000 0.000000 1.000000
1.000000 0.000000 0.000000 0.000000 0.000000 1.000000 -0.000000 0.000000 0.000000 0.000000 1.000000 0.000000 0.000000 0.000000 0.000000 1.000000
1.000000 0.000000 0.000000 0.000000 0.000000 1.000000 -0.000000 0.000000 0.000000 0.000000 1.000000 0.000000 0.000000 0.000000 0.000000 1.000000
1.000000 0.000000 0.000000 0.000000 0.000000 1.000000 -0.000000 0.000000 0.000000 0.000000 1.000000 0.000000 0.000000 0.000000 0.000000 1.000000
1.000000 0.000000 0.000000 0.000000 0.000000 1.000000 -0.000000 0.000000 0.000000 0.000000 1.000000 0.000000 0.000000 0.000000 0.000000 1.000000
1.000000 0.000000 0.000000 0.000000 0.000000 1.000000 -0.000000 0.000000 0.000000 0.000000 1.000000 0.000000 0.000000 0.000000 0.000000 1.000000
1.000000 0.000000 0.000000 0.000000 0.000000 1.000000 -0.000000 0.000000 0.000000 0.000000 1.000000 0.000000 0.000000 0.000000 0.000000 1.000000
1.000000 0.000000 0.000000 0.000000 0.000000 1.000000 -0.000000 0.000000 0.000000 0.000000 1.000000 0.000000 0.000000 0.000000 0.000000 1.000000
1.000000 0.000000 0.000000 0.000000 0.000000 1.000000 -0.000000 0.000000 0.000000 0.000000 1.000000 0.000000 0.000000 0.000000 0.000000 1.000000
1.000000 0.000000 0.000000 0.000000 0.000000 1.000000 -0.000000 0.000000 0.000000 0.000000 1.000000 0.000000 0.000000 0.000000 0.000000 1.000000
1.000000 0.000000 0.000000 0.000000 0.000000 1.000000 -0.000000 0.000000 0.000000 0.000000 1.000000 0.000000 0.000000 0.000000 0.000000 1.000000</float_array>
                    <technique_common>
                        <accessor source="#root_jnt-Matrix-animation-output-transform-array" count="30" stride="16">
                            <param type="float4x4"/>
                        </accessor>
                    </technique_common>
                </source>
                <source id="root_jnt-Interpolations">
                    <Name_array id="root_jnt-Interpolations-array" count="30">
 LINEAR LINEAR LINEAR LINEAR LINEAR LINEAR LINEAR LINEAR LINEAR LINEAR LINEAR
LINEAR LINEAR LINEAR LINEAR LINEAR LINEAR LINEAR LINEAR LINEAR LINEAR LINEAR LINEAR
LINEAR LINEAR LINEAR LINEAR LINEAR LINEAR LINEAR</Name_array>
                    <technique_common>
                        <accessor source="#root_jnt-Interpolations-array" count="30">
                            <param type="name"/>
                        </accessor>
                    </technique_common>
                </source>
                <sampler id="root_jnt-Matrix-animation-transform">
                    <input semantic="INPUT" source="#root_jnt-Matrix-animation-input"/>
                    <input semantic="OUTPUT" source="#root_jnt-Matrix-animation-output-transform"/>
                    <input semantic="INTERPOLATION" source="#root_jnt-Interpolations"/>
                </sampler>
                <channel source="#root_jnt-Matrix-animation-transform" target="root_jnt/matrix"/>
            </animation>
        </animation>
        <animation id="jnt_hips-anim" name="jnt_hips">
            <animation>
                <source id="jnt_hips-Matrix-animation-input">
                    <float_array id="jnt_hips-Matrix-animation-input-array" count="30">

0.000000 0.033333 0.066667 0.100000 0.133333 0.166667 0.200000 0.233333 0.266667 0.300000 0.333333 0.366667 0.400000 0.433333 0.466667 0.500000
0.533333 0.566667 0.600000 0.633333 0.666667 0.700000 0.733333 0.766667 0.800000 0.833333 0.866667 0.900000 0.933333 0.966667</float_array>
                    <technique_common>
                        <accessor source="#jnt_hips-Matrix-animation-input-array" count="30">
                            <param name="TIME" type="float"/>
                        </accessor>
                    </technique_common>
                </source>
                <source id="jnt_hips-Matrix-animation-output-transform">
                    <float_array id="jnt_hips-Matrix-animation-output-transform-array" count="480">

0.979381 0.028973 -0.199932 -0.000000 -0.033623 0.999236 -0.019902 1.941480 0.199203 0.026214 0.979608 -0.247371 0.000000 0.000000 0.000000 1.000000
0.975256 0.030758 -0.218930 -0.000000 -0.035957 0.999157 -0.019806 1.941480 0.218136 0.027188 0.975540 -0.247371 0.000000 0.000000 0.000000 1.000000
0.962687 0.035379 -0.268293 -0.000000 -0.042107 0.998926 -0.019360 1.941480 0.267320 0.029935 0.963143 -0.247371 0.000000 0.000000 0.000000 1.000000
0.940866 0.041689 -0.336204 -0.000000 -0.050773 0.998543 -0.018269 1.941480 0.334952 0.034259 0.941612 -0.247371 0.000000 0.000000 0.000000 1.000000
0.910539 0.048504 -0.410568 -0.000000 -0.060554 0.998030 -0.016387 1.941480 0.408964 0.039783 0.911683 -0.247371 0.000000 0.000000 0.000000 1.000000
0.875647 0.054721 -0.479842 -0.000000 -0.069958 0.997453 -0.013914 1.941480 0.477859 0.045752 0.877245 -0.247371 0.000000 0.000000 0.000000 1.000000
0.843380 0.059461 -0.534018 -0.000000 -0.077523 0.996925 -0.011430 1.941480 0.531696 0.051038 0.845396 -0.247371 0.000000 0.000000 0.000000 1.000000
0.822884 0.062093 -0.564807 -0.000000 -0.081911 0.996592 -0.009776 1.941480 0.562275 0.054309 0.825165 -0.247371 0.000000 0.000000 0.000000 1.000000
0.832428 0.060702 -0.550798 -0.000000 -0.079769 0.996756 -0.010706 1.941480 0.548361 0.052849 0.834570 -0.247371 0.000000 0.000000 0.000000 1.000000
0.907446 0.047573 -0.417467 -0.000000 -0.060283 0.998032 -0.017305 1.941480 0.415822 0.040869 0.908527 -0.247371 0.000000 0.000000 0.000000 1.000000
0.982246 0.024077 -0.186047 -0.000000 -0.028711 0.999340 -0.022252 1.941480 0.185389 0.027199 0.982289 -0.247371 0.000000 0.000000 0.000000 1.000000
0.997461 -0.002169 0.071187 -0.000000 0.003598 0.999794 -0.019955 1.941480 -0.071129 0.020160 0.997263 -0.247371 0.000000 0.000000 0.000000 1.000000
0.964933 -0.021631 0.261604 -0.000000 0.025972 0.999576 -0.013147 1.941480 -0.261209 0.019480 0.965086 -0.247371 0.000000 0.000000 0.000000 1.000000
0.941242 -0.029388 0.336453 -0.000000 0.034473 0.999364 -0.009150 1.941480 -0.335970 0.020211 0.941656 -0.247371 0.000000 0.000000 0.000000 1.000000
0.927041 -0.033271 0.373482 -0.000000 0.038628 0.999230 -0.006864 1.941480 -0.372966 0.020790 0.927612 -0.247371 0.000000 0.000000 0.000000 1.000000
0.918421 -0.035442 0.394014 -0.000000 0.040918 0.999147 -0.005503 1.941480 -0.393483 0.021176 0.919088 -0.247371 0.000000 0.000000 0.000000 1.000000
0.914415 -0.036411 0.403137 -0.000000 0.041933 0.999108 -0.004876 1.941480 -0.402600 0.021363 0.915127 -0.247371 0.000000 0.000000 0.000000 1.000000
0.913373 -0.036658 0.405470 -0.000000 0.042190 0.999099 -0.004712 1.941480 -0.404932 0.021411 0.914096 -0.247371 0.000000 0.000000 0.000000 1.000000
0.914574 -0.036355 0.402782 -0.000000 0.041871 0.999111 -0.004894 1.941480 -0.402246 0.021341 0.915283 -0.247371 0.000000 0.000000 0.000000 1.000000
0.923109 -0.034154 0.383020 -0.000000 0.039538 0.999199 -0.006191 1.941480 -0.382501 0.020859 0.923719 -0.247371 0.000000 0.000000 0.000000 1.000000
0.937608 -0.030105 0.346389 -0.000000 0.035199 0.999345 -0.008423 1.941480 -0.345908 0.020090 0.938053 -0.247371 0.000000 0.000000 0.000000 1.000000
0.955011 -0.024535 0.295554 -0.000000 0.029135 0.999513 -0.011168 1.941480 -0.295136 0.019276 0.955261 -0.247371 0.000000 0.000000 0.000000 1.000000
0.972209 -0.017787 0.233438 -0.000000 0.021651 0.999668 -0.014001 1.941480 -0.233111 0.018666 0.972271 -0.247371 0.000000 0.000000 0.000000 1.000000
0.986495 -0.010231 0.163471 -0.000000 0.013112 0.999777 -0.016552 1.941480 -0.163266 0.018471 0.986409 -0.247371 0.000000 0.000000 0.000000 1.000000
0.995974 -0.002278 0.089620 -0.000000 0.003956 0.999820 -0.018550 1.941480 -0.089562 0.018830 0.995803 -0.247371 0.000000 0.000000 0.000000 1.000000
0.999853 0.005625 0.016214 -0.000000 -0.005303 0.999789 -0.019862 1.941480 -0.016323 0.019773 0.999671 -0.247371 0.000000 0.000000 0.000000 1.000000
0.998544 0.013018 -0.052345 -0.000000 -0.014107 0.999690 -0.020493 1.941480 0.052062 0.021201 0.998419 -0.247371 0.000000 0.000000 0.000000 1.000000
0.993532 0.019447 -0.111875 -0.000000 -0.021882 0.999549 -0.020578 1.941480 0.111425 0.022893 0.993509 -0.247371 0.000000 0.000000 0.000000 1.000000
0.987042 0.024499 -0.158582 -0.000000 -0.028073 0.999399 -0.020340 1.941480 0.157988 0.024528 0.987136 -0.247371 0.000000 0.000000 0.000000 1.000000
0.981578 0.027794 -0.189031 -0.000000 -0.032154 0.999282 -0.020039 1.941480 0.188338 0.025748 0.981767 -0.247371 0.000000 0.000000 0.000000 1.000000</float_array>
                    <technique_common>
                        <accessor source="#jnt_hips-Matrix-animation-output-transform-array" count="30" stride="16">
                            <param type="float4x4"/>
                        </accessor>
                    </technique_common>
                </source>
                <source id="jnt_hips-Interpolations">
                    <Name_array id="jnt_hips-Interpolations-array" count="30">
 LINEAR LINEAR LINEAR LINEAR LINEAR LINEAR LINEAR LINEAR LINEAR LINEAR LINEAR
LINEAR LINEAR LINEAR LINEAR LINEAR LINEAR LINEAR LINEAR LINEAR LINEAR LINEAR LINEAR
LINEAR LINEAR LINEAR LINEAR LINEAR LINEAR LINEAR</Name_array>
                    <technique_common>
                        <accessor source="#jnt_hips-Interpolations-array" count="30">
                            <param type="name"/>
                        </accessor>
                    </technique_common>
                </source>
                <sampler id="jnt_hips-Matrix-animation-transform">
                    <input semantic="INPUT" source="#jnt_hips-Matrix-animation-input"/>
                    <input semantic="OUTPUT" source="#jnt_hips-Matrix-animation-output-transform"/>
                    <input semantic="INTERPOLATION" source="#jnt_hips-Interpolations"/>
                </sampler>
                <channel source="#jnt_hips-Matrix-animation-transform" target="jnt_hips/matrix"/>
            </animation>
        </animation>
        <animation id="jnt_height-anim" name="jnt_height">
            <animation>
                <source id="jnt_height-Matrix-animation-input">
                    <float_array id="jnt_height-Matrix-animation-input-array" count="30">

0.000000 0.033333 0.066667 0.100000 0.133333 0.166667 0.200000 0.233333 0.266667 0.300000 0.333333 0.366667 0.400000 0.433333 0.466667 0.500000
0.533333 0.566667 0.600000 0.633333 0.666667 0.700000 0.733333 0.766667 0.800000 0.833333 0.866667 0.900000 0.933333 0.966667</float_array>
                    <technique_common>
                        <accessor source="#jnt_height-Matrix-animation-input-array" count="30">
                            <param name="TIME" type="float"/>
                        </accessor>
                    </technique_common>
                </source>
                <source id="jnt_height-Matrix-animation-output-transform">
                    <float_array id="jnt_height-Matrix-animation-output-transform-array" count="480">

0.999343 0.033759 0.013196 -0.000000 -0.033492 0.999241 -0.019891 -0.000000 -0.013858 0.019436 0.999715 0.000000 0.000000 0.000000 0.000000 1.000000
0.999260 0.035897 0.013813 0.000000 -0.035620 0.999169 -0.019818 0.000000 -0.014513 0.019311 0.999708 0.000000 0.000000 0.000000 0.000000 1.000000
0.999018 0.041530 0.015404 -0.000000 -0.041228 0.998960 -0.019452 -0.000000 -0.016196 0.018798 0.999692 0.000000 0.000000 0.000000 0.000000 1.000000
0.998621 0.049463 0.017566 -0.000000 -0.049138 0.998620 -0.018517 -0.000000 -0.018458 0.017629 0.999674 0.000000 0.000000 0.000000 0.000000 1.000000
0.998094 0.058406 0.019901 0.000000 -0.058074 0.998169 -0.016875 0.000000 -0.020850 0.015687 0.999659 0.000000 0.000000 0.000000 0.000000 1.000000
0.997510 0.066991 0.022048 -0.000000 -0.066677 0.997666 -0.014698 -0.000000 -0.022981 0.013191 0.999649 0.000000 0.000000 0.000000 0.000000 1.000000
0.996985 0.073887 0.023709 -0.000000 -0.073606 0.997209 -0.012500 0.000000 -0.024567 0.010718 0.999641 -0.000000 0.000000 0.000000 0.000000 1.000000
0.996658 0.077881 0.024647 0.000000 -0.077629 0.996921 -0.011034 0.000000 -0.025431 0.009084 0.999635 -0.000000 0.000000 0.000000 0.000000 1.000000
0.996803 0.076136 0.024235 0.000000 -0.075871 0.997050 -0.011643 0.000000 -0.025050 0.009768 0.999638 -0.000000 0.000000 0.000000 0.000000 1.000000
0.997998 0.059913 0.020239 -0.000000 -0.059593 0.998093 -0.016104 0.000000 -0.021166 0.014866 0.999666 -0.000000 0.000000 0.000000 0.000000 1.000000
0.999340 0.033892 0.013085 -0.000000 -0.033644 0.999259 -0.018691 0.000000 -0.013709 0.018239 0.999740 0.000000 0.000000 0.000000 0.000000 1.000000
0.999959 0.007713 0.004712 0.000000 -0.007640 0.999852 -0.015380 0.000000 -0.004830 0.015343 0.999871 0.000000 0.000000 0.000000 0.000000 1.000000
0.999948 -0.010029 -0.001862 0.000000 0.010012 0.999911 -0.008842 0.000000 0.001950 0.008823 0.999959 0.000000 0.000000 0.000000 0.000000 1.000000
0.999851 -0.016661 -0.004560 0.000000 0.016637 0.999848 -0.005207 0.000000 0.004646 0.005130 0.999976 0.000000 0.000000 0.000000 0.000000 1.000000
0.999785 -0.019874 -0.005922 0.000000 0.019855 0.999798 -0.003158 -0.000000 0.005984 0.003039 0.999977 0.000000 0.000000 0.000000 0.000000 1.000000
0.999743 -0.021636 -0.006686 0.000000 0.021624 0.999764 -0.001945 -0.000000 0.006727 0.001800 0.999976 -0.000000 0.000000 0.000000 0.000000 1.000000
0.999724 -0.022416 -0.007028 -0.000000 0.022406 0.999748 -0.001388 0.000000 0.007057 0.001230 0.999975 -0.000000 0.000000 0.000000 0.000000 1.000000
0.999719 -0.022615 -0.007116 0.000000 0.022607 0.999744 -0.001244 0.000000 0.007142 0.001083 0.999974 -0.000000 0.000000 0.000000 0.000000 1.000000
0.999725 -0.022396 -0.007018 -0.000000 0.022387 0.999748 -0.001414 -0.000000 0.007048 0.001257 0.999974 -0.000000 0.000000 0.000000 0.000000 1.000000
0.999764 -0.020769 -0.006295 -0.000000 0.020753 0.999781 -0.002633 -0.000000 0.006349 0.002502 0.999977 -0.000000 0.000000 0.000000 0.000000 1.000000
0.999831 -0.017716 -0.004971 0.000000 0.017693 0.999832 -0.004758 0.000000 0.005054 0.004669 0.999976 0.000000 0.000000 0.000000 0.000000 1.000000
0.999905 -0.013404 -0.003161 0.000000 0.013380 0.999883 -0.007437 -0.000000 0.003260 0.007394 0.999967 -0.000000 0.000000 0.000000 0.000000 1.000000
0.999967 -0.008011 -0.000990 -0.000000 0.008001 0.999915 -0.010312 0.000000 0.001073 0.010304 0.999946 0.000000 0.000000 0.000000 0.000000 1.000000
0.999997 -0.001770 0.001406 -0.000000 0.001788 0.999913 -0.013063 -0.000000 -0.001383 0.013065 0.999914 -0.000000 0.000000 0.000000 0.000000 1.000000
0.999980 0.005017 0.003884 -0.000000 -0.004957 0.999868 -0.015441 -0.000000 -0.003961 0.015421 0.999873 0.000000 0.000000 0.000000 0.000000 1.000000
0.999908 0.011974 0.006302 -0.000000 -0.011863 0.999780 -0.017295 0.000000 -0.006508 0.017218 0.999831 0.000000 0.000000 0.000000 0.000000 1.000000
0.999789 0.018668 0.008523 -0.000000 -0.018507 0.999656 -0.018580 -0.000000 -0.008867 0.018419 0.999791 0.000000 0.000000 0.000000 0.000000 1.000000
0.999642 0.024640 0.010425 0.000000 -0.024435 0.999514 -0.019350 -0.000000 -0.010896 0.019089 0.999758 -0.000000 0.000000 0.000000 0.000000 1.000000
0.999496 0.029434 0.011901 0.000000 -0.029195 0.999379 -0.019727 0.000000 -0.012474 0.019370 0.999735 -0.000000 0.000000 0.000000 0.000000 1.000000
0.999385 0.032611 0.012856 0.000000 -0.032352 0.999279 -0.019863 -0.000000 -0.013494 0.019435 0.999720 0.000000 0.000000 0.000000 0.000000 1.000000</float_array>
                    <technique_common>
                        <accessor source="#jnt_height-Matrix-animation-output-transform-array" count="30" stride="16">
                            <param type="float4x4"/>
                        </accessor>
                    </technique_common>
                </source>
                <source id="jnt_height-Interpolations">
                    <Name_array id="jnt_height-Interpolations-array" count="30">
 LINEAR LINEAR LINEAR LINEAR LINEAR LINEAR LINEAR LINEAR LINEAR LINEAR LINEAR
LINEAR LINEAR LINEAR LINEAR LINEAR LINEAR LINEAR LINEAR LINEAR LINEAR LINEAR LINEAR
LINEAR LINEAR LINEAR LINEAR LINEAR LINEAR LINEAR</Name_array>
                    <technique_common>
                        <accessor source="#jnt_height-Interpolations-array" count="30">
                            <param type="name"/>
                        </accessor>
                    </technique_common>
                </source>
                <sampler id="jnt_height-Matrix-animation-transform">
                    <input semantic="INPUT" source="#jnt_height-Matrix-animation-input"/>
                    <input semantic="OUTPUT" source="#jnt_height-Matrix-animation-output-transform"/>
                    <input semantic="INTERPOLATION" source="#jnt_height-Interpolations"/>
                </sampler>
                <channel source="#jnt_height-Matrix-animation-transform" target="jnt_height/matrix"/>
            </animation>
        </animation>
        <animation id="jnt_spine1-anim" name="jnt_spine1">
            <animation>
                <source id="jnt_spine1-Matrix-animation-input">
                    <float_array id="jnt_spine1-Matrix-animation-input-array" count="30">

0.000000 0.033333 0.066667 0.100000 0.133333 0.166667 0.200000 0.233333 0.266667 0.300000 0.333333 0.366667 0.400000 0.433333 0.466667 0.500000
0.533333 0.566667 0.600000 0.633333 0.666667 0.700000 0.733333 0.766667 0.800000 0.833333 0.866667 0.900000 0.933333 0.966667</float_array>
                    <technique_common>
                        <accessor source="#jnt_spine1-Matrix-animation-input-array" count="30">
                            <param name="TIME" type="float"/>
                        </accessor>
                    </technique_common>
                </source>
                <source id="jnt_spine1-Matrix-animation-output-transform">
                    <float_array id="jnt_spine1-Matrix-animation-output-transform-array" count="480">

0.041228 0.014011 0.999052 -0.005844 0.999108 -0.009800 -0.041093 0.209026 0.009215 0.999854 -0.014402 0.038786 0.000000 0.000000 0.000000 1.000000
0.042678 0.014522 0.998984 -0.005844 0.999047 -0.009757 -0.042539 0.209026 0.009130 0.999847 -0.014925 0.038786 0.000000 0.000000 0.000000 1.000000
0.046438 0.015828 0.998796 -0.005844 0.998883 -0.009498 -0.046291 0.209027 0.008754 0.999830 -0.016251 0.038786 0.000000 0.000000 0.000000 1.000000
0.051588 0.017573 0.998514 -0.005844 0.998638 -0.008779 -0.051440 0.209027 0.007862 0.999807 -0.018002 0.038786 0.000000 0.000000 0.000000 1.000000
0.057192 0.019413 0.998175 -0.005844 0.998343 -0.007486 -0.057056 0.209026 0.006365 0.999784 -0.019809 0.038786 0.000000 0.000000 0.000000 1.000000
0.062375 0.021057 0.997831 -0.005844 0.998043 -0.005768 -0.062266 0.209026 0.004445 0.999762 -0.021376 0.038786 0.000000 0.000000 0.000000 1.000000
0.066400 0.022291 0.997545 -0.005844 0.997790 -0.004048 -0.066326 0.209026 0.002559 0.999743 -0.022511 0.038786 0.000000 0.000000 0.000000 1.000000
0.068677 0.022972 0.997374 -0.005844 0.997638 -0.002909 -0.068628 0.209027 0.001325 0.999732 -0.023117 0.038786 0.000000 0.000000 0.000000 1.000000
0.067687 0.022672 0.997449 -0.005844 0.997705 -0.003385 -0.067628 0.209027 0.001843 0.999737 -0.022849 0.038786 0.000000 0.000000 0.000000 1.000000
0.058117 0.019662 0.998117 -0.005844 0.998293 -0.006907 -0.057991 0.209026 0.005754 0.999783 -0.020030 0.038786 0.000000 0.000000 0.000000 1.000000
0.041319 0.013895 0.999050 -0.005844 0.999112 -0.008895 -0.041198 0.209026 0.008314 0.999864 -0.014250 0.038786 0.000000 0.000000 0.000000 1.000000
0.022577 0.006753 0.999723 -0.005844 0.999729 -0.005869 -0.022537 0.209026 0.005715 0.999960 -0.006884 0.038786 0.000000 0.000000 0.000000 1.000000
0.008941 0.000976 0.999959 -0.005844 0.999960 -0.000274 -0.008941 0.209026 0.000265 0.999999 -0.000979 0.038786 0.000000 0.000000 0.000000 1.000000
0.003717 -0.001413 0.999992 -0.005844 0.999989 0.002732 -0.003713 0.209027 -0.002727 0.999995 0.001423 0.038786 0.000000 0.000000 0.000000 1.000000
0.001175 -0.002620 0.999997 -0.005844 0.999990 0.004397 -0.001164 0.209026 -0.004394 0.999987 0.002626 0.038786 0.000000 0.000000 0.000000 1.000000
-0.000220 -0.003297 0.999995 -0.005844 0.999985 0.005373 0.000238 0.209026 -0.005374 0.999980 0.003296 0.038786 0.000000 0.000000 0.000000 1.000000
-0.000837 -0.003600 0.999993 -0.005844 0.999983 0.005819 0.000858 0.209027 -0.005822 0.999977 0.003595 0.038786 0.000000 0.000000 0.000000 1.000000
-0.000994 -0.003678 0.999993 -0.005844 0.999982 0.005935 0.001016 0.209027 -0.005938 0.999976 0.003672 0.038786 0.000000 0.000000 0.000000 1.000000
-0.000821 -0.003590 0.999994 -0.005844 0.999983 0.005799 0.000842 0.209027 -0.005802 0.999977 0.003585 0.038786 0.000000 0.000000 0.000000 1.000000
0.000468 -0.002951 0.999996 -0.005844 0.999988 0.004823 -0.000454 0.209027 -0.004822 0.999985 0.002953 0.038786 0.000000 0.000000 0.000000 1.000000
0.002886 -0.001776 0.999994 -0.005844 0.999991 0.003106 -0.002880 0.209027 -0.003101 0.999994 0.001785 0.038786 0.000000 0.000000 0.000000 1.000000
0.006294 -0.000171 0.999980 -0.005844 0.999980 0.000912 -0.006293 0.209026 -0.000911 1.000000 0.000177 0.038786 0.000000 0.000000 0.000000 1.000000
0.010529 0.001751 0.999943 -0.005844 0.999943 -0.001480 -0.010526 0.209026 0.001461 0.999997 -0.001766 0.038786 0.000000 0.000000 0.000000 1.000000
0.015374 0.003865 0.999875 -0.005844 0.999875 -0.003806 -0.015360 0.209027 0.003746 0.999986 -0.003923 0.038786 0.000000 0.000000 0.000000 1.000000
0.020556 0.006040 0.999770 -0.005844 0.999772 -0.005849 -0.020521 0.209026 0.005723 0.999965 -0.006159 0.038786 0.000000 0.000000 0.000000 1.000000
0.025756 0.008144 0.999636 -0.005844 0.999642 -0.007464 -0.025695 0.209026 0.007252 0.999939 -0.008333 0.038786 0.000000 0.000000 0.000000 1.000000
