<?xml version="1.0" encoding="utf-8"?>
<COLLADA xmlns="http://www.collada.org/2005/11/COLLADASchema" version="1.4.1">
    <asset>
        <contributor>
            <author></author>
            <authoring_tool>FBX COLLADA exporter</authoring_tool>
            <comments></comments>
        </contributor>
        <created>2022-10-03T18:04:12Z</created>
        <keywords></keywords>
        <modified>2022-10-03T18:04:12Z</modified>
        <revision></revision>
        <subject></subject>
        <title></title>
        <unit meter="0.010000" name="centimeter"></unit>
        <up_axis>Y_UP</up_axis>
    </asset>
    <library_animations>
        <animation id="Character-anim" name="Character">
            <animation>
                <source id="Character-Matrix-animation-input">
                    <float_array id="Character-Matrix-animation-input-array" count="10">

0.000000 0.033333 0.066667 0.100000 0.133333 0.166667 0.200000 0.233333 0.266667 0.300000</float_array>
                    <technique_common>
                        <accessor source="#Character-Matrix-animation-input-array" count="10">
                            <param name="TIME" type="float"/>
                        </accessor>
                    </technique_common>
                </source>
                <source id="Character-Matrix-animation-output-transform">
                    <float_array id="Character-Matrix-animation-output-transform-array" count="160">

1.000000 0.000000 0.000000 0.000000 0.000000 1.000000 -0.000000 0.000000 0.000000 0.000000 1.000000 0.000000 0.000000 0.000000 0.000000 1.000000
1.000000 0.000000 0.000000 0.000000 0.000000 1.000000 -0.000000 0.000000 0.000000 0.000000 1.000000 0.000000 0.000000 0.000000 0.000000 1.000000
1.000000 0.000000 0.000000 0.000000 0.000000 1.000000 -0.000000 0.000000 0.000000 0.000000 1.000000 0.000000 0.000000 0.000000 0.000000 1.000000
1.000000 0.000000 0.000000 0.000000 0.000000 1.000000 -0.000000 0.000000 0.000000 0.000000 1.000000 0.000000 0.000000 0.000000 0.000000 1.000000
1.000000 0.000000 0.000000 0.000000 0.000000 1.000000 -0.000000 0.000000 0.000000 0.000000 1.000000 0.000000 0.000000 0.000000 0.000000 1.000000
1.000000 0.000000 0.000000 0.000000 0.000000 1.000000 -0.000000 0.000000 0.000000 0.000000 1.000000 0.000000 0.000000 0.000000 0.000000 1.000000
1.000000 0.000000 0.000000 0.000000 0.000000 1.000000 -0.000000 0.000000 0.000000 0.000000 1.000000 0.000000 0.000000 0.000000 0.000000 1.000000
1.000000 0.000000 0.000000 0.000000 0.000000 1.000000 -0.000000 0.000000 0.000000 0.000000 1.000000 0.000000 0.000000 0.000000 0.000000 1.000000
1.000000 0.000000 0.000000 0.000000 0.000000 1.000000 -0.000000 0.000000 0.000000 0.000000 1.000000 0.000000 0.000000 0.000000 0.000000 1.000000
1.000000 0.000000 0.000000 0.000000 0.000000 1.000000 -0.000000 0.000000 0.000000 0.000000 1.000000 0.000000 0.000000 0.000000 0.000000 1.000000</float_array>
                    <technique_common>
                        <accessor source="#Character-Matrix-animation-output-transform-array" count="10" stride="16">
                            <param type="float4x4"/>
                        </accessor>
                    </technique_common>
                </source>
                <source id="Character-Interpolations">
                    <Name_array id="Character-Interpolations-array" count="10">
 LINEAR LINEAR LINEAR LINEAR LINEAR LINEAR LINEAR LINEAR LINEAR LINEAR</Name_array>
                    <technique_common>
                        <accessor source="#Character-Interpolations-array" count="10">
                            <param type="name"/>
                        </accessor>
                    </technique_common>
                </source>
                <sampler id="Character-Matrix-animation-transform">
                    <input semantic="INPUT" source="#Character-Matrix-animation-input"/>
                    <input semantic="OUTPUT" source="#Character-Matrix-animation-output-transform"/>
                    <input semantic="INTERPOLATION" source="#Character-Interpolations"/>
                </sampler>
                <channel source="#Character-Matrix-animation-transform" target="Character/matrix"/>
            </animation>
        </animation>
        <animation id="HIK_root_jnt-anim" name="HIK_root_jnt">
            <animation>
                <source id="HIK_root_jnt-Matrix-animation-input">
                    <float_array id="HIK_root_jnt-Matrix-animation-input-array" count="10">

0.000000 0.033333 0.066667 0.100000 0.133333 0.166667 0.200000 0.233333 0.266667 0.300000</float_array>
                    <technique_common>
                        <accessor source="#HIK_root_jnt-Matrix-animation-input-array" count="10">
                            <param name="TIME" type="float"/>
                        </accessor>
                    </technique_common>
                </source>
                <source id="HIK_root_jnt-Matrix-animation-output-transform">
                    <float_array id="HIK_root_jnt-Matrix-animation-output-transform-array" count="160">

1.000000 0.000000 0.000000 0.000000 0.000000 1.000000 -0.000000 0.000000 0.000000 0.000000 1.000000 0.000000 0.000000 0.000000 0.000000 1.000000
1.000000 0.000000 0.000000 0.000000 0.000000 1.000000 -0.000000 0.000000 0.000000 0.000000 1.000000 0.000000 0.000000 0.000000 0.000000 1.000000
1.000000 0.000000 0.000000 0.000000 0.000000 1.000000 -0.000000 0.000000 0.000000 0.000000 1.000000 0.000000 0.000000 0.000000 0.000000 1.000000
1.000000 0.000000 0.000000 0.000000 0.000000 1.000000 -0.000000 0.000000 0.000000 0.000000 1.000000 0.000000 0.000000 0.000000 0.000000 1.000000
1.000000 0.000000 0.000000 0.000000 0.000000 1.000000 -0.000000 0.000000 0.000000 0.000000 1.000000 0.000000 0.000000 0.000000 0.000000 1.000000
1.000000 0.000000 0.000000 0.000000 0.000000 1.000000 -0.000000 0.000000 0.000000 0.000000 1.000000 0.000000 0.000000 0.000000 0.000000 1.000000
1.000000 0.000000 0.000000 0.000000 0.000000 1.000000 -0.000000 0.000000 0.000000 0.000000 1.000000 0.000000 0.000000 0.000000 0.000000 1.000000
1.000000 0.000000 0.000000 0.000000 0.000000 1.000000 -0.000000 0.000000 0.000000 0.000000 1.000000 0.000000 0.000000 0.000000 0.000000 1.000000
1.000000 0.000000 0.000000 0.000000 0.000000 1.000000 -0.000000 0.000000 0.000000 0.000000 1.000000 0.000000 0.000000 0.000000 0.000000 1.000000
1.000000 0.000000 0.000000 0.000000 0.000000 1.000000 -0.000000 0.000000 0.000000 0.000000 1.000000 0.000000 0.000000 0.000000 0.000000 1.000000</float_array>
                    <technique_common>
                        <accessor source="#HIK_root_jnt-Matrix-animation-output-transform-array" count="10" stride="16">
                            <param type="float4x4"/>
                        </accessor>
                    </technique_common>
                </source>
                <source id="HIK_root_jnt-Interpolations">
                    <Name_array id="HIK_root_jnt-Interpolations-array" count="10">
 LINEAR LINEAR LINEAR LINEAR LINEAR LINEAR LINEAR LINEAR LINEAR LINEAR</Name_array>
                    <technique_common>
                        <accessor source="#HIK_root_jnt-Interpolations-array" count="10">
                            <param type="name"/>
                        </accessor>
                    </technique_common>
                </source>
                <sampler id="HIK_root_jnt-Matrix-animation-transform">
                    <input semantic="INPUT" source="#HIK_root_jnt-Matrix-animation-input"/>
                    <input semantic="OUTPUT" source="#HIK_root_jnt-Matrix-animation-output-transform"/>
                    <input semantic="INTERPOLATION" source="#HIK_root_jnt-Interpolations"/>
                </sampler>
                <channel source="#HIK_root_jnt-Matrix-animation-transform" target="HIK_root_jnt/matrix"/>
            </animation>
        </animation>
        <animation id="root_jnt-anim" name="root_jnt">
            <animation>
                <source id="root_jnt-Matrix-animation-input">
                    <float_array id="root_jnt-Matrix-animation-input-array" count="10">

0.000000 0.033333 0.066667 0.100000 0.133333 0.166667 0.200000 0.233333 0.266667 0.300000</float_array>
                    <technique_common>
                        <accessor source="#root_jnt-Matrix-animation-input-array" count="10">
                            <param name="TIME" type="float"/>
                        </accessor>
                    </technique_common>
                </source>
                <source id="root_jnt-Matrix-animation-output-transform">
                    <float_array id="root_jnt-Matrix-animation-output-transform-array" count="160">

1.000000 0.000000 0.000000 0.000000 0.000000 1.000000 -0.000000 0.000000 0.000000 0.000000 1.000000 0.000000 0.000000 0.000000 0.000000 1.000000
1.000000 0.000000 0.000000 0.000000 0.000000 1.000000 -0.000000 0.000000 0.000000 0.000000 1.000000 0.000000 0.000000 0.000000 0.000000 1.000000
1.000000 0.000000 0.000000 0.000000 0.000000 1.000000 -0.000000 0.000000 0.000000 0.000000 1.000000 0.000000 0.000000 0.000000 0.000000 1.000000
1.000000 0.000000 0.000000 0.000000 0.000000 1.000000 -0.000000 0.000000 0.000000 0.000000 1.000000 0.000000 0.000000 0.000000 0.000000 1.000000
1.000000 0.000000 0.000000 0.000000 0.000000 1.000000 -0.000000 0.000000 0.000000 0.000000 1.000000 0.000000 0.000000 0.000000 0.000000 1.000000
1.000000 0.000000 0.000000 0.000000 0.000000 1.000000 -0.000000 0.000000 0.000000 0.000000 1.000000 0.000000 0.000000 0.000000 0.000000 1.000000
1.000000 0.000000 0.000000 0.000000 0.000000 1.000000 -0.000000 0.000000 0.000000 0.000000 1.000000 0.000000 0.000000 0.000000 0.000000 1.000000
1.000000 0.000000 0.000000 0.000000 0.000000 1.000000 -0.000000 0.000000 0.000000 0.000000 1.000000 0.000000 0.000000 0.000000 0.000000 1.000000
1.000000 0.000000 0.000000 0.000000 0.000000 1.000000 -0.000000 0.000000 0.000000 0.000000 1.000000 0.000000 0.000000 0.000000 0.000000 1.000000
1.000000 0.000000 0.000000 0.000000 0.000000 1.000000 -0.000000 0.000000 0.000000 0.000000 1.000000 0.000000 0.000000 0.000000 0.000000 1.000000</float_array>
                    <technique_common>
                        <accessor source="#root_jnt-Matrix-animation-output-transform-array" count="10" stride="16">
                            <param type="float4x4"/>
                        </accessor>
                    </technique_common>
                </source>
                <source id="root_jnt-Interpolations">
                    <Name_array id="root_jnt-Interpolations-array" count="10">
 LINEAR LINEAR LINEAR LINEAR LINEAR LINEAR LINEAR LINEAR LINEAR LINEAR</Name_array>
                    <technique_common>
                        <accessor source="#root_jnt-Interpolations-array" count="10">
                            <param type="name"/>
                        </accessor>
                    </technique_common>
                </source>
                <sampler id="root_jnt-Matrix-animation-transform">
                    <input semantic="INPUT" source="#root_jnt-Matrix-animation-input"/>
                    <input semantic="OUTPUT" source="#root_jnt-Matrix-animation-output-transform"/>
                    <input semantic="INTERPOLATION" source="#root_jnt-Interpolations"/>
                </sampler>
                <channel source="#root_jnt-Matrix-animation-transform" target="root_jnt/matrix"/>
            </animation>
        </animation>
        <animation id="jnt_hips-anim" name="jnt_hips">
            <animation>
                <source id="jnt_hips-Matrix-animation-input">
                    <float_array id="jnt_hips-Matrix-animation-input-array" count="10">

0.000000 0.033333 0.066667 0.100000 0.133333 0.166667 0.200000 0.233333 0.266667 0.300000</float_array>
                    <technique_common>
                        <accessor source="#jnt_hips-Matrix-animation-input-array" count="10">
                            <param name="TIME" type="float"/>
                        </accessor>
                    </technique_common>
                </source>
                <source id="jnt_hips-Matrix-animation-output-transform">
                    <float_array id="jnt_hips-Matrix-animation-output-transform-array" count="160">

0.979381 0.028973 -0.199932 -0.000000 -0.033623 0.999236 -0.019902 1.941480 0.199203 0.026214 0.979608 -0.247371 0.000000 0.000000 0.000000 1.000000
0.978552 0.025326 -0.204436 -0.000000 -0.026188 0.999656 -0.001515 1.941480 0.204327 0.006837 0.978879 -0.247371 0.000000 0.000000 0.000000 1.000000
0.978652 0.025850 -0.203894 -0.000000 -0.027135 0.999626 -0.003507 1.941480 0.203727 0.008964 0.978987 -0.247371 0.000000 0.000000 0.000000 1.000000
0.978869 0.026919 -0.202707 -0.000000 -0.029156 0.999542 -0.008056 1.941480 0.202398 0.013795 0.979206 -0.247371 0.000000 0.000000 0.000000 1.000000
0.979089 0.027881 -0.201513 -0.000000 -0.031120 0.999432 -0.012923 1.941480 0.201038 0.018924 0.979401 -0.247371 0.000000 0.000000 0.000000 1.000000
0.979220 0.028398 -0.200802 -0.000000 -0.032259 0.999352 -0.015978 1.941480 0.200218 0.022124 0.979501 -0.247371 0.000000 0.000000 0.000000 1.000000
0.979299 0.028689 -0.200375 -0.000000 -0.032934 0.999298 -0.017881 1.941480 0.199721 0.024110 0.979556 -0.247371 0.000000 0.000000 0.000000 1.000000
0.979347 0.028856 -0.200118 -0.000000 -0.033335 0.999263 -0.019046 1.941480 0.199421 0.025324 0.979587 -0.247371 0.000000 0.000000 0.000000 1.000000
0.979371 0.028939 -0.199987 -0.000000 -0.033538 0.999244 -0.019648 1.941480 0.199268 0.025950 0.979601 -0.247371 0.000000 0.000000 0.000000 1.000000
0.979380 0.028969 -0.199939 -0.000000 -0.033613 0.999237 -0.019871 1.941480 0.199211 0.026181 0.979607 -0.247371 0.000000 0.000000 0.000000 1.000000</float_array>
                    <technique_common>
                        <accessor source="#jnt_hips-Matrix-animation-output-transform-array" count="10" stride="16">
                            <param type="float4x4"/>
                        </accessor>
                    </technique_common>
                </source>
                <source id="jnt_hips-Interpolations">
                    <Name_array id="jnt_hips-Interpolations-array" count="10">
 LINEAR LINEAR LINEAR LINEAR LINEAR LINEAR LINEAR LINEAR LINEAR LINEAR</Name_array>
                    <technique_common>
                        <accessor source="#jnt_hips-Interpolations-array" count="10">
                            <param type="name"/>
                        </accessor>
                    </technique_common>
                </source>
                <sampler id="jnt_hips-Matrix-animation-transform">
                    <input semantic="INPUT" source="#jnt_hips-Matrix-animation-input"/>
                    <input semantic="OUTPUT" source="#jnt_hips-Matrix-animation-output-transform"/>
                    <input semantic="INTERPOLATION" source="#jnt_hips-Interpolations"/>
                </sampler>
                <channel source="#jnt_hips-Matrix-animation-transform" target="jnt_hips/matrix"/>
            </animation>
        </animation>
        <animation id="jnt_height-anim" name="jnt_height">
            <animation>
                <source id="jnt_height-Matrix-animation-input">
                    <float_array id="jnt_height-Matrix-animation-input-array" count="10">

0.000000 0.033333 0.066667 0.100000 0.133333 0.166667 0.200000 0.233333 0.266667 0.300000</float_array>
                    <technique_common>
                        <accessor source="#jnt_height-Matrix-animation-input-array" count="10">
                            <param name="TIME" type="float"/>
                        </accessor>
                    </technique_common>
                </source>
                <source id="jnt_height-Matrix-animation-output-transform">
                    <float_array id="jnt_height-Matrix-animation-output-transform-array" count="160">

0.999343 0.033759 0.013196 -0.000000 -0.033492 0.999241 -0.019891 -0.000000 -0.013858 0.019436 0.999715 0.000000 0.000000 0.000000 0.000000 1.000000
0.999622 0.026147 0.008461 -0.000000 -0.026135 0.999657 -0.001506 -0.000000 -0.008498 0.001285 0.999963 0.000000 0.000000 0.000000 0.000000 1.000000
0.999592 0.027105 0.009030 -0.000000 -0.027075 0.999627 -0.003498 0.000000 -0.009122 0.003252 0.999953 -0.000000 0.000000 0.000000 0.000000 1.000000
0.999522 0.029162 0.010276 0.000000 -0.029080 0.999545 -0.008046 -0.000000 -0.010506 0.007743 0.999915 0.000000 0.000000 0.000000 0.000000 1.000000
0.999448 0.031174 0.011531 -0.000000 -0.031024 0.999435 -0.012912 -0.000000 -0.011927 0.012548 0.999850 0.000000 0.000000 0.000000 0.000000 1.000000
0.999401 0.032346 0.012279 0.000000 -0.032148 0.999355 -0.015967 -0.000000 -0.012787 0.015563 0.999797 -0.000000 0.000000 0.000000 0.000000 1.000000
0.999373 0.033044 0.012729 0.000000 -0.032814 0.999301 -0.017869 -0.000000 -0.013311 0.017441 0.999759 0.000000 0.000000 0.000000 0.000000 1.000000
0.999355 0.033459 0.013000 -0.000000 -0.033208 0.999267 -0.019035 -0.000000 -0.013627 0.018591 0.999734 0.000000 0.000000 0.000000 0.000000 1.000000
0.999346 0.033670 0.013138 0.000000 -0.033409 0.999249 -0.019637 -0.000000 -0.013789 0.019185 0.999721 0.000000 0.000000 0.000000 0.000000 1.000000
0.999343 0.033748 0.013189 -0.000000 -0.033482 0.999242 -0.019859 -0.000000 -0.013849 0.019404 0.999716 0.000000 0.000000 0.000000 0.000000 1.000000</float_array>
                    <technique_common>
                        <accessor source="#jnt_height-Matrix-animation-output-transform-array" count="10" stride="16">
                            <param type="float4x4"/>
                        </accessor>
                    </technique_common>
                </source>
                <source id="jnt_height-Interpolations">
                    <Name_array id="jnt_height-Interpolations-array" count="10">
 LINEAR LINEAR LINEAR LINEAR LINEAR LINEAR LINEAR LINEAR LINEAR LINEAR</Name_array>
                    <technique_common>
                        <accessor source="#jnt_height-Interpolations-array" count="10">
                            <param type="name"/>
                        </accessor>
                    </technique_common>
                </source>
                <sampler id="jnt_height-Matrix-animation-transform">
                    <input semantic="INPUT" source="#jnt_height-Matrix-animation-input"/>
                    <input semantic="OUTPUT" source="#jnt_height-Matrix-animation-output-transform"/>
                    <input semantic="INTERPOLATION" source="#jnt_height-Interpolations"/>
                </sampler>
                <channel source="#jnt_height-Matrix-animation-transform" target="jnt_height/matrix"/>
            </animation>
        </animation>
        <animation id="jnt_spine1-anim" name="jnt_spine1">
            <animation>
                <source id="jnt_spine1-Matrix-animation-input">
                    <float_array id="jnt_spine1-Matrix-animation-input-array" count="10">

0.000000 0.033333 0.066667 0.100000 0.133333 0.166667 0.200000 0.233333 0.266667 0.300000</float_array>
                    <technique_common>
                        <accessor source="#jnt_spine1-Matrix-animation-input-array" count="10">
                            <param name="TIME" type="float"/>
                        </accessor>
                    </technique_common>
                </source>
                <source id="jnt_spine1-Matrix-animation-output-transform">
                    <float_array id="jnt_spine1-Matrix-animation-output-transform-array" count="160">

0.041228 0.014011 0.999052 -0.005844 0.999108 -0.009800 -0.041093 0.209026 0.009215 0.999854 -0.014402 0.038786 0.000000 0.000000 0.000000 1.000000
0.036502 0.009821 0.999286 -0.005844 0.999318 0.005345 -0.036556 0.209026 -0.005700 0.999938 -0.009619 0.038786 0.000000 0.000000 0.000000 1.000000
0.037068 0.010312 0.999260 -0.005844 0.999305 0.003609 -0.037107 0.209026 -0.003989 0.999940 -0.010171 0.038786 0.000000 0.000000 0.000000 1.000000
0.038309 0.011399 0.999201 -0.005844 0.999266 -0.000270 -0.038308 0.209026 -0.000167 0.999935 -0.011401 0.038786 0.000000 0.000000 0.000000 1.000000
0.039561 0.012510 0.999139 -0.005844 0.999210 -0.004288 -0.039510 0.209026 0.003790 0.999913 -0.012670 0.038786 0.000000 0.000000 0.000000 1.000000
0.040309 0.013180 0.999101 -0.005844 0.999168 -0.006737 -0.040223 0.209026 0.006201 0.999891 -0.013440 0.038786 0.000000 0.000000 0.000000 1.000000
0.040760 0.013587 0.999077 -0.005844 0.999140 -0.008234 -0.040651 0.209026 0.007674 0.999874 -0.013911 0.038786 0.000000 0.000000 0.000000 1.000000
0.041031 0.013832 0.999063 -0.005844 0.999121 -0.009140 -0.040907 0.209026 0.008565 0.999863 -0.014195 0.038786 0.000000 0.000000 0.000000 1.000000
0.041170 0.013958 0.999055 -0.005844 0.999112 -0.009604 -0.041038 0.209026 0.009023 0.999857 -0.014341 0.038786 0.000000 0.000000 0.000000 1.000000
0.041221 0.014004 0.999052 -0.005844 0.999108 -0.009776 -0.041086 0.209026 0.009191 0.999854 -0.014395 0.038786 0.000000 0.000000 0.000000 1.000000</float_array>
                    <technique_common>
                        <accessor source="#jnt_spine1-Matrix-animation-output-transform-array" count="10" stride="16">
                            <param type="float4x4"/>
                        </accessor>
                    </technique_common>
                </source>
                <source id="jnt_spine1-Interpolations">
                    <Name_array id="jnt_spine1-Interpolations-array" count="10">
 LINEAR LINEAR LINEAR LINEAR LINEAR LINEAR LINEAR LINEAR LINEAR LINEAR</Name_array>
                    <technique_common>
                        <accessor source="#jnt_spine1-Interpolations-array" count="10">
                            <param type="name"/>
                        </accessor>
                    </technique_common>
                </source>
                <sampler id="jnt_spine1-Matrix-animation-transform">
                    <input semantic="INPUT" source="#jnt_spine1-Matrix-animation-input"/>
                    <input semantic="OUTPUT" source="#jnt_spine1-Matrix-animation-output-transform"/>
                    <input semantic="INTERPOLATION" source="#jnt_spine1-Interpolations"/>
                </sampler>
                <channel source="#jnt_spine1-Matrix-animation-transform" target="jnt_spine1/matrix"/>
            </animation>
        </animation>
        <animation id="jnt_spine2-anim" name="jnt_spine2">
            <animation>
                <source id="jnt_spine2-Matrix-animation-input">
                    <float_array id="jnt_spine2-Matrix-animation-input-array" count="10">

0.000000 0.033333 0.066667 0.100000 0.133333 0.166667 0.200000 0.233333 0.266667 0.300000</float_array>
                    <technique_common>
                        <accessor source="#jnt_spine2-Matrix-animation-input-array" count="10">
                            <param name="TIME" type="float"/>
                        </accessor>
                    </technique_common>
                </source>
                <source id="jnt_spine2-Matrix-animation-output-transform">
                    <float_array id="jnt_spine2-Matrix-animation-output-transform-array" count="160">

0.994144 0.078188 -0.074585 0.354983 -0.079948 0.996580 -0.020913 0.078525 0.072695 0.026753 0.996995 0.012378 0.000000 0.000000 0.000000 1.000000
0.993210 0.089056 -0.074851 0.354983 -0.090574 0.995742 -0.017140 0.078525 0.073005 0.023803 0.997047 0.012378 0.000000 0.000000 0.000000 1.000000
0.993352 0.087678 -0.074586 0.354983 -0.089215 0.995858 -0.017529 0.078525 0.072740 0.024066 0.997060 0.012378 0.000000 0.000000 0.000000 1.000000
0.993637 0.084714 -0.074217 0.354983 -0.086301 0.996098 -0.018439 0.078525 0.072365 0.024727 0.997071 0.012378 0.000000 0.000000 0.000000 1.000000
0.993884 0.081826 -0.074153 0.354983 -0.083477 0.996320 -0.019441 0.078525 0.072290 0.025512 0.997057 0.012378 0.000000 0.000000 0.000000 1.000000
0.994010 0.080161 -0.074272 0.354983 -0.081858 0.996442 -0.020081 0.078525 0.072397 0.026041 0.997036 0.012378 0.000000 0.000000 0.000000 1.000000
0.994079 0.079182 -0.074402 0.354983 -0.080908 0.996511 -0.020483 0.078525 0.072520 0.026382 0.997018 0.012378 0.000000 0.000000 0.000000 1.000000
0.994118 0.078603 -0.074502 0.354983 -0.080349 0.996551 -0.020731 0.078525 0.072616 0.026595 0.997005 0.012378 0.000000 0.000000 0.000000 1.000000
0.994137 0.078310 -0.074560 0.354983 -0.080066 0.996571 -0.020859 0.078525 0.072671 0.026706 0.996998 0.012378 0.000000 0.000000 0.000000 1.000000
0.994143 0.078203 -0.074582 0.354983 -0.079963 0.996579 -0.020906 0.078525 0.072692 0.026747 0.996995 0.012378 0.000000 0.000000 0.000000 1.000000</float_array>
                    <technique_common>
                        <accessor source="#jnt_spine2-Matrix-animation-output-transform-array" count="10" stride="16">
                            <param type="float4x4"/>
                        </accessor>
                    </technique_common>
                </source>
                <source id="jnt_spine2-Interpolations">
                    <Name_array id="jnt_spine2-Interpolations-array" count="10">
 LINEAR LINEAR LINEAR LINEAR LINEAR LINEAR LINEAR LINEAR LINEAR LINEAR</Name_array>
                    <technique_common>
                        <accessor source="#jnt_spine2-Interpolations-array" count="10">
                            <param type="name"/>
                        </accessor>
                    </technique_common>
                </source>
                <sampler id="jnt_spine2-Matrix-animation-transform">
                    <input semantic="INPUT" source="#jnt_spine2-Matrix-animation-input"/>
                    <input semantic="OUTPUT" source="#jnt_spine2-Matrix-animation-output-transform"/>
                    <input semantic="INTERPOLATION" source="#jnt_spine2-Interpolations"/>
                </sampler>
                <channel source="#jnt_spine2-Matrix-animation-transform" target="jnt_spine2/matrix"/>
            </animation>
        </animation>
        <animation id="jnt_spine3-anim" name="jnt_spine3">
            <animation>
                <source id="jnt_spine3-Matrix-animation-input">
                    <float_array id="jnt_spine3-Matrix-animation-input-array" count="10">

0.000000 0.033333 0.066667 0.100000 0.133333 0.166667 0.200000 0.233333 0.266667 0.300000</float_array>
                    <technique_common>
                        <accessor source="#jnt_spine3-Matrix-animation-input-array" count="10">
                            <param name="TIME" type="float"/>
                        </accessor>
                    </technique_common>
                </source>
                <source id="jnt_spine3-Matrix-animation-output-transform">
                    <float_array id="jnt_spine3-Matrix-animation-output-transform-array" count="160">

0.977323 0.178801 0.113448 0.727646 -0.209865 0.889270 0.406393 0.078480 -0.028222 -0.420986 0.906628 -0.093513 0.000000 0.000000 0.000000 1.000000
0.975235 0.189966 0.113268 0.727645 -0.219976 0.886282 0.407573 0.078480 -0.022962 -0.422395 0.906121 -0.093513 0.000000 0.000000 0.000000 1.000000
0.975690 0.187589 0.113308 0.727645 -0.217832 0.886829 0.407533 0.078480 -0.024036 -0.422308 0.906134 -0.093513 0.000000 0.000000 0.000000 1.000000
0.976494 0.183317 0.113378 0.727645 -0.213973 0.887851 0.407353 0.078480 -0.025988 -0.422037 0.906206 -0.093513 0.000000 0.000000 0.000000 1.000000
0.977035 0.180383 0.113424 0.727646 -0.211315 0.888632 0.407037 0.078480 -0.027370 -0.421657 0.906342 -0.093513 0.000000 0.000000 0.000000 1.000000
0.977227 0.179331 0.113440 0.727646 -0.210357 0.888976 0.406780 0.078480 -0.027897 -0.421379 0.906455 -0.093513 0.000000 0.000000 0.000000 1.000000
0.977294 0.178962 0.113445 0.727645 -0.210018 0.889139 0.406600 0.078480 -0.028103 -0.421193 0.906536 -0.093513 0.000000 0.000000 0.000000 1.000000
0.977315 0.178841 0.113447 0.727646 -0.209904 0.889220 0.406483 0.078480 -0.028184 -0.421075 0.906588 -0.093513 0.000000 0.000000 0.000000 1.000000
0.977321 0.178808 0.113447 0.727646 -0.209873 0.889256 0.406420 0.078480 -0.028213 -0.421012 0.906616 -0.093513 0.000000 0.000000 0.000000 1.000000
0.977323 0.178801 0.113448 0.727646 -0.209866 0.889268 0.406397 0.078480 -0.028221 -0.420989 0.906627 -0.093513 0.000000 0.000000 0.000000 1.000000</float_array>
                    <technique_common>
                        <accessor source="#jnt_spine3-Matrix-animation-output-transform-array" count="10" stride="16">
                            <param type="float4x4"/>
                        </accessor>
                    </technique_common>
                </source>
                <source id="jnt_spine3-Interpolations">
                    <Name_array id="jnt_spine3-Interpolations-array" count="10">
 LINEAR LINEAR LINEAR LINEAR LINEAR LINEAR LINEAR LINEAR LINEAR LINEAR</Name_array>
                    <technique_common>
                        <accessor source="#jnt_spine3-Interpolations-array" count="10">
                            <param type="name"/>
                        </accessor>
                    </technique_common>
                </source>
                <sampler id="jnt_spine3-Matrix-animation-transform">
                    <input semantic="INPUT" source="#jnt_spine3-Matrix-animation-input"/>
                    <input semantic="OUTPUT" source="#jnt_spine3-Matrix-animation-output-transform"/>
                    <input semantic="INTERPOLATION" source="#jnt_spine3-Interpolations"/>
                </sampler>
                <channel source="#jnt_spine3-Matrix-animation-transform" target="jnt_spine3/matrix"/>
            </animation>
        </animation>
        <animation id="jnt_neck-anim" name="jnt_neck">
            <animation>
                <source id="jnt_neck-Matrix-animation-input">
                    <float_array id="jnt_neck-Matrix-animation-input-array" count="10">

0.000000 0.033333 0.066667 0.100000 0.133333 0.166667 0.200000 0.233333 0.266667 0.300000</float_array>
                    <technique_common>
                        <accessor source="#jnt_neck-Matrix-animation-input-array" count="10">
                            <param name="TIME" type="float"/>
                        </accessor>
                    </technique_common>
                </source>
                <source id="jnt_neck-Matrix-animation-output-transform">
                    <float_array id="jnt_neck-Matrix-animation-output-transform-array" count="160">

0.975062 -0.218457 0.039121 0.680426 0.209919 0.850631 -0.482037 0.270154 0.072027 0.478229 0.875277 -0.297846 0.000000 0.000000 0.000000 1.000000
0.929082 -0.368787 0.028335 0.680425 0.331588 0.796523 -0.505569 0.270154 0.163877 0.479111 0.862320 -0.297846 0.000000 0.000000 0.000000 1.000000
0.935951 -0.350966 0.028615 0.680427 0.316904 0.804107 -0.502975 0.270155 0.153518 0.479828 0.863827 -0.297846 0.000000 0.000000 0.000000 1.000000
0.949725 -0.311629 0.030158 0.680425 0.284736 0.819661 -0.497072 0.270155 0.130183 0.480669 0.867184 -0.297846 0.000000 0.000000 0.000000 1.000000
0.961812 -0.271707 0.033056 0.680427 0.252438 0.833886 -0.490825 0.270155 0.105795 0.480426 0.870631 -0.297846 0.000000 0.000000 0.000000 1.000000
0.968158 -0.247817 0.035456 0.680426 0.233281 0.841700 -0.486951 0.270155 0.090831 0.479717 0.872709 -0.297846 0.000000 0.000000 0.000000 1.000000
0.971672 -0.233396 0.037155 0.680426 0.221781 0.846176 -0.484560 0.270155 0.081655 0.479074 0.873968 -0.297846 0.000000 0.000000 0.000000 1.000000
0.973668 -0.224735 0.038269 0.680426 0.214898 0.848782 -0.483103 0.270155 0.076088 0.478606 0.874726 -0.297846 0.000000 0.000000 0.000000 1.000000
0.974655 -0.220314 0.038865 0.680426 0.211391 0.850088 -0.482353 0.270155 0.073230 0.478344 0.875114 -0.297846 0.000000 0.000000 0.000000 1.000000
0.975011 -0.218689 0.039089 0.680426 0.210103 0.850563 -0.482077 0.270155 0.072178 0.478243 0.875256 -0.297846 0.000000 0.000000 0.000000 1.000000</float_array>
                    <technique_common>
                        <accessor source="#jnt_neck-Matrix-animation-output-transform-array" count="10" stride="16">
                            <param type="float4x4"/>
                        </accessor>
                    </technique_common>
                </source>
                <source id="jnt_neck-Interpolations">
                    <Name_array id="jnt_neck-Interpolations-array" count="10">
 LINEAR LINEAR LINEAR LINEAR LINEAR LINEAR LINEAR LINEAR LINEAR LINEAR</Name_array>
                    <technique_common>
                        <accessor source="#jnt_neck-Interpolations-array" count="10">
                            <param type="name"/>
                        </accessor>
                    </technique_common>
                </source>
                <sampler id="jnt_neck-Matrix-animation-transform">
                    <input semantic="INPUT" source="#jnt_neck-Matrix-animation-input"/>
                    <input semantic="OUTPUT" source="#jnt_neck-Matrix-animation-output-transform"/>
                    <input semantic="INTERPOLATION" source="#jnt_neck-Interpolations"/>
                </sampler>
                <channel source="#jnt_neck-Matrix-animation-transform" target="jnt_neck/matrix"/>
            </animation>
        </animation>
        <animation id="jnt_head-anim" name="jnt_head">
            <animation>
                <source id="jnt_head-Matrix-animation-input">
                    <float_array id="jnt_head-Matrix-animation-input-array" count="10">

0.000000 0.033333 0.066667 0.100000 0.133333 0.166667 0.200000 0.233333 0.266667 0.300000</float_array>
                    <technique_common>
                        <accessor source="#jnt_head-Matrix-animation-input-array" count="10">
                            <param name="TIME" type="float"/>
                        </accessor>
                    </technique_common>
                </source>
                <source id="jnt_head-Matrix-animation-output-transform">
                    <float_array id="jnt_head-Matrix-animation-output-transform-array" count="160">

0.925083 -0.083998 0.370356 0.273591 0.105885 0.993608 -0.039127 0.000002 -0.364702 0.075411 0.928065 -0.000000 0.000000 0.000000 0.000000 1.000000
0.926347 0.002328 0.376664 0.273591 0.027554 0.996883 -0.073927 0.000001 -0.375662 0.078860 0.923395 0.000000 0.000000 0.000000 0.000000 1.000000
0.926436 -0.007744 0.376372 0.273591 0.036718 0.996880 -0.069870 0.000002 -0.374656 0.078549 0.923831 0.000000 0.000000 0.000000 0.000000 1.000000
0.926410 -0.030102 0.375309 0.273591 0.057033 0.996516 -0.060854 0.000002 -0.372169 0.077780 0.924900 0.000000 0.000000 0.000000 0.000000 1.000000
0.926065 -0.053006 0.373622 0.273591 0.077811 0.995631 -0.051613 0.000002 -0.369254 0.076869 0.926144 0.000000 0.000000 0.000000 0.000000 1.000000
0.925700 -0.066841 0.372306 0.273591 0.090348 0.994846 -0.046035 0.000002 -0.367310 0.076252 0.926968 -0.000000 0.000000 0.000000 0.000000 1.000000
0.925420 -0.075245 0.371395 0.273591 0.097960 0.994276 -0.042650 0.000002 -0.366060 0.075851 0.927495 0.000000 0.000000 0.000000 0.000000 1.000000
0.925231 -0.080314 0.370805 0.273592 0.102550 0.993899 -0.040610 0.000002 -0.365281 0.075599 0.927823 -0.000000 0.000000 0.000000 0.000000 1.000000
0.925128 -0.082908 0.370491 0.273591 0.104898 0.993696 -0.039566 0.000002 -0.364875 0.075467 0.927993 0.000000 0.000000 0.000000 0.000000 1.000000
0.925089 -0.083862 0.370373 0.273591 0.105762 0.993619 -0.039182 0.000002 -0.364724 0.075418 0.928056 -0.000000 0.000000 0.000000 0.000000 1.000000</float_array>
                    <technique_common>
                        <accessor source="#jnt_head-Matrix-animation-output-transform-array" count="10" stride="16">
                            <param type="float4x4"/>
                        </accessor>
                    </technique_common>
                </source>
                <source id="jnt_head-Interpolations">
                    <Name_array id="jnt_head-Interpolations-array" count="10">
 LINEAR LINEAR LINEAR LINEAR LINEAR LINEAR LINEAR LINEAR LINEAR LINEAR</Name_array>
                    <technique_common>
                        <accessor source="#jnt_head-Interpolations-array" count="10">
                            <param type="name"/>
                        </accessor>
                    </technique_common>
                </source>
                <sampler id="jnt_head-Matrix-animation-transform">
                    <input semantic="INPUT" source="#jnt_head-Matrix-animation-input"/>
                    <input semantic="OUTPUT" source="#jnt_head-Matrix-animation-output-transform"/>
                    <input semantic="INTERPOLATION" source="#jnt_head-Interpolations"/>
                </sampler>
                <channel source="#jnt_head-Matrix-animation-transform" target="jnt_head/matrix"/>
            </animation>
        </animation>
        <animation id="jnt_headappend-anim" name="jnt_headappend">
            <animation>
                <source id="jnt_headappend-Matrix-animation-input">
                    <float_array id="jnt_headappend-Matrix-animation-input-array" count="10">

0.000000 0.033333 0.066667 0.100000 0.133333 0.166667 0.200000 0.233333 0.266667 0.300000</float_array>
                    <technique_common>
                        <accessor source="#jnt_headappend-Matrix-animation-input-array" count="10">
                            <param name="TIME" type="float"/>
                        </accessor>
                    </technique_common>
                </source>
                <source id="jnt_headappend-Matrix-animation-output-transform">
                    <float_array id="jnt_headappend-Matrix-animation-output-transform-array" count="160">

1.000000 0.000000 -0.000000 0.000001 -0.000000 1.000000 0.000000 -0.000000 0.000000 -0.000000 1.000000 -0.000000 0.000000 0.000000 0.000000 1.000000
1.000000 0.000000 -0.000000 -0.000000 -0.000000 1.000000 0.000000 0.000000 0.000000 -0.000000 1.000000 -0.000000 0.000000 0.000000 0.000000 1.000000
1.000000 0.000000 -0.000000 0.000000 -0.000000 1.000000 0.000000 -0.000000 0.000000 -0.000000 1.000000 0.000000 0.000000 0.000000 0.000000 1.000000
1.000000 0.000000 -0.000000 -0.000000 -0.000000 1.000000 -0.000000 -0.000000 0.000000 0.000000 1.000000 -0.000000 0.000000 0.000000 0.000000 1.000000
1.000000 0.000000 -0.000000 0.000000 -0.000000 1.000000 -0.000000 -0.000000 0.000000 0.000000 1.000000 0.000000 0.000000 0.000000 0.000000 1.000000
1.000000 0.000000 -0.000000 0.000000 -0.000000 1.000000 0.000000 0.000000 0.000000 -0.000000 1.000000 -0.000000 0.000000 0.000000 0.000000 1.000000
1.000000 0.000000 -0.000000 0.000000 -0.000000 1.000000 -0.000000 0.000000 0.000000 0.000000 1.000000 -0.000000 0.000000 0.000000 0.000000 1.000000
1.000000 0.000000 -0.000000 0.000001 -0.000000 1.000000 -0.000000 -0.000000 0.000000 0.000000 1.000000 0.000000 0.000000 0.000000 0.000000 1.000000
1.000000 0.000000 -0.000000 -0.000000 -0.000000 1.000000 -0.000000 -0.000000 0.000000 0.000000 1.000000 -0.000000 0.000000 0.000000 0.000000 1.000000
1.000000 0.000000 -0.000000 0.000000 -0.000000 1.000000 0.000000 -0.000000 0.000000 -0.000000 1.000000 0.000000 0.000000 0.000000 0.000000 1.000000</float_array>
                    <technique_common>
                        <accessor source="#jnt_headappend-Matrix-animation-output-transform-array" count="10" stride="16">
                            <param type="float4x4"/>
                        </accessor>
                    </technique_common>
                </source>
                <source id="jnt_headappend-Interpolations">
                    <Name_array id="jnt_headappend-Interpolations-array" count="10">
 LINEAR LINEAR LINEAR LINEAR LINEAR LINEAR LINEAR LINEAR LINEAR LINEAR</Name_array>
                    <technique_common>
                        <accessor source="#jnt_headappend-Interpolations-array" count="10">
