<?xml version="1.0" encoding="utf-8"?>
<COLLADA xmlns="http://www.collada.org/2005/11/COLLADASchema" version="1.4.1">
    <asset>
        <contributor>
            <author></author>
            <authoring_tool>FBX COLLADA exporter</authoring_tool>
            <comments></comments>
        </contributor>
        <created>2022-10-03T22:39:45Z</created>
        <keywords></keywords>
        <modified>2022-10-03T22:39:45Z</modified>
        <revision></revision>
        <subject></subject>
        <title></title>
        <unit meter="0.010000" name="centimeter"></unit>
        <up_axis>Y_UP</up_axis>
    </asset>
    <library_animations>
        <animation id="Character-anim" name="Character">
            <animation>
                <source id="Character-Matrix-animation-input">
                    <float_array id="Character-Matrix-animation-input-array" count="10">

0.000000 0.033333 0.066667 0.100000 0.133333 0.166667 0.200000 0.233333 0.266667 0.300000</float_array>
                    <technique_common>
                        <accessor source="#Character-Matrix-animation-input-array" count="10">
                            <param name="TIME" type="float"/>
                        </accessor>
                    </technique_common>
                </source>
                <source id="Character-Matrix-animation-output-transform">
                    <float_array id="Character-Matrix-animation-output-transform-array" count="160">

1.000000 0.000000 0.000000 0.000000 0.000000 1.000000 -0.000000 0.000000 0.000000 0.000000 1.000000 0.000000 0.000000 0.000000 0.000000 1.000000
1.000000 0.000000 0.000000 0.000000 0.000000 1.000000 -0.000000 0.000000 0.000000 0.000000 1.000000 0.000000 0.000000 0.000000 0.000000 1.000000
1.000000 0.000000 0.000000 0.000000 0.000000 1.000000 -0.000000 0.000000 0.000000 0.000000 1.000000 0.000000 0.000000 0.000000 0.000000 1.000000
1.000000 0.000000 0.000000 0.000000 0.000000 1.000000 -0.000000 0.000000 0.000000 0.000000 1.000000 0.000000 0.000000 0.000000 0.000000 1.000000
1.000000 0.000000 0.000000 0.000000 0.000000 1.000000 -0.000000 0.000000 0.000000 0.000000 1.000000 0.000000 0.000000 0.000000 0.000000 1.000000
1.000000 0.000000 0.000000 0.000000 0.000000 1.000000 -0.000000 0.000000 0.000000 0.000000 1.000000 0.000000 0.000000 0.000000 0.000000 1.000000
1.000000 0.000000 0.000000 0.000000 0.000000 1.000000 -0.000000 0.000000 0.000000 0.000000 1.000000 0.000000 0.000000 0.000000 0.000000 1.000000
1.000000 0.000000 0.000000 0.000000 0.000000 1.000000 -0.000000 0.000000 0.000000 0.000000 1.000000 0.000000 0.000000 0.000000 0.000000 1.000000
1.000000 0.000000 0.000000 0.000000 0.000000 1.000000 -0.000000 0.000000 0.000000 0.000000 1.000000 0.000000 0.000000 0.000000 0.000000 1.000000
1.000000 0.000000 0.000000 0.000000 0.000000 1.000000 -0.000000 0.000000 0.000000 0.000000 1.000000 0.000000 0.000000 0.000000 0.000000 1.000000</float_array>
                    <technique_common>
                        <accessor source="#Character-Matrix-animation-output-transform-array" count="10" stride="16">
                            <param type="float4x4"/>
                        </accessor>
                    </technique_common>
                </source>
                <source id="Character-Interpolations">
                    <Name_array id="Character-Interpolations-array" count="10">
 LINEAR LINEAR LINEAR LINEAR LINEAR LINEAR LINEAR LINEAR LINEAR LINEAR</Name_array>
                    <technique_common>
                        <accessor source="#Character-Interpolations-array" count="10">
                            <param type="name"/>
                        </accessor>
                    </technique_common>
                </source>
                <sampler id="Character-Matrix-animation-transform">
                    <input semantic="INPUT" source="#Character-Matrix-animation-input"/>
                    <input semantic="OUTPUT" source="#Character-Matrix-animation-output-transform"/>
                    <input semantic="INTERPOLATION" source="#Character-Interpolations"/>
                </sampler>
                <channel source="#Character-Matrix-animation-transform" target="Character/matrix"/>
            </animation>
        </animation>
        <animation id="HIK_root_jnt-anim" name="HIK_root_jnt">
            <animation>
                <source id="HIK_root_jnt-Matrix-animation-input">
                    <float_array id="HIK_root_jnt-Matrix-animation-input-array" count="10">

0.000000 0.033333 0.066667 0.100000 0.133333 0.166667 0.200000 0.233333 0.266667 0.300000</float_array>
                    <technique_common>
                        <accessor source="#HIK_root_jnt-Matrix-animation-input-array" count="10">
                            <param name="TIME" type="float"/>
                        </accessor>
                    </technique_common>
                </source>
                <source id="HIK_root_jnt-Matrix-animation-output-transform">
                    <float_array id="HIK_root_jnt-Matrix-animation-output-transform-array" count="160">

1.000000 0.000000 0.000000 0.000000 0.000000 1.000000 -0.000000 0.000000 0.000000 0.000000 1.000000 0.000000 0.000000 0.000000 0.000000 1.000000
1.000000 0.000000 0.000000 0.000000 0.000000 1.000000 -0.000000 0.000000 0.000000 0.000000 1.000000 0.000000 0.000000 0.000000 0.000000 1.000000
1.000000 0.000000 0.000000 0.000000 0.000000 1.000000 -0.000000 0.000000 0.000000 0.000000 1.000000 0.000000 0.000000 0.000000 0.000000 1.000000
1.000000 0.000000 0.000000 0.000000 0.000000 1.000000 -0.000000 0.000000 0.000000 0.000000 1.000000 0.000000 0.000000 0.000000 0.000000 1.000000
1.000000 0.000000 0.000000 0.000000 0.000000 1.000000 -0.000000 0.000000 0.000000 0.000000 1.000000 0.000000 0.000000 0.000000 0.000000 1.000000
1.000000 0.000000 0.000000 0.000000 0.000000 1.000000 -0.000000 0.000000 0.000000 0.000000 1.000000 0.000000 0.000000 0.000000 0.000000 1.000000
1.000000 0.000000 0.000000 0.000000 0.000000 1.000000 -0.000000 0.000000 0.000000 0.000000 1.000000 0.000000 0.000000 0.000000 0.000000 1.000000
1.000000 0.000000 0.000000 0.000000 0.000000 1.000000 -0.000000 0.000000 0.000000 0.000000 1.000000 0.000000 0.000000 0.000000 0.000000 1.000000
1.000000 0.000000 0.000000 0.000000 0.000000 1.000000 -0.000000 0.000000 0.000000 0.000000 1.000000 0.000000 0.000000 0.000000 0.000000 1.000000
1.000000 0.000000 0.000000 0.000000 0.000000 1.000000 -0.000000 0.000000 0.000000 0.000000 1.000000 0.000000 0.000000 0.000000 0.000000 1.000000</float_array>
                    <technique_common>
                        <accessor source="#HIK_root_jnt-Matrix-animation-output-transform-array" count="10" stride="16">
                            <param type="float4x4"/>
                        </accessor>
                    </technique_common>
                </source>
                <source id="HIK_root_jnt-Interpolations">
                    <Name_array id="HIK_root_jnt-Interpolations-array" count="10">
 LINEAR LINEAR LINEAR LINEAR LINEAR LINEAR LINEAR LINEAR LINEAR LINEAR</Name_array>
                    <technique_common>
                        <accessor source="#HIK_root_jnt-Interpolations-array" count="10">
                            <param type="name"/>
                        </accessor>
                    </technique_common>
                </source>
                <sampler id="HIK_root_jnt-Matrix-animation-transform">
                    <input semantic="INPUT" source="#HIK_root_jnt-Matrix-animation-input"/>
                    <input semantic="OUTPUT" source="#HIK_root_jnt-Matrix-animation-output-transform"/>
                    <input semantic="INTERPOLATION" source="#HIK_root_jnt-Interpolations"/>
                </sampler>
                <channel source="#HIK_root_jnt-Matrix-animation-transform" target="HIK_root_jnt/matrix"/>
            </animation>
        </animation>
        <animation id="root_jnt-anim" name="root_jnt">
            <animation>
                <source id="root_jnt-Matrix-animation-input">
                    <float_array id="root_jnt-Matrix-animation-input-array" count="10">

0.000000 0.033333 0.066667 0.100000 0.133333 0.166667 0.200000 0.233333 0.266667 0.300000</float_array>
                    <technique_common>
                        <accessor source="#root_jnt-Matrix-animation-input-array" count="10">
                            <param name="TIME" type="float"/>
                        </accessor>
                    </technique_common>
                </source>
                <source id="root_jnt-Matrix-animation-output-transform">
                    <float_array id="root_jnt-Matrix-animation-output-transform-array" count="160">

1.000000 0.000000 0.000000 0.000000 0.000000 1.000000 -0.000000 0.000000 0.000000 0.000000 1.000000 0.000000 0.000000 0.000000 0.000000 1.000000
1.000000 0.000000 0.000000 0.000000 0.000000 1.000000 -0.000000 0.000000 0.000000 0.000000 1.000000 0.000000 0.000000 0.000000 0.000000 1.000000
1.000000 0.000000 0.000000 0.000000 0.000000 1.000000 -0.000000 0.000000 0.000000 0.000000 1.000000 0.000000 0.000000 0.000000 0.000000 1.000000
1.000000 0.000000 0.000000 0.000000 0.000000 1.000000 -0.000000 0.000000 0.000000 0.000000 1.000000 0.000000 0.000000 0.000000 0.000000 1.000000
1.000000 0.000000 0.000000 0.000000 0.000000 1.000000 -0.000000 0.000000 0.000000 0.000000 1.000000 0.000000 0.000000 0.000000 0.000000 1.000000
1.000000 0.000000 0.000000 0.000000 0.000000 1.000000 -0.000000 0.000000 0.000000 0.000000 1.000000 0.000000 0.000000 0.000000 0.000000 1.000000
1.000000 0.000000 0.000000 0.000000 0.000000 1.000000 -0.000000 0.000000 0.000000 0.000000 1.000000 0.000000 0.000000 0.000000 0.000000 1.000000
1.000000 0.000000 0.000000 0.000000 0.000000 1.000000 -0.000000 0.000000 0.000000 0.000000 1.000000 0.000000 0.000000 0.000000 0.000000 1.000000
1.000000 0.000000 0.000000 0.000000 0.000000 1.000000 -0.000000 0.000000 0.000000 0.000000 1.000000 0.000000 0.000000 0.000000 0.000000 1.000000
1.000000 0.000000 0.000000 0.000000 0.000000 1.000000 -0.000000 0.000000 0.000000 0.000000 1.000000 0.000000 0.000000 0.000000 0.000000 1.000000</float_array>
                    <technique_common>
                        <accessor source="#root_jnt-Matrix-animation-output-transform-array" count="10" stride="16">
                            <param type="float4x4"/>
                        </accessor>
                    </technique_common>
                </source>
                <source id="root_jnt-Interpolations">
                    <Name_array id="root_jnt-Interpolations-array" count="10">
 LINEAR LINEAR LINEAR LINEAR LINEAR LINEAR LINEAR LINEAR LINEAR LINEAR</Name_array>
                    <technique_common>
                        <accessor source="#root_jnt-Interpolations-array" count="10">
                            <param type="name"/>
                        </accessor>
                    </technique_common>
                </source>
                <sampler id="root_jnt-Matrix-animation-transform">
                    <input semantic="INPUT" source="#root_jnt-Matrix-animation-input"/>
                    <input semantic="OUTPUT" source="#root_jnt-Matrix-animation-output-transform"/>
                    <input semantic="INTERPOLATION" source="#root_jnt-Interpolations"/>
                </sampler>
                <channel source="#root_jnt-Matrix-animation-transform" target="root_jnt/matrix"/>
            </animation>
        </animation>
        <animation id="jnt_hips-anim" name="jnt_hips">
            <animation>
                <source id="jnt_hips-Matrix-animation-input">
                    <float_array id="jnt_hips-Matrix-animation-input-array" count="10">

0.000000 0.033333 0.066667 0.100000 0.133333 0.166667 0.200000 0.233333 0.266667 0.300000</float_array>
                    <technique_common>
                        <accessor source="#jnt_hips-Matrix-animation-input-array" count="10">
                            <param name="TIME" type="float"/>
                        </accessor>
                    </technique_common>
                </source>
                <source id="jnt_hips-Matrix-animation-output-transform">
                    <float_array id="jnt_hips-Matrix-animation-output-transform-array" count="160">

0.979381 0.028973 -0.199932 -0.000000 -0.033623 0.999236 -0.019902 1.941480 0.199203 0.026214 0.979608 -0.247371 0.000000 0.000000 0.000000 1.000000
0.976885 0.043648 -0.209261 -0.000000 -0.032366 0.997847 0.057038 1.941480 0.211300 -0.048946 0.976195 -0.247371 0.000000 0.000000 0.000000 1.000000
0.977319 0.041945 -0.207576 -0.000000 -0.033432 0.998456 0.044355 1.941480 0.209116 -0.036409 0.977213 -0.247371 0.000000 0.000000 0.000000 1.000000
0.978246 0.036193 -0.204265 -0.000000 -0.033524 0.999302 0.016509 1.941480 0.204720 -0.009302 0.978776 -0.247371 0.000000 0.000000 0.000000 1.000000
0.979009 0.029345 -0.201693 -0.000000 -0.031875 0.999449 -0.009307 1.941480 0.201309 0.015541 0.979405 -0.247371 0.000000 0.000000 0.000000 1.000000
0.979220 0.028398 -0.200802 -0.000000 -0.032259 0.999352 -0.015978 1.941480 0.200218 0.022124 0.979501 -0.247371 0.000000 0.000000 0.000000 1.000000
0.979299 0.028689 -0.200375 -0.000000 -0.032934 0.999298 -0.017881 1.941480 0.199721 0.024110 0.979556 -0.247371 0.000000 0.000000 0.000000 1.000000
0.979347 0.028856 -0.200118 -0.000000 -0.033335 0.999263 -0.019046 1.941480 0.199421 0.025324 0.979587 -0.247371 0.000000 0.000000 0.000000 1.000000
0.979371 0.028939 -0.199987 -0.000000 -0.033538 0.999244 -0.019648 1.941480 0.199268 0.025950 0.979601 -0.247371 0.000000 0.000000 0.000000 1.000000
0.979380 0.028969 -0.199939 -0.000000 -0.033613 0.999237 -0.019871 1.941480 0.199211 0.026181 0.979607 -0.247371 0.000000 0.000000 0.000000 1.000000</float_array>
                    <technique_common>
                        <accessor source="#jnt_hips-Matrix-animation-output-transform-array" count="10" stride="16">
                            <param type="float4x4"/>
                        </accessor>
                    </technique_common>
                </source>
                <source id="jnt_hips-Interpolations">
                    <Name_array id="jnt_hips-Interpolations-array" count="10">
 LINEAR LINEAR LINEAR LINEAR LINEAR LINEAR LINEAR LINEAR LINEAR LINEAR</Name_array>
                    <technique_common>
                        <accessor source="#jnt_hips-Interpolations-array" count="10">
                            <param type="name"/>
                        </accessor>
                    </technique_common>
                </source>
                <sampler id="jnt_hips-Matrix-animation-transform">
                    <input semantic="INPUT" source="#jnt_hips-Matrix-animation-input"/>
                    <input semantic="OUTPUT" source="#jnt_hips-Matrix-animation-output-transform"/>
                    <input semantic="INTERPOLATION" source="#jnt_hips-Interpolations"/>
                </sampler>
                <channel source="#jnt_hips-Matrix-animation-transform" target="jnt_hips/matrix"/>
            </animation>
        </animation>
        <animation id="jnt_height-anim" name="jnt_height">
            <animation>
                <source id="jnt_height-Matrix-animation-input">
                    <float_array id="jnt_height-Matrix-animation-input-array" count="10">

0.000000 0.033333 0.066667 0.100000 0.133333 0.166667 0.200000 0.233333 0.266667 0.300000</float_array>
                    <technique_common>
                        <accessor source="#jnt_height-Matrix-animation-input-array" count="10">
                            <param name="TIME" type="float"/>
                        </accessor>
                    </technique_common>
                </source>
                <source id="jnt_height-Matrix-animation-output-transform">
                    <float_array id="jnt_height-Matrix-animation-output-transform-array" count="160">

0.999343 0.033759 0.013196 -0.000000 -0.033492 0.999241 -0.019891 -0.000000 -0.013858 0.019436 0.999715 0.000000 0.000000 0.000000 0.000000 1.000000
0.999474 0.032316 0.002743 -0.000000 -0.032420 0.997847 0.057016 -0.000000 -0.000894 -0.057075 0.998369 -0.000000 0.000000 0.000000 0.000000 1.000000
0.999435 0.033275 0.004769 -0.000000 -0.033454 0.998456 0.044347 -0.000000 -0.003286 -0.044482 0.999005 -0.000000 0.000000 0.000000 0.000000 1.000000
0.999407 0.033361 0.008534 -0.000000 -0.033499 0.999302 0.016514 -0.000000 -0.007977 -0.016790 0.999827 -0.000000 0.000000 0.000000 0.000000 1.000000
0.999427 0.031895 0.011331 -0.000000 -0.031790 0.999451 -0.009297 -0.000000 -0.011622 0.008932 0.999893 0.000000 0.000000 0.000000 0.000000 1.000000
0.999401 0.032346 0.012279 0.000000 -0.032148 0.999355 -0.015967 -0.000000 -0.012787 0.015563 0.999797 -0.000000 0.000000 0.000000 0.000000 1.000000
0.999373 0.033044 0.012729 0.000000 -0.032814 0.999301 -0.017869 -0.000000 -0.013311 0.017441 0.999759 0.000000 0.000000 0.000000 0.000000 1.000000
0.999355 0.033459 0.013000 -0.000000 -0.033208 0.999267 -0.019035 -0.000000 -0.013627 0.018591 0.999734 0.000000 0.000000 0.000000 0.000000 1.000000
0.999346 0.033670 0.013138 0.000000 -0.033409 0.999249 -0.019637 -0.000000 -0.013789 0.019185 0.999721 0.000000 0.000000 0.000000 0.000000 1.000000
0.999343 0.033748 0.013189 -0.000000 -0.033482 0.999242 -0.019859 -0.000000 -0.013849 0.019404 0.999716 0.000000 0.000000 0.000000 0.000000 1.000000</float_array>
                    <technique_common>
                        <accessor source="#jnt_height-Matrix-animation-output-transform-array" count="10" stride="16">
                            <param type="float4x4"/>
                        </accessor>
                    </technique_common>
                </source>
                <source id="jnt_height-Interpolations">
                    <Name_array id="jnt_height-Interpolations-array" count="10">
 LINEAR LINEAR LINEAR LINEAR LINEAR LINEAR LINEAR LINEAR LINEAR LINEAR</Name_array>
                    <technique_common>
                        <accessor source="#jnt_height-Interpolations-array" count="10">
                            <param type="name"/>
                        </accessor>
                    </technique_common>
                </source>
                <sampler id="jnt_height-Matrix-animation-transform">
                    <input semantic="INPUT" source="#jnt_height-Matrix-animation-input"/>
                    <input semantic="OUTPUT" source="#jnt_height-Matrix-animation-output-transform"/>
                    <input semantic="INTERPOLATION" source="#jnt_height-Interpolations"/>
                </sampler>
                <channel source="#jnt_height-Matrix-animation-transform" target="jnt_height/matrix"/>
            </animation>
        </animation>
        <animation id="jnt_spine1-anim" name="jnt_spine1">
            <animation>
                <source id="jnt_spine1-Matrix-animation-input">
                    <float_array id="jnt_spine1-Matrix-animation-input-array" count="10">

0.000000 0.033333 0.066667 0.100000 0.133333 0.166667 0.200000 0.233333 0.266667 0.300000</float_array>
                    <technique_common>
                        <accessor source="#jnt_spine1-Matrix-animation-input-array" count="10">
                            <param name="TIME" type="float"/>
                        </accessor>
                    </technique_common>
                </source>
                <source id="jnt_spine1-Matrix-animation-output-transform">
                    <float_array id="jnt_spine1-Matrix-animation-output-transform-array" count="160">

0.041228 0.014011 0.999052 -0.005844 0.999108 -0.009800 -0.041093 0.209026 0.009215 0.999854 -0.014402 0.038786 0.000000 0.000000 0.000000 1.000000
0.030474 0.001913 0.999534 -0.005844 0.998817 0.037865 -0.030524 0.209026 -0.037905 0.999281 -0.000757 0.038786 0.000000 0.000000 0.000000 1.000000
0.032405 0.004149 0.999467 -0.005844 0.999033 0.029591 -0.032514 0.209026 -0.029710 0.999554 -0.003186 0.038786 0.000000 0.000000 0.000000 1.000000
0.036335 0.008615 0.999303 -0.005844 0.999261 0.012255 -0.036440 0.209026 -0.012560 0.999888 -0.008163 0.038786 0.000000 0.000000 0.000000 1.000000
0.039349 0.012157 0.999152 -0.005844 0.999224 -0.002576 -0.039321 0.209026 0.002095 0.999923 -0.012249 0.038786 0.000000 0.000000 0.000000 1.000000
0.040309 0.013180 0.999101 -0.005844 0.999168 -0.006737 -0.040223 0.209026 0.006201 0.999891 -0.013440 0.038786 0.000000 0.000000 0.000000 1.000000
0.040760 0.013587 0.999077 -0.005844 0.999140 -0.008234 -0.040651 0.209026 0.007674 0.999874 -0.013911 0.038786 0.000000 0.000000 0.000000 1.000000
0.041031 0.013832 0.999063 -0.005844 0.999121 -0.009140 -0.040907 0.209026 0.008565 0.999863 -0.014195 0.038786 0.000000 0.000000 0.000000 1.000000
0.041170 0.013958 0.999055 -0.005844 0.999112 -0.009604 -0.041038 0.209026 0.009023 0.999857 -0.014341 0.038786 0.000000 0.000000 0.000000 1.000000
0.041221 0.014004 0.999052 -0.005844 0.999108 -0.009776 -0.041086 0.209026 0.009191 0.999854 -0.014395 0.038786 0.000000 0.000000 0.000000 1.000000</float_array>
                    <technique_common>
                        <accessor source="#jnt_spine1-Matrix-animation-output-transform-array" count="10" stride="16">
                            <param type="float4x4"/>
                        </accessor>
                    </technique_common>
                </source>
                <source id="jnt_spine1-Interpolations">
                    <Name_array id="jnt_spine1-Interpolations-array" count="10">
 LINEAR LINEAR LINEAR LINEAR LINEAR LINEAR LINEAR LINEAR LINEAR LINEAR</Name_array>
                    <technique_common>
                        <accessor source="#jnt_spine1-Interpolations-array" count="10">
                            <param type="name"/>
                        </accessor>
                    </technique_common>
                </source>
                <sampler id="jnt_spine1-Matrix-animation-transform">
                    <input semantic="INPUT" source="#jnt_spine1-Matrix-animation-input"/>
                    <input semantic="OUTPUT" source="#jnt_spine1-Matrix-animation-output-transform"/>
                    <input semantic="INTERPOLATION" source="#jnt_spine1-Interpolations"/>
                </sampler>
                <channel source="#jnt_spine1-Matrix-animation-transform" target="jnt_spine1/matrix"/>
            </animation>
        </animation>
        <animation id="jnt_spine2-anim" name="jnt_spine2">
            <animation>
                <source id="jnt_spine2-Matrix-animation-input">
                    <float_array id="jnt_spine2-Matrix-animation-input-array" count="10">

0.000000 0.033333 0.066667 0.100000 0.133333 0.166667 0.200000 0.233333 0.266667 0.300000</float_array>
                    <technique_common>
                        <accessor source="#jnt_spine2-Matrix-animation-input-array" count="10">
                            <param name="TIME" type="float"/>
                        </accessor>
                    </technique_common>
                </source>
                <source id="jnt_spine2-Matrix-animation-output-transform">
                    <float_array id="jnt_spine2-Matrix-animation-output-transform-array" count="160">

0.994144 0.078188 -0.074585 0.354983 -0.079948 0.996580 -0.020913 0.078525 0.072695 0.026753 0.996995 0.012378 0.000000 0.000000 0.000000 1.000000
0.995293 0.090477 -0.034696 0.354983 -0.090577 0.995889 -0.001318 0.078525 0.034435 0.004455 0.999397 0.012378 0.000000 0.000000 0.000000 1.000000
0.995411 0.087219 -0.039352 0.354983 -0.087452 0.996160 -0.004234 0.078525 0.038832 0.007656 0.999216 0.012378 0.000000 0.000000 0.000000 1.000000
0.995105 0.082743 -0.054024 0.354983 -0.083474 0.996444 -0.011415 0.078525 0.052887 0.015869 0.998474 0.012378 0.000000 0.000000 0.000000 1.000000
0.994157 0.081314 -0.070989 0.354983 -0.082812 0.996395 -0.018413 0.078525 0.069236 0.024184 0.997307 0.012378 0.000000 0.000000 0.000000 1.000000
0.994010 0.080161 -0.074272 0.354983 -0.081858 0.996442 -0.020081 0.078525 0.072397 0.026041 0.997036 0.012378 0.000000 0.000000 0.000000 1.000000
0.994079 0.079182 -0.074402 0.354983 -0.080908 0.996511 -0.020483 0.078525 0.072520 0.026382 0.997018 0.012378 0.000000 0.000000 0.000000 1.000000
0.994118 0.078603 -0.074502 0.354983 -0.080349 0.996551 -0.020731 0.078525 0.072616 0.026595 0.997005 0.012378 0.000000 0.000000 0.000000 1.000000
0.994137 0.078310 -0.074560 0.354983 -0.080066 0.996571 -0.020859 0.078525 0.072671 0.026706 0.996998 0.012378 0.000000 0.000000 0.000000 1.000000
0.994143 0.078203 -0.074582 0.354983 -0.079963 0.996579 -0.020906 0.078525 0.072692 0.026747 0.996995 0.012378 0.000000 0.000000 0.000000 1.000000</float_array>
                    <technique_common>
                        <accessor source="#jnt_spine2-Matrix-animation-output-transform-array" count="10" stride="16">
                            <param type="float4x4"/>
                        </accessor>
                    </technique_common>
                </source>
                <source id="jnt_spine2-Interpolations">
                    <Name_array id="jnt_spine2-Interpolations-array" count="10">
 LINEAR LINEAR LINEAR LINEAR LINEAR LINEAR LINEAR LINEAR LINEAR LINEAR</Name_array>
                    <technique_common>
                        <accessor source="#jnt_spine2-Interpolations-array" count="10">
                            <param type="name"/>
                        </accessor>
                    </technique_common>
                </source>
                <sampler id="jnt_spine2-Matrix-animation-transform">
                    <input semantic="INPUT" source="#jnt_spine2-Matrix-animation-input"/>
                    <input semantic="OUTPUT" source="#jnt_spine2-Matrix-animation-output-transform"/>
                    <input semantic="INTERPOLATION" source="#jnt_spine2-Interpolations"/>
                </sampler>
                <channel source="#jnt_spine2-Matrix-animation-transform" target="jnt_spine2/matrix"/>
            </animation>
        </animation>
        <animation id="jnt_spine3-anim" name="jnt_spine3">
            <animation>
                <source id="jnt_spine3-Matrix-animation-input">
                    <float_array id="jnt_spine3-Matrix-animation-input-array" count="10">

0.000000 0.033333 0.066667 0.100000 0.133333 0.166667 0.200000 0.233333 0.266667 0.300000</float_array>
                    <technique_common>
                        <accessor source="#jnt_spine3-Matrix-animation-input-array" count="10">
                            <param name="TIME" type="float"/>
                        </accessor>
                    </technique_common>
                </source>
                <source id="jnt_spine3-Matrix-animation-output-transform">
                    <float_array id="jnt_spine3-Matrix-animation-output-transform-array" count="160">

0.977323 0.178801 0.113448 0.727646 -0.209865 0.889270 0.406393 0.078480 -0.028222 -0.420986 0.906628 -0.093513 0.000000 0.000000 0.000000 1.000000
0.992073 0.049567 0.115478 0.727645 -0.094538 0.899790 0.425958 0.078480 -0.082793 -0.433498 0.897344 -0.093513 0.000000 0.000000 0.000000 1.000000
0.991332 0.062827 0.115384 0.727646 -0.106305 0.899651 0.423470 0.078480 -0.077200 -0.432065 0.898532 -0.093513 0.000000 0.000000 0.000000 1.000000
0.987385 0.109043 0.114804 0.727646 -0.147485 0.897185 0.416301 0.078480 -0.057606 -0.427981 0.901950 -0.093513 0.000000 0.000000 0.000000 1.000000
0.979173 0.168211 0.113691 0.727645 -0.200403 0.890524 0.408418 0.078480 -0.032544 -0.422696 0.905687 -0.093513 0.000000 0.000000 0.000000 1.000000
0.977227 0.179331 0.113440 0.727646 -0.210357 0.888976 0.406780 0.078480 -0.027897 -0.421379 0.906455 -0.093513 0.000000 0.000000 0.000000 1.000000
0.977294 0.178962 0.113445 0.727645 -0.210018 0.889139 0.406600 0.078480 -0.028103 -0.421193 0.906536 -0.093513 0.000000 0.000000 0.000000 1.000000
0.977315 0.178841 0.113447 0.727646 -0.209904 0.889220 0.406483 0.078480 -0.028184 -0.421075 0.906588 -0.093513 0.000000 0.000000 0.000000 1.000000
0.977321 0.178808 0.113447 0.727646 -0.209873 0.889256 0.406420 0.078480 -0.028213 -0.421012 0.906616 -0.093513 0.000000 0.000000 0.000000 1.000000
0.977323 0.178801 0.113448 0.727646 -0.209866 0.889268 0.406397 0.078480 -0.028221 -0.420989 0.906627 -0.093513 0.000000 0.000000 0.000000 1.000000</float_array>
                    <technique_common>
                        <accessor source="#jnt_spine3-Matrix-animation-output-transform-array" count="10" stride="16">
                            <param type="float4x4"/>
                        </accessor>
                    </technique_common>
                </source>
                <source id="jnt_spine3-Interpolations">
                    <Name_array id="jnt_spine3-Interpolations-array" count="10">
 LINEAR LINEAR LINEAR LINEAR LINEAR LINEAR LINEAR LINEAR LINEAR LINEAR</Name_array>
                    <technique_common>
                        <accessor source="#jnt_spine3-Interpolations-array" count="10">
                            <param type="name"/>
                        </accessor>
                    </technique_common>
                </source>
                <sampler id="jnt_spine3-Matrix-animation-transform">
                    <input semantic="INPUT" source="#jnt_spine3-Matrix-animation-input"/>
                    <input semantic="OUTPUT" source="#jnt_spine3-Matrix-animation-output-transform"/>
                    <input semantic="INTERPOLATION" source="#jnt_spine3-Interpolations"/>
                </sampler>
                <channel source="#jnt_spine3-Matrix-animation-transform" target="jnt_spine3/matrix"/>
            </animation>
        </animation>
        <animation id="jnt_neck-anim" name="jnt_neck">
            <animation>
                <source id="jnt_neck-Matrix-animation-input">
                    <float_array id="jnt_neck-Matrix-animation-input-array" count="10">

0.000000 0.033333 0.066667 0.100000 0.133333 0.166667 0.200000 0.233333 0.266667 0.300000</float_array>
                    <technique_common>
                        <accessor source="#jnt_neck-Matrix-animation-input-array" count="10">
                            <param name="TIME" type="float"/>
                        </accessor>
                    </technique_common>
                </source>
                <source id="jnt_neck-Matrix-animation-output-transform">
                    <float_array id="jnt_neck-Matrix-animation-output-transform-array" count="160">

0.974419 -0.221211 0.039673 0.680426 0.211437 0.842507 -0.495455 0.270154 0.076175 0.491169 0.867727 -0.297846 0.000000 0.000000 0.000000 1.000000
0.847034 -0.525528 -0.079718 0.680427 0.394052 0.721492 -0.569362 0.270155 0.356732 0.450856 0.818212 -0.297846 0.000000 0.000000 0.000000 1.000000
0.880823 -0.468770 -0.066374 0.680426 0.356476 0.748917 -0.558613 0.270155 0.311570 0.468378 0.826768 -0.297846 0.000000 0.000000 0.000000 1.000000
0.932828 -0.359511 -0.024156 0.680426 0.292107 0.793777 -0.533471 0.270155 0.210963 0.490580 0.845473 -0.297846 0.000000 0.000000 0.000000 1.000000
0.959844 -0.279379 0.025423 0.680426 0.253171 0.823620 -0.507498 0.270155 0.120846 0.493556 0.861277 -0.297846 0.000000 0.000000 0.000000 1.000000
0.967320 -0.250939 0.036352 0.680426 0.235013 0.833484 -0.500074 0.270155 0.095189 0.492275 0.865219 -0.297846 0.000000 0.000000 0.000000 1.000000
0.970931 -0.236342 0.037882 0.680426 0.223409 0.838008 -0.497826 0.270155 0.085911 0.491818 0.866449 -0.297846 0.000000 0.000000 0.000000 1.000000
0.972985 -0.227570 0.038895 0.680426 0.216462 0.840640 -0.496457 0.270155 0.080282 0.491464 0.867189 -0.297846 0.000000 0.000000 0.000000 1.000000
0.974000 -0.223092 0.039439 0.680426 0.212922 0.841959 -0.495752 0.270155 0.077392 0.491260 0.867568 -0.297846 0.000000 0.000000 0.000000 1.000000
0.974367 -0.221446 0.039644 0.680426 0.211623 0.842439 -0.495492 0.270155 0.076327 0.491181 0.867707 -0.297846 0.000000 0.000000 0.000000 1.000000</float_array>
                    <technique_common>
                        <accessor source="#jnt_neck-Matrix-animation-output-transform-array" count="10" stride="16">
                            <param type="float4x4"/>
                        </accessor>
                    </technique_common>
                </source>
                <source id="jnt_neck-Interpolations">
                    <Name_array id="jnt_neck-Interpolations-array" count="10">
 LINEAR LINEAR LINEAR LINEAR LINEAR LINEAR LINEAR LINEAR LINEAR LINEAR</Name_array>
                    <technique_common>
                        <accessor source="#jnt_neck-Interpolations-array" count="10">
                            <param type="name"/>
                        </accessor>
                    </technique_common>
                </source>
                <sampler id="jnt_neck-Matrix-animation-transform">
                    <input semantic="INPUT" source="#jnt_neck-Matrix-animation-input"/>
                    <input semantic="OUTPUT" source="#jnt_neck-Matrix-animation-output-transform"/>
                    <input semantic="INTERPOLATION" source="#jnt_neck-Interpolations"/>
                </sampler>
                <channel source="#jnt_neck-Matrix-animation-transform" target="jnt_neck/matrix"/>
            </animation>
        </animation>
        <animation id="jnt_head-anim" name="jnt_head">
            <animation>
                <source id="jnt_head-Matrix-animation-input">
                    <float_array id="jnt_head-Matrix-animation-input-array" count="10">

0.000000 0.033333 0.066667 0.100000 0.133333 0.166667 0.200000 0.233333 0.266667 0.300000</float_array>
                    <technique_common>
                        <accessor source="#jnt_head-Matrix-animation-input-array" count="10">
                            <param name="TIME" type="float"/>
                        </accessor>
                    </technique_common>
                </source>
                <source id="jnt_head-Matrix-animation-output-transform">
                    <float_array id="jnt_head-Matrix-animation-output-transform-array" count="160">

0.841472 0.411320 0.350345 0.273591 -0.383637 0.911443 -0.148641 0.000002 -0.380458 -0.009328 0.924751 -0.000000 0.000000 0.000000 0.000000 1.000000
0.720648 0.602419 0.343159 0.273591 -0.546731 0.798163 -0.253026 0.000002 -0.426325 -0.005273 0.904555 -0.000000 0.000000 0.000000 0.000000 1.000000
0.743206 0.571050 0.348634 0.273591 -0.520465 0.820887 -0.235073 0.000001 -0.420428 -0.006744 0.907301 0.000000 0.000000 0.000000 0.000000 1.000000
0.788204 0.503691 0.353595 0.273590 -0.463681 0.863840 -0.196929 0.000002 -0.404641 -0.008735 0.914434 0.000000 0.000000 0.000000 0.000000 1.000000
0.823828 0.445104 0.350984 0.273591 -0.413682 0.895427 -0.164554 0.000001 -0.387524 -0.009631 0.921809 0.000000 0.000000 0.000000 0.000000 1.000000
0.833799 0.426800 0.350175 0.273591 -0.397593 0.904296 -0.155466 0.000002 -0.383014 -0.009600 0.923693 -0.000000 0.000000 0.000000 0.000000 1.000000
0.837575 0.419234 0.350301 0.273591 -0.390773 0.907829 -0.152129 0.000002 -0.381791 -0.009469 0.924200 0.000000 0.000000 0.000000 0.000000 1.000000
0.839836 0.414655 0.350337 0.273592 -0.386645 0.909930 -0.150110 0.000002 -0.381026 -0.009388 0.924517 0.000000 0.000000 0.000000 0.000000 1.000000
0.840988 0.412308 0.350344 0.273592 -0.384528 0.910997 -0.149076 0.000002 -0.380627 -0.009346 0.924681 -0.000000 0.000000 0.000000 0.000000 1.000000
0.841411 0.411443 0.350345 0.273591 -0.383748 0.911387 -0.148695 0.000002 -0.380479 -0.009331 0.924743 0.000000 0.000000 0.000000 0.000000 1.000000</float_array>
                    <technique_common>
                        <accessor source="#jnt_head-Matrix-animation-output-transform-array" count="10" stride="16">
                            <param type="float4x4"/>
                        </accessor>
                    </technique_common>
                </source>
                <source id="jnt_head-Interpolations">
                    <Name_array id="jnt_head-Interpolations-array" count="10">
 LINEAR LINEAR LINEAR LINEAR LINEAR LINEAR LINEAR LINEAR LINEAR LINEAR</Name_array>
                    <technique_common>
                        <accessor source="#jnt_head-Interpolations-array" count="10">
                            <param type="name"/>
                        </accessor>
                    </technique_common>
                </source>
                <sampler id="jnt_head-Matrix-animation-transform">
                    <input semantic="INPUT" source="#jnt_head-Matrix-animation-input"/>
                    <input semantic="OUTPUT" source="#jnt_head-Matrix-animation-output-transform"/>
                    <input semantic="INTERPOLATION" source="#jnt_head-Interpolations"/>
                </sampler>
                <channel source="#jnt_head-Matrix-animation-transform" target="jnt_head/matrix"/>
            </animation>
        </animation>
        <animation id="jnt_headappend-anim" name="jnt_headappend">
            <animation>
                <source id="jnt_headappend-Matrix-animation-input">
                    <float_array id="jnt_headappend-Matrix-animation-input-array" count="10">

0.000000 0.033333 0.066667 0.100000 0.133333 0.166667 0.200000 0.233333 0.266667 0.300000</float_array>
                    <technique_common>
                        <accessor source="#jnt_headappend-Matrix-animation-input-array" count="10">
                            <param name="TIME" type="float"/>
                        </accessor>
                    </technique_common>
                </source>
                <source id="jnt_headappend-Matrix-animation-output-transform">
                    <float_array id="jnt_headappend-Matrix-animation-output-transform-array" count="160">

1.000000 0.000000 -0.000000 -0.000000 -0.000000 1.000000 -0.000000 0.000000 0.000000 0.000000 1.000000 -0.000000 0.000000 0.000000 0.000000 1.000000
1.000000 0.000000 -0.000000 0.000000 -0.000000 1.000000 0.000000 0.000000 0.000000 -0.000000 1.000000 -0.000000 0.000000 0.000000 0.000000 1.000000
1.000000 0.000000 -0.000000 0.000000 -0.000000 1.000000 -0.000000 0.000000 0.000000 0.000000 1.000000 0.000000 0.000000 0.000000 0.000000 1.000000
1.000000 0.000000 -0.000000 -0.000000 -0.000000 1.000000 -0.000000 -0.000000 0.000000 0.000000 1.000000 -0.000000 0.000000 0.000000 0.000000 1.000000
1.000000 0.000000 -0.000000 -0.000000 -0.000000 1.000000 0.000000 0.000000 0.000000 -0.000000 1.000000 -0.000000 0.000000 0.000000 0.000000 1.000000
1.000000 0.000000 -0.000000 -0.000000 -0.000000 1.000000 -0.000000 -0.000000 0.000000 0.000000 1.000000 -0.000000 0.000000 0.000000 0.000000 1.000000
1.000000 0.000000 -0.000000 -0.000000 -0.000000 1.000000 0.000000 -0.000000 0.000000 -0.000000 1.000000 0.000000 0.000000 0.000000 0.000000 1.000000
1.000000 0.000000 -0.000000 0.000001 -0.000000 1.000000 -0.000000 0.000000 0.000000 0.000000 1.000000 0.000000 0.000000 0.000000 0.000000 1.000000
1.000000 0.000000 -0.000000 -0.000000 -0.000000 1.000000 0.000000 0.000000 0.000000 -0.000000 1.000000 -0.000000 0.000000 0.000000 0.000000 1.000000
1.000000 0.000000 -0.000000 0.000000 -0.000000 1.000000 -0.000000 0.000000 0.000000 0.000000 1.000000 0.000000 0.000000 0.000000 0.000000 1.000000</float_array>
                    <technique_common>
                        <accessor source="#jnt_headappend-Matrix-animation-output-transform-array" count="10" stride="16">
                            <param type="float4x4"/>
                        </accessor>
                    </technique_common>
                </source>
                <source id="jnt_headappend-Interpolations">
                    <Name_array id="jnt_headappend-Interpolations-array" count="10">
 LINEAR LINEAR LINEAR LINEAR LINEAR LINEAR LINEAR LINEAR LINEAR LINEAR</Name_array>
                    <technique_common>
                        <accessor source="#jnt_headappend-Interpolations-array" count="10">
