<?xml version="1.0" encoding="utf-8"?>
<COLLADA xmlns="http://www.collada.org/2005/11/COLLADASchema" version="1.4.1">
    <asset>
        <contributor>
            <author></author>
            <authoring_tool>FBX COLLADA exporter</authoring_tool>
            <comments></comments>
        </contributor>
        <created>2022-10-05T20:22:32Z</created>
        <keywords></keywords>
        <modified>2022-10-05T20:22:32Z</modified>
        <revision></revision>
        <subject></subject>
        <title></title>
        <unit meter="0.010000" name="centimeter"></unit>
        <up_axis>Y_UP</up_axis>
    </asset>
    <library_animations>
        <animation id="Character-anim" name="Character">
            <animation>
                <source id="Character-Matrix-animation-input">
                    <float_array id="Character-Matrix-animation-input-array" count="20">

0.000000 0.033333 0.066667 0.100000 0.133333 0.166667 0.200000 0.233333 0.266667 0.300000 0.333333 0.366667 0.400000 0.433333 0.466667 0.500000
0.533333 0.566667 0.600000 0.633333</float_array>
                    <technique_common>
                        <accessor source="#Character-Matrix-animation-input-array" count="20">
                            <param name="TIME" type="float"/>
                        </accessor>
                    </technique_common>
                </source>
                <source id="Character-Matrix-animation-output-transform">
                    <float_array id="Character-Matrix-animation-output-transform-array" count="320">

1.000000 0.000000 0.000000 0.000000 0.000000 1.000000 -0.000000 0.000000 0.000000 0.000000 1.000000 0.000000 0.000000 0.000000 0.000000 1.000000
1.000000 0.000000 0.000000 0.000000 0.000000 1.000000 -0.000000 0.000000 0.000000 0.000000 1.000000 0.000000 0.000000 0.000000 0.000000 1.000000
1.000000 0.000000 0.000000 0.000000 0.000000 1.000000 -0.000000 0.000000 0.000000 0.000000 1.000000 0.000000 0.000000 0.000000 0.000000 1.000000
1.000000 0.000000 0.000000 0.000000 0.000000 1.000000 -0.000000 0.000000 0.000000 0.000000 1.000000 0.000000 0.000000 0.000000 0.000000 1.000000
1.000000 0.000000 0.000000 0.000000 0.000000 1.000000 -0.000000 0.000000 0.000000 0.000000 1.000000 0.000000 0.000000 0.000000 0.000000 1.000000
1.000000 0.000000 0.000000 0.000000 0.000000 1.000000 -0.000000 0.000000 0.000000 0.000000 1.000000 0.000000 0.000000 0.000000 0.000000 1.000000
1.000000 0.000000 0.000000 0.000000 0.000000 1.000000 -0.000000 0.000000 0.000000 0.000000 1.000000 0.000000 0.000000 0.000000 0.000000 1.000000
1.000000 0.000000 0.000000 0.000000 0.000000 1.000000 -0.000000 0.000000 0.000000 0.000000 1.000000 0.000000 0.000000 0.000000 0.000000 1.000000
1.000000 0.000000 0.000000 0.000000 0.000000 1.000000 -0.000000 0.000000 0.000000 0.000000 1.000000 0.000000 0.000000 0.000000 0.000000 1.000000
1.000000 0.000000 0.000000 0.000000 0.000000 1.000000 -0.000000 0.000000 0.000000 0.000000 1.000000 0.000000 0.000000 0.000000 0.000000 1.000000
1.000000 0.000000 0.000000 0.000000 0.000000 1.000000 -0.000000 0.000000 0.000000 0.000000 1.000000 0.000000 0.000000 0.000000 0.000000 1.000000
1.000000 0.000000 0.000000 0.000000 0.000000 1.000000 -0.000000 0.000000 0.000000 0.000000 1.000000 0.000000 0.000000 0.000000 0.000000 1.000000
1.000000 0.000000 0.000000 0.000000 0.000000 1.000000 -0.000000 0.000000 0.000000 0.000000 1.000000 0.000000 0.000000 0.000000 0.000000 1.000000
1.000000 0.000000 0.000000 0.000000 0.000000 1.000000 -0.000000 0.000000 0.000000 0.000000 1.000000 0.000000 0.000000 0.000000 0.000000 1.000000
1.000000 0.000000 0.000000 0.000000 0.000000 1.000000 -0.000000 0.000000 0.000000 0.000000 1.000000 0.000000 0.000000 0.000000 0.000000 1.000000
1.000000 0.000000 0.000000 0.000000 0.000000 1.000000 -0.000000 0.000000 0.000000 0.000000 1.000000 0.000000 0.000000 0.000000 0.000000 1.000000
1.000000 0.000000 0.000000 0.000000 0.000000 1.000000 -0.000000 0.000000 0.000000 0.000000 1.000000 0.000000 0.000000 0.000000 0.000000 1.000000
1.000000 0.000000 0.000000 0.000000 0.000000 1.000000 -0.000000 0.000000 0.000000 0.000000 1.000000 0.000000 0.000000 0.000000 0.000000 1.000000
1.000000 0.000000 0.000000 0.000000 0.000000 1.000000 -0.000000 0.000000 0.000000 0.000000 1.000000 0.000000 0.000000 0.000000 0.000000 1.000000
1.000000 0.000000 0.000000 0.000000 0.000000 1.000000 -0.000000 0.000000 0.000000 0.000000 1.000000 0.000000 0.000000 0.000000 0.000000 1.000000</float_array>
                    <technique_common>
                        <accessor source="#Character-Matrix-animation-output-transform-array" count="20" stride="16">
                            <param type="float4x4"/>
                        </accessor>
                    </technique_common>
                </source>
                <source id="Character-Interpolations">
                    <Name_array id="Character-Interpolations-array" count="20">
 LINEAR LINEAR LINEAR LINEAR LINEAR LINEAR LINEAR LINEAR LINEAR LINEAR LINEAR
LINEAR LINEAR LINEAR LINEAR LINEAR LINEAR LINEAR LINEAR LINEAR</Name_array>
                    <technique_common>
                        <accessor source="#Character-Interpolations-array" count="20">
                            <param type="name"/>
                        </accessor>
                    </technique_common>
                </source>
                <sampler id="Character-Matrix-animation-transform">
                    <input semantic="INPUT" source="#Character-Matrix-animation-input"/>
                    <input semantic="OUTPUT" source="#Character-Matrix-animation-output-transform"/>
                    <input semantic="INTERPOLATION" source="#Character-Interpolations"/>
                </sampler>
                <channel source="#Character-Matrix-animation-transform" target="Character/matrix"/>
            </animation>
        </animation>
        <animation id="HIK_root_jnt-anim" name="HIK_root_jnt">
            <animation>
                <source id="HIK_root_jnt-Matrix-animation-input">
                    <float_array id="HIK_root_jnt-Matrix-animation-input-array" count="20">

0.000000 0.033333 0.066667 0.100000 0.133333 0.166667 0.200000 0.233333 0.266667 0.300000 0.333333 0.366667 0.400000 0.433333 0.466667 0.500000
0.533333 0.566667 0.600000 0.633333</float_array>
                    <technique_common>
                        <accessor source="#HIK_root_jnt-Matrix-animation-input-array" count="20">
                            <param name="TIME" type="float"/>
                        </accessor>
                    </technique_common>
                </source>
                <source id="HIK_root_jnt-Matrix-animation-output-transform">
                    <float_array id="HIK_root_jnt-Matrix-animation-output-transform-array" count="320">

1.000000 0.000000 0.000000 0.000000 0.000000 1.000000 -0.000000 0.000000 0.000000 0.000000 1.000000 0.000000 0.000000 0.000000 0.000000 1.000000
1.000000 0.000000 0.000000 0.000000 0.000000 1.000000 -0.000000 0.000000 0.000000 0.000000 1.000000 0.000000 0.000000 0.000000 0.000000 1.000000
1.000000 0.000000 0.000000 0.000000 0.000000 1.000000 -0.000000 0.000000 0.000000 0.000000 1.000000 0.000000 0.000000 0.000000 0.000000 1.000000
1.000000 0.000000 0.000000 0.000000 0.000000 1.000000 -0.000000 0.000000 0.000000 0.000000 1.000000 0.000000 0.000000 0.000000 0.000000 1.000000
1.000000 0.000000 0.000000 0.000000 0.000000 1.000000 -0.000000 0.000000 0.000000 0.000000 1.000000 0.000000 0.000000 0.000000 0.000000 1.000000
1.000000 0.000000 0.000000 0.000000 0.000000 1.000000 -0.000000 0.000000 0.000000 0.000000 1.000000 0.000000 0.000000 0.000000 0.000000 1.000000
1.000000 0.000000 0.000000 0.000000 0.000000 1.000000 -0.000000 0.000000 0.000000 0.000000 1.000000 0.000000 0.000000 0.000000 0.000000 1.000000
1.000000 0.000000 0.000000 0.000000 0.000000 1.000000 -0.000000 0.000000 0.000000 0.000000 1.000000 0.000000 0.000000 0.000000 0.000000 1.000000
1.000000 0.000000 0.000000 0.000000 0.000000 1.000000 -0.000000 0.000000 0.000000 0.000000 1.000000 0.000000 0.000000 0.000000 0.000000 1.000000
1.000000 0.000000 0.000000 0.000000 0.000000 1.000000 -0.000000 0.000000 0.000000 0.000000 1.000000 0.000000 0.000000 0.000000 0.000000 1.000000
1.000000 0.000000 0.000000 0.000000 0.000000 1.000000 -0.000000 0.000000 0.000000 0.000000 1.000000 0.000000 0.000000 0.000000 0.000000 1.000000
1.000000 0.000000 0.000000 0.000000 0.000000 1.000000 -0.000000 0.000000 0.000000 0.000000 1.000000 0.000000 0.000000 0.000000 0.000000 1.000000
1.000000 0.000000 0.000000 0.000000 0.000000 1.000000 -0.000000 0.000000 0.000000 0.000000 1.000000 0.000000 0.000000 0.000000 0.000000 1.000000
1.000000 0.000000 0.000000 0.000000 0.000000 1.000000 -0.000000 0.000000 0.000000 0.000000 1.000000 0.000000 0.000000 0.000000 0.000000 1.000000
1.000000 0.000000 0.000000 0.000000 0.000000 1.000000 -0.000000 0.000000 0.000000 0.000000 1.000000 0.000000 0.000000 0.000000 0.000000 1.000000
1.000000 0.000000 0.000000 0.000000 0.000000 1.000000 -0.000000 0.000000 0.000000 0.000000 1.000000 0.000000 0.000000 0.000000 0.000000 1.000000
1.000000 0.000000 0.000000 0.000000 0.000000 1.000000 -0.000000 0.000000 0.000000 0.000000 1.000000 0.000000 0.000000 0.000000 0.000000 1.000000
1.000000 0.000000 0.000000 0.000000 0.000000 1.000000 -0.000000 0.000000 0.000000 0.000000 1.000000 0.000000 0.000000 0.000000 0.000000 1.000000
1.000000 0.000000 0.000000 0.000000 0.000000 1.000000 -0.000000 0.000000 0.000000 0.000000 1.000000 0.000000 0.000000 0.000000 0.000000 1.000000
1.000000 0.000000 0.000000 0.000000 0.000000 1.000000 -0.000000 0.000000 0.000000 0.000000 1.000000 0.000000 0.000000 0.000000 0.000000 1.000000</float_array>
                    <technique_common>
                        <accessor source="#HIK_root_jnt-Matrix-animation-output-transform-array" count="20" stride="16">
                            <param type="float4x4"/>
                        </accessor>
                    </technique_common>
                </source>
                <source id="HIK_root_jnt-Interpolations">
                    <Name_array id="HIK_root_jnt-Interpolations-array" count="20">
 LINEAR LINEAR LINEAR LINEAR LINEAR LINEAR LINEAR LINEAR LINEAR LINEAR LINEAR
LINEAR LINEAR LINEAR LINEAR LINEAR LINEAR LINEAR LINEAR LINEAR</Name_array>
                    <technique_common>
                        <accessor source="#HIK_root_jnt-Interpolations-array" count="20">
                            <param type="name"/>
                        </accessor>
                    </technique_common>
                </source>
                <sampler id="HIK_root_jnt-Matrix-animation-transform">
                    <input semantic="INPUT" source="#HIK_root_jnt-Matrix-animation-input"/>
                    <input semantic="OUTPUT" source="#HIK_root_jnt-Matrix-animation-output-transform"/>
                    <input semantic="INTERPOLATION" source="#HIK_root_jnt-Interpolations"/>
                </sampler>
                <channel source="#HIK_root_jnt-Matrix-animation-transform" target="HIK_root_jnt/matrix"/>
            </animation>
        </animation>
        <animation id="root_jnt-anim" name="root_jnt">
            <animation>
                <source id="root_jnt-Matrix-animation-input">
                    <float_array id="root_jnt-Matrix-animation-input-array" count="20">

0.000000 0.033333 0.066667 0.100000 0.133333 0.166667 0.200000 0.233333 0.266667 0.300000 0.333333 0.366667 0.400000 0.433333 0.466667 0.500000
0.533333 0.566667 0.600000 0.633333</float_array>
                    <technique_common>
                        <accessor source="#root_jnt-Matrix-animation-input-array" count="20">
                            <param name="TIME" type="float"/>
                        </accessor>
                    </technique_common>
                </source>
                <source id="root_jnt-Matrix-animation-output-transform">
                    <float_array id="root_jnt-Matrix-animation-output-transform-array" count="320">

1.000000 0.000000 0.000000 0.000000 0.000000 1.000000 -0.000000 0.000000 0.000000 0.000000 1.000000 0.000000 0.000000 0.000000 0.000000 1.000000
1.000000 0.000000 0.000000 0.000000 0.000000 1.000000 -0.000000 0.000000 0.000000 0.000000 1.000000 0.000000 0.000000 0.000000 0.000000 1.000000
1.000000 0.000000 0.000000 0.000000 0.000000 1.000000 -0.000000 0.000000 0.000000 0.000000 1.000000 0.000000 0.000000 0.000000 0.000000 1.000000
1.000000 0.000000 0.000000 0.000000 0.000000 1.000000 -0.000000 0.000000 0.000000 0.000000 1.000000 0.000000 0.000000 0.000000 0.000000 1.000000
1.000000 0.000000 0.000000 0.000000 0.000000 1.000000 -0.000000 0.000000 0.000000 0.000000 1.000000 0.000000 0.000000 0.000000 0.000000 1.000000
1.000000 0.000000 0.000000 0.000000 0.000000 1.000000 -0.000000 0.000000 0.000000 0.000000 1.000000 0.000000 0.000000 0.000000 0.000000 1.000000
1.000000 0.000000 0.000000 0.000000 0.000000 1.000000 -0.000000 0.000000 0.000000 0.000000 1.000000 0.000000 0.000000 0.000000 0.000000 1.000000
1.000000 0.000000 0.000000 0.000000 0.000000 1.000000 -0.000000 0.000000 0.000000 0.000000 1.000000 0.000000 0.000000 0.000000 0.000000 1.000000
1.000000 0.000000 0.000000 0.000000 0.000000 1.000000 -0.000000 0.000000 0.000000 0.000000 1.000000 0.000000 0.000000 0.000000 0.000000 1.000000
1.000000 0.000000 0.000000 0.000000 0.000000 1.000000 -0.000000 0.000000 0.000000 0.000000 1.000000 0.000000 0.000000 0.000000 0.000000 1.000000
1.000000 0.000000 0.000000 0.000000 0.000000 1.000000 -0.000000 0.000000 0.000000 0.000000 1.000000 0.000000 0.000000 0.000000 0.000000 1.000000
1.000000 0.000000 0.000000 0.000000 0.000000 1.000000 -0.000000 0.000000 0.000000 0.000000 1.000000 0.000000 0.000000 0.000000 0.000000 1.000000
1.000000 0.000000 0.000000 0.000000 0.000000 1.000000 -0.000000 0.000000 0.000000 0.000000 1.000000 0.000000 0.000000 0.000000 0.000000 1.000000
1.000000 0.000000 0.000000 0.000000 0.000000 1.000000 -0.000000 0.000000 0.000000 0.000000 1.000000 0.000000 0.000000 0.000000 0.000000 1.000000
1.000000 0.000000 0.000000 0.000000 0.000000 1.000000 -0.000000 0.000000 0.000000 0.000000 1.000000 0.000000 0.000000 0.000000 0.000000 1.000000
1.000000 0.000000 0.000000 0.000000 0.000000 1.000000 -0.000000 0.000000 0.000000 0.000000 1.000000 0.000000 0.000000 0.000000 0.000000 1.000000
1.000000 0.000000 0.000000 0.000000 0.000000 1.000000 -0.000000 0.000000 0.000000 0.000000 1.000000 0.000000 0.000000 0.000000 0.000000 1.000000
1.000000 0.000000 0.000000 0.000000 0.000000 1.000000 -0.000000 0.000000 0.000000 0.000000 1.000000 0.000000 0.000000 0.000000 0.000000 1.000000
1.000000 0.000000 0.000000 0.000000 0.000000 1.000000 -0.000000 0.000000 0.000000 0.000000 1.000000 0.000000 0.000000 0.000000 0.000000 1.000000
1.000000 0.000000 0.000000 0.000000 0.000000 1.000000 -0.000000 0.000000 0.000000 0.000000 1.000000 0.000000 0.000000 0.000000 0.000000 1.000000</float_array>
                    <technique_common>
                        <accessor source="#root_jnt-Matrix-animation-output-transform-array" count="20" stride="16">
                            <param type="float4x4"/>
                        </accessor>
                    </technique_common>
                </source>
                <source id="root_jnt-Interpolations">
                    <Name_array id="root_jnt-Interpolations-array" count="20">
 LINEAR LINEAR LINEAR LINEAR LINEAR LINEAR LINEAR LINEAR LINEAR LINEAR LINEAR
LINEAR LINEAR LINEAR LINEAR LINEAR LINEAR LINEAR LINEAR LINEAR</Name_array>
                    <technique_common>
                        <accessor source="#root_jnt-Interpolations-array" count="20">
                            <param type="name"/>
                        </accessor>
                    </technique_common>
                </source>
                <sampler id="root_jnt-Matrix-animation-transform">
                    <input semantic="INPUT" source="#root_jnt-Matrix-animation-input"/>
                    <input semantic="OUTPUT" source="#root_jnt-Matrix-animation-output-transform"/>
                    <input semantic="INTERPOLATION" source="#root_jnt-Interpolations"/>
                </sampler>
                <channel source="#root_jnt-Matrix-animation-transform" target="root_jnt/matrix"/>
            </animation>
        </animation>
        <animation id="jnt_hips-anim" name="jnt_hips">
            <animation>
                <source id="jnt_hips-Matrix-animation-input">
                    <float_array id="jnt_hips-Matrix-animation-input-array" count="20">

0.000000 0.033333 0.066667 0.100000 0.133333 0.166667 0.200000 0.233333 0.266667 0.300000 0.333333 0.366667 0.400000 0.433333 0.466667 0.500000
0.533333 0.566667 0.600000 0.633333</float_array>
                    <technique_common>
                        <accessor source="#jnt_hips-Matrix-animation-input-array" count="20">
                            <param name="TIME" type="float"/>
                        </accessor>
                    </technique_common>
                </source>
                <source id="jnt_hips-Matrix-animation-output-transform">
                    <float_array id="jnt_hips-Matrix-animation-output-transform-array" count="320">

0.950532 0.110609 -0.290266 0.000000 -0.046207 0.974407 0.219992 1.733227 0.307170 -0.195697 0.931316 -0.128626 0.000000 0.000000 0.000000 1.000000
0.950525 0.111661 -0.289886 0.000000 -0.046656 0.973896 0.222150 1.733227 0.307124 -0.197634 0.930922 -0.128626 0.000000 0.000000 0.000000 1.000000
0.950499 0.114357 -0.288920 0.000000 -0.047798 0.972557 0.227701 1.733227 0.307031 -0.202620 0.929880 -0.128626 0.000000 0.000000 0.000000 1.000000
0.950445 0.118001 -0.287627 0.000000 -0.049319 0.970681 0.235257 1.733227 0.306955 -0.209413 0.928399 -0.128626 0.000000 0.000000 0.000000 1.000000
0.950361 0.121912 -0.286271 0.000000 -0.050913 0.968574 0.243457 1.733227 0.306955 -0.216797 0.926703 -0.128626 0.000000 0.000000 0.000000 1.000000
0.950247 0.125443 -0.285123 0.000000 -0.052289 0.966576 0.250989 1.733227 0.307078 -0.223593 0.925046 -0.128626 0.000000 0.000000 0.000000 1.000000
0.950106 0.127982 -0.284464 0.000000 -0.053174 0.965057 0.256588 1.733227 0.307363 -0.228659 0.923712 -0.128626 0.000000 0.000000 0.000000 1.000000
0.949983 0.128431 -0.284671 0.000000 -0.052691 0.964373 0.259247 1.733227 0.307825 -0.231280 0.922905 -0.128626 0.000000 0.000000 0.000000 1.000000
0.950085 0.124123 -0.286236 0.000000 -0.047709 0.964464 0.259871 1.733227 0.308320 -0.233244 0.922245 -0.128626 0.000000 0.000000 0.000000 1.000000
0.950316 0.116344 -0.288728 0.000000 -0.039405 0.965029 0.259165 1.733227 0.308783 -0.234912 0.921667 -0.128626 0.000000 0.000000 0.000000 1.000000
0.950543 0.106999 -0.291581 0.000000 -0.029671 0.965776 0.257675 1.733227 0.309173 -0.236279 0.921186 -0.128626 0.000000 0.000000 0.000000 1.000000
0.950693 0.098042 -0.294228 0.000000 -0.020439 0.966460 0.256001 1.733227 0.309458 -0.237365 0.920811 -0.128626 0.000000 0.000000 0.000000 1.000000
0.950763 0.091486 -0.296107 0.000000 -0.013678 0.966893 0.254814 1.733227 0.309616 -0.238217 0.920538 -0.128626 0.000000 0.000000 0.000000 1.000000
0.950790 0.089380 -0.296666 0.000000 -0.011387 0.966921 0.254822 1.733227 0.309628 -0.238904 0.920356 -0.128626 0.000000 0.000000 0.000000 1.000000
0.950807 0.091048 -0.296100 0.000000 -0.013741 0.967288 0.253309 1.733227 0.309478 -0.236780 0.920955 -0.128626 0.000000 0.000000 0.000000 1.000000
0.950819 0.094047 -0.295125 0.000000 -0.018819 0.968571 0.248023 1.733227 0.309175 -0.230271 0.922706 -0.128626 0.000000 0.000000 0.000000 1.000000
0.950803 0.097769 -0.293963 0.000000 -0.025465 0.970348 0.240365 1.733227 0.308747 -0.221055 0.925100 -0.128626 0.000000 0.000000 0.000000 1.000000
0.950752 0.101618 -0.292821 0.000000 -0.032531 0.972227 0.231767 1.733227 0.308240 -0.210827 0.927653 -0.128626 0.000000 0.000000 0.000000 1.000000
0.950676 0.105023 -0.291866 0.000000 -0.038906 0.973879 0.223711 1.733227 0.307737 -0.201321 0.929929 -0.128626 0.000000 0.000000 0.000000 1.000000
0.950603 0.107448 -0.291220 0.000000 -0.043507 0.975038 0.217733 1.733227 0.307346 -0.194307 0.931549 -0.128626 0.000000 0.000000 0.000000 1.000000</float_array>
                    <technique_common>
                        <accessor source="#jnt_hips-Matrix-animation-output-transform-array" count="20" stride="16">
                            <param type="float4x4"/>
                        </accessor>
                    </technique_common>
                </source>
                <source id="jnt_hips-Interpolations">
                    <Name_array id="jnt_hips-Interpolations-array" count="20">
 LINEAR LINEAR LINEAR LINEAR LINEAR LINEAR LINEAR LINEAR LINEAR LINEAR LINEAR
LINEAR LINEAR LINEAR LINEAR LINEAR LINEAR LINEAR LINEAR LINEAR</Name_array>
                    <technique_common>
                        <accessor source="#jnt_hips-Interpolations-array" count="20">
                            <param type="name"/>
                        </accessor>
                    </technique_common>
                </source>
                <sampler id="jnt_hips-Matrix-animation-transform">
                    <input semantic="INPUT" source="#jnt_hips-Matrix-animation-input"/>
                    <input semantic="OUTPUT" source="#jnt_hips-Matrix-animation-output-transform"/>
                    <input semantic="INTERPOLATION" source="#jnt_hips-Interpolations"/>
                </sampler>
                <channel source="#jnt_hips-Matrix-animation-transform" target="jnt_hips/matrix"/>
            </animation>
        </animation>
        <animation id="jnt_height-anim" name="jnt_height">
            <animation>
                <source id="jnt_height-Matrix-animation-input">
                    <float_array id="jnt_height-Matrix-animation-input-array" count="20">

0.000000 0.033333 0.066667 0.100000 0.133333 0.166667 0.200000 0.233333 0.266667 0.300000 0.333333 0.366667 0.400000 0.433333 0.466667 0.500000
0.533333 0.566667 0.600000 0.633333</float_array>
                    <technique_common>
                        <accessor source="#jnt_height-Matrix-animation-input-array" count="20">
                            <param name="TIME" type="float"/>
                        </accessor>
                    </technique_common>
                </source>
                <source id="jnt_height-Matrix-animation-output-transform">
                    <float_array id="jnt_height-Matrix-animation-output-transform-array" count="320">

0.995913 0.084693 0.031372 -0.000000 -0.086393 0.994599 0.057524 -0.000000 -0.026331 -0.059999 0.997851 -0.000000 0.000000 0.000000 0.000000 1.000000
0.995920 0.084608 0.031379 0.000000 -0.086296 0.994635 0.057040 -0.000000 -0.026384 -0.059515 0.997879 -0.000000 0.000000 0.000000 0.000000 1.000000
0.995938 0.084394 0.031387 0.000000 -0.086052 0.994723 0.055869 0.000000 -0.026507 -0.058343 0.997945 -0.000000 0.000000 0.000000 0.000000 1.000000
0.995962 0.084107 0.031379 -0.000000 -0.085727 0.994830 0.054436 0.000000 -0.026639 -0.056906 0.998024 0.000000 0.000000 0.000000 0.000000 1.000000
0.995988 0.083814 0.031340 0.000000 -0.085398 0.994926 0.053183 0.000000 -0.026724 -0.055646 0.998093 -0.000000 0.000000 0.000000 0.000000 1.000000
0.996009 0.083593 0.031264 0.000000 -0.085157 0.994978 0.052591 -0.000000 -0.026710 -0.055043 0.998126 -0.000000 0.000000 0.000000 0.000000 1.000000
0.996017 0.083542 0.031149 -0.000000 -0.085116 0.994951 0.053172 0.000000 -0.026549 -0.055611 0.998100 0.000000 0.000000 0.000000 0.000000 1.000000
0.996005 0.083732 0.031018 -0.000000 -0.085348 0.994830 0.055042 -0.000000 -0.026249 -0.057470 0.998002 0.000000 0.000000 0.000000 0.000000 1.000000
0.995983 0.084008 0.030995 -0.000000 -0.085652 0.994739 0.056196 0.000000 -0.026111 -0.058625 0.997938 0.000000 0.000000 0.000000 0.000000 1.000000
0.995955 0.084307 0.031066 0.000000 -0.085963 0.994693 0.056525 -0.000000 -0.026136 -0.058967 0.997918 0.000000 0.000000 0.000000 0.000000 1.000000
0.995926 0.084603 0.031197 0.000000 -0.086262 0.994679 0.056324 -0.000000 -0.026266 -0.058786 0.997925 -0.000000 0.000000 0.000000 0.000000 1.000000
0.995895 0.084906 0.031364 -0.000000 -0.086563 0.994675 0.055932 0.000000 -0.026449 -0.058417 0.997942 0.000000 0.000000 0.000000 0.000000 1.000000
0.995859 0.085259 0.031562 0.000000 -0.086922 0.994655 0.055732 -0.000000 -0.026641 -0.058244 0.997947 -0.000000 0.000000 0.000000 0.000000 1.000000
0.995811 0.085734 0.031791 0.000000 -0.087421 0.994588 0.056140 0.000000 -0.026806 -0.058684 0.997917 0.000000 0.000000 0.000000 0.000000 1.000000
0.995777 0.086065 0.031939 0.000000 -0.087773 0.994530 0.056618 0.000000 -0.026891 -0.059182 0.997885 -0.000000 0.000000 0.000000 0.000000 1.000000
0.995783 0.086008 0.031920 -0.000000 -0.087711 0.994544 0.056459 0.000000 -0.026890 -0.059021 0.997894 0.000000 0.000000 0.000000 0.000000 1.000000
0.995818 0.085659 0.031775 0.000000 -0.087337 0.994613 0.055832 0.000000 -0.026822 -0.058374 0.997934 -0.000000 0.000000 0.000000 0.000000 1.000000
0.995871 0.085123 0.031549 -0.000000 -0.086764 0.994714 0.054920 -0.000000 -0.026707 -0.057431 0.997992 0.000000 0.000000 0.000000 0.000000 1.000000
0.995929 0.084533 0.031298 -0.000000 -0.086134 0.994822 0.053943 0.000000 -0.026575 -0.056420 0.998053 -0.000000 0.000000 0.000000 0.000000 1.000000
0.995976 0.084048 0.031091 -0.000000 -0.085618 0.994909 0.053156 0.000000 -0.026465 -0.055605 0.998102 -0.000000 0.000000 0.000000 0.000000 1.000000</float_array>
                    <technique_common>
                        <accessor source="#jnt_height-Matrix-animation-output-transform-array" count="20" stride="16">
                            <param type="float4x4"/>
                        </accessor>
                    </technique_common>
                </source>
                <source id="jnt_height-Interpolations">
                    <Name_array id="jnt_height-Interpolations-array" count="20">
 LINEAR LINEAR LINEAR LINEAR LINEAR LINEAR LINEAR LINEAR LINEAR LINEAR LINEAR
LINEAR LINEAR LINEAR LINEAR LINEAR LINEAR LINEAR LINEAR LINEAR</Name_array>
                    <technique_common>
                        <accessor source="#jnt_height-Interpolations-array" count="20">
                            <param type="name"/>
                        </accessor>
                    </technique_common>
                </source>
                <sampler id="jnt_height-Matrix-animation-transform">
                    <input semantic="INPUT" source="#jnt_height-Matrix-animation-input"/>
                    <input semantic="OUTPUT" source="#jnt_height-Matrix-animation-output-transform"/>
                    <input semantic="INTERPOLATION" source="#jnt_height-Interpolations"/>
                </sampler>
                <channel source="#jnt_height-Matrix-animation-transform" target="jnt_height/matrix"/>
            </animation>
        </animation>
        <animation id="jnt_spine1-anim" name="jnt_spine1">
            <animation>
                <source id="jnt_spine1-Matrix-animation-input">
                    <float_array id="jnt_spine1-Matrix-animation-input-array" count="20">

0.000000 0.033333 0.066667 0.100000 0.133333 0.166667 0.200000 0.233333 0.266667 0.300000 0.333333 0.366667 0.400000 0.433333 0.466667 0.500000
0.533333 0.566667 0.600000 0.633333</float_array>
                    <technique_common>
                        <accessor source="#jnt_spine1-Matrix-animation-input-array" count="20">
                            <param name="TIME" type="float"/>
                        </accessor>
                    </technique_common>
                </source>
                <source id="jnt_spine1-Matrix-animation-output-transform">
                    <float_array id="jnt_spine1-Matrix-animation-output-transform-array" count="320">

0.044161 0.021808 0.998787 -0.005844 0.998755 -0.024175 -0.043632 0.209026 0.023194 0.999470 -0.022849 0.038786 0.000000 0.000000 0.000000 1.000000
0.044254 0.021859 0.998782 -0.005844 0.998749 -0.024263 -0.043721 0.209027 0.023278 0.999467 -0.022906 0.038786 0.000000 0.000000 0.000000 1.000000
0.044473 0.021977 0.998769 -0.005844 0.998735 -0.024451 -0.043933 0.209026 0.023455 0.999460 -0.023037 0.038786 0.000000 0.000000 0.000000 1.000000
0.044735 0.022107 0.998754 -0.005844 0.998720 -0.024621 -0.044189 0.209027 0.023613 0.999453 -0.023180 0.038786 0.000000 0.000000 0.000000 1.000000
0.044958 0.022200 0.998743 -0.005844 0.998709 -0.024660 -0.044408 0.209027 0.023643 0.999450 -0.023280 0.038786 0.000000 0.000000 0.000000 1.000000
0.045066 0.022207 0.998738 -0.005844 0.998709 -0.024462 -0.044520 0.209026 0.023442 0.999455 -0.023281 0.038786 0.000000 0.000000 0.000000 1.000000
0.044985 0.022084 0.998744 -0.005844 0.998725 -0.023923 -0.044455 0.209027 0.022912 0.999470 -0.023132 0.038786 0.000000 0.000000 0.000000 1.000000
0.044699 0.021831 0.998762 -0.005844 0.998757 -0.023072 -0.044194 0.209027 0.022078 0.999496 -0.022835 0.038786 0.000000 0.000000 0.000000 1.000000
0.044517 0.021699 0.998773 -0.005844 0.998775 -0.022586 -0.044026 0.209026 0.021603 0.999510 -0.022677 0.038786 0.000000 0.000000 0.000000 1.000000
0.044451 0.021692 0.998777 -0.005844 0.998780 -0.022488 -0.043963 0.209026 0.021507 0.999512 -0.022665 0.038786 0.000000 0.000000 0.000000 1.000000
0.044457 0.021766 0.998775 -0.005844 0.998776 -0.022669 -0.043963 0.209026 0.021684 0.999506 -0.022747 0.038786 0.000000 0.000000 0.000000 1.000000
0.044493 0.021883 0.998770 -0.005844 0.998766 -0.023036 -0.043988 0.209027 0.022045 0.999495 -0.022881 0.038786 0.000000 0.000000 0.000000 1.000000
0.044521 0.022009 0.998766 -0.005844 0.998754 -0.023515 -0.044002 0.209026 0.022517 0.999482 -0.023028 0.038786 0.000000 0.000000 0.000000 1.000000
0.044511 0.022115 0.998764 -0.005844 0.998743 -0.024043 -0.043978 0.209026 0.023041 0.999467 -0.023157 0.038786 0.000000 0.000000 0.000000 1.000000
0.044501 0.022171 0.998764 -0.005844 0.998736 -0.024358 -0.043959 0.209026 0.023353 0.999458 -0.023227 0.038786 0.000000 0.000000 0.000000 1.000000
0.044541 0.022176 0.998762 -0.005844 0.998736 -0.024299 -0.044000 0.209027 0.023293 0.999459 -0.023231 0.038786 0.000000 0.000000 0.000000 1.000000
0.044610 0.022141 0.998760 -0.005844 0.998741 -0.023962 -0.044078 0.209027 0.022956 0.999468 -0.023182 0.038786 0.000000 0.000000 0.000000 1.000000
0.044689 0.022076 0.998757 -0.005844 0.998749 -0.023453 -0.044170 0.209026 0.022448 0.999481 -0.023096 0.038786 0.000000 0.000000 0.000000 1.000000
0.044759 0.021999 0.998756 -0.005844 0.998758 -0.022899 -0.044254 0.209027 0.021897 0.999496 -0.022996 0.038786 0.000000 0.000000 0.000000 1.000000
0.044806 0.021933 0.998755 -0.005844 0.998765 -0.022451 -0.044314 0.209026 0.021451 0.999508 -0.022912 0.038786 0.000000 0.000000 0.000000 1.000000</float_array>
                    <technique_common>
                        <accessor source="#jnt_spine1-Matrix-animation-output-transform-array" count="20" stride="16">
                            <param type="float4x4"/>
                        </accessor>
                    </technique_common>
                </source>
                <source id="jnt_spine1-Interpolations">
                    <Name_array id="jnt_spine1-Interpolations-array" count="20">
 LINEAR LINEAR LINEAR LINEAR LINEAR LINEAR LINEAR LINEAR LINEAR LINEAR LINEAR
LINEAR LINEAR LINEAR LINEAR LINEAR LINEAR LINEAR LINEAR LINEAR</Name_array>
                    <technique_common>
                        <accessor source="#jnt_spine1-Interpolations-array" count="20">
                            <param type="name"/>
                        </accessor>
                    </technique_common>
                </source>
                <sampler id="jnt_spine1-Matrix-animation-transform">
                    <input semantic="INPUT" source="#jnt_spine1-Matrix-animation-input"/>
                    <input semantic="OUTPUT" source="#jnt_spine1-Matrix-animation-output-transform"/>
                    <input semantic="INTERPOLATION" source="#jnt_spine1-Interpolations"/>
                </sampler>
                <channel source="#jnt_spine1-Matrix-animation-transform" target="jnt_spine1/matrix"/>
            </animation>
        </animation>
        <animation id="jnt_spine2-anim" name="jnt_spine2">
            <animation>
                <source id="jnt_spine2-Matrix-animation-input">
                    <float_array id="jnt_spine2-Matrix-animation-input-array" count="20">

0.000000 0.033333 0.066667 0.100000 0.133333 0.166667 0.200000 0.233333 0.266667 0.300000 0.333333 0.366667 0.400000 0.433333 0.466667 0.500000
0.533333 0.566667 0.600000 0.633333</float_array>
                    <technique_common>
                        <accessor source="#jnt_spine2-Matrix-animation-input-array" count="20">
                            <param name="TIME" type="float"/>
                        </accessor>
                    </technique_common>
                </source>
                <source id="jnt_spine2-Matrix-animation-output-transform">
                    <float_array id="jnt_spine2-Matrix-animation-output-transform-array" count="320">

0.974355 -0.221047 0.042089 0.354983 0.222106 0.974766 -0.022355 0.078525 -0.036085 0.031130 0.998864 0.012378 0.000000 0.000000 0.000000 1.000000
0.974492 -0.220553 0.041493 0.354983 0.221601 0.974876 -0.022574 0.078525 -0.035472 0.031193 0.998884 0.012378 0.000000 0.000000 0.000000 1.000000
0.974835 -0.219304 0.040028 0.354983 0.220324 0.975153 -0.023103 0.078525 -0.033966 0.031341 0.998931 0.012378 0.000000 0.000000 0.000000 1.000000
0.975280 -0.217649 0.038166 0.354983 0.218631 0.975518 -0.023754 0.078525 -0.032061 0.031511 0.998989 0.012378 0.000000 0.000000 0.000000 1.000000
0.975721 -0.215969 0.036403 0.354983 0.216914 0.975887 -0.024335 0.078525 -0.030269 0.031641 0.999040 0.012378 0.000000 0.000000 0.000000 1.000000
0.976042 -0.214702 0.035276 0.354984 0.215621 0.976166 -0.024649 0.078525 -0.029143 0.031665 0.999074 0.012378 0.000000 0.000000 0.000000 1.000000
0.976117 -0.214346 0.035372 0.354983 0.215263 0.976249 -0.024488 0.078525 -0.029283 0.031518 0.999074 0.012378 0.000000 0.000000 0.000000 1.000000
0.975886 -0.215131 0.036934 0.354983 0.216075 0.976087 -0.023787 0.078525 -0.030934 0.031194 0.999035 0.012378 0.000000 0.000000 0.000000 1.000000
0.975709 -0.215720 0.038181 0.354984 0.216688 0.975963 -0.023299 0.078525 -0.032237 0.031006 0.998999 0.012378 0.000000 0.000000 0.000000 1.000000
0.975617 -0.216000 0.038927 0.354984 0.216984 0.975902 -0.023083 0.078525 -0.033003 0.030966 0.998975 0.012378 0.000000 0.000000 0.000000 1.000000
0.975567 -0.216144 0.039359 0.354984 0.217140 0.975868 -0.023043 0.078525 -0.033429 0.031026 0.998959 0.012378 0.000000 0.000000 0.000000 1.000000
0.975491 -0.216419 0.039744 0.354983 0.217428 0.975803 -0.023061 0.078525 -0.033791 0.031138 0.998944 0.012378 0.000000 0.000000 0.000000 1.000000
0.975288 -0.217204 0.040438 0.354983 0.218233 0.975625 -0.022999 0.078525 -0.034457 0.031256 0.998917 0.012378 0.000000 0.000000 0.000000 1.000000
0.974838 -0.218948 0.041856 0.354984 0.220011 0.975233 -0.022701 0.078525 -0.035849 0.031338 0.998866 0.012378 0.000000 0.000000 0.000000 1.000000
0.974484 -0.220309 0.042940 0.354984 0.221398 0.974925 -0.022440 0.078525 -0.036919 0.031374 0.998826 0.012378 0.000000 0.000000 0.000000 1.000000
0.974578 -0.219956 0.042614 0.354984 0.221038 0.975005 -0.022535 0.078525 -0.036592 0.031381 0.998837 0.012378 0.000000 0.000000 0.000000 1.000000
0.975002 -0.218333 0.041251 0.354984 0.219384 0.975370 -0.022887 0.078525 -0.035238 0.031365 0.998887 0.012378 0.000000 0.000000 0.000000 1.000000
0.975620 -0.215929 0.039258 0.354983 0.216933 0.975906 -0.023389 0.078525 -0.033261 0.031335 0.998955 0.012378 0.000000 0.000000 0.000000 1.000000
0.976274 -0.213334 0.037120 0.354983 0.214288 0.976477 -0.023916 0.078525 -0.031145 0.031303 0.999025 0.012378 0.000000 0.000000 0.000000 1.000000
0.976794 -0.211236 0.035399 0.354983 0.212148 0.976934 -0.024334 0.078525 -0.029442 0.031279 0.999077 0.012378 0.000000 0.000000 0.000000 1.000000</float_array>
                    <technique_common>
                        <accessor source="#jnt_spine2-Matrix-animation-output-transform-array" count="20" stride="16">
                            <param type="float4x4"/>
                        </accessor>
                    </technique_common>
                </source>
                <source id="jnt_spine2-Interpolations">
                    <Name_array id="jnt_spine2-Interpolations-array" count="20">
 LINEAR LINEAR LINEAR LINEAR LINEAR LINEAR LINEAR LINEAR LINEAR LINEAR LINEAR
LINEAR LINEAR LINEAR LINEAR LINEAR LINEAR LINEAR LINEAR LINEAR</Name_array>
                    <technique_common>
                        <accessor source="#jnt_spine2-Interpolations-array" count="20">
                            <param type="name"/>
                        </accessor>
                    </technique_common>
                </source>
                <sampler id="jnt_spine2-Matrix-animation-transform">
                    <input semantic="INPUT" source="#jnt_spine2-Matrix-animation-input"/>
                    <input semantic="OUTPUT" source="#jnt_spine2-Matrix-animation-output-transform"/>
                    <input semantic="INTERPOLATION" source="#jnt_spine2-Interpolations"/>
                </sampler>
                <channel source="#jnt_spine2-Matrix-animation-transform" target="jnt_spine2/matrix"/>
            </animation>
        </animation>
        <animation id="jnt_spine3-anim" name="jnt_spine3">
            <animation>
                <source id="jnt_spine3-Matrix-animation-input">
                    <float_array id="jnt_spine3-Matrix-animation-input-array" count="20">

0.000000 0.033333 0.066667 0.100000 0.133333 0.166667 0.200000 0.233333 0.266667 0.300000 0.333333 0.366667 0.400000 0.433333 0.466667 0.500000
0.533333 0.566667 0.600000 0.633333</float_array>
                    <technique_common>
                        <accessor source="#jnt_spine3-Matrix-animation-input-array" count="20">
                            <param name="TIME" type="float"/>
                        </accessor>
                    </technique_common>
                </source>
                <source id="jnt_spine3-Matrix-animation-output-transform">
                    <float_array id="jnt_spine3-Matrix-animation-output-transform-array" count="320">

0.984885 -0.025729 -0.171286 0.727645 0.112135 0.848408 0.517329 0.078479 0.132010 -0.528717 0.838469 -0.093513 0.000000 0.000000 0.000000 1.000000
0.984924 -0.024065 -0.171305 0.727646 0.110748 0.848450 0.517559 0.078480 0.132888 -0.528728 0.838324 -0.093513 0.000000 0.000000 0.000000 1.000000
0.985009 -0.019946 -0.171347 0.727645 0.107315 0.848540 0.518134 0.078480 0.135060 -0.528754 0.837960 -0.093513 0.000000 0.000000 0.000000 1.000000
0.985093 -0.014670 -0.171394 0.727645 0.102917 0.848625 0.518886 0.078479 0.137837 -0.528790 0.837485 -0.093513 0.000000 0.000000 0.000000 1.000000
0.985149 -0.009615 -0.171429 0.727645 0.098705 0.848670 0.519630 0.078479 0.140491 -0.528834 0.837016 -0.093513 0.000000 0.000000 0.000000 1.000000
0.985174 -0.006309 -0.171442 0.727645 0.095954 0.848664 0.520156 0.078480 0.142215 -0.528894 0.836687 -0.093513 0.000000 0.000000 0.000000 1.000000
0.985176 -0.006449 -0.171423 0.727645 0.096075 0.848609 0.520223 0.078480 0.142117 -0.528981 0.836649 -0.093513 0.000000 0.000000 0.000000 1.000000
0.985243 -0.011279 -0.170788 0.727645 0.099837 0.848364 0.519913 0.078479 0.139026 -0.529292 0.836972 -0.093513 0.000000 0.000000 0.000000 1.000000
0.985841 -0.018448 -0.166661 0.727645 0.103908 0.847301 0.520849 0.078480 0.131603 -0.530792 0.837222 -0.093513 0.000000 0.000000 0.000000 1.000000
0.986768 -0.026667 -0.159935 0.727645 0.107595 0.845610 0.522845 0.078480 0.121300 -0.533134 0.837290 -0.093513 0.000000 0.000000 0.000000 1.000000
0.987736 -0.035105 -0.152134 0.727645 0.110898 0.843634 0.525340 0.078480 0.109904 -0.535769 0.837182 -0.093513 0.000000 0.000000 0.000000 1.000000
