<?xml version="1.0" encoding="utf-8"?>
<COLLADA xmlns="http://www.collada.org/2005/11/COLLADASchema" version="1.4.1">
    <asset>
        <contributor>
            <author></author>
            <authoring_tool>FBX COLLADA exporter</authoring_tool>
            <comments></comments>
        </contributor>
        <created>2022-10-05T20:22:33Z</created>
        <keywords></keywords>
        <modified>2022-10-05T20:22:33Z</modified>
        <revision></revision>
        <subject></subject>
        <title></title>
        <unit meter="0.010000" name="centimeter"></unit>
        <up_axis>Y_UP</up_axis>
    </asset>
    <library_animations>
        <animation id="Character-anim" name="Character">
            <animation>
                <source id="Character-Matrix-animation-input">
                    <float_array id="Character-Matrix-animation-input-array" count="20">

0.000000 0.033333 0.066667 0.100000 0.133333 0.166667 0.200000 0.233333 0.266667 0.300000 0.333333 0.366667 0.400000 0.433333 0.466667 0.500000
0.533333 0.566667 0.600000 0.633333</float_array>
                    <technique_common>
                        <accessor source="#Character-Matrix-animation-input-array" count="20">
                            <param name="TIME" type="float"/>
                        </accessor>
                    </technique_common>
                </source>
                <source id="Character-Matrix-animation-output-transform">
                    <float_array id="Character-Matrix-animation-output-transform-array" count="320">

1.000000 0.000000 0.000000 0.000000 0.000000 1.000000 -0.000000 0.000000 0.000000 0.000000 1.000000 0.000000 0.000000 0.000000 0.000000 1.000000
1.000000 0.000000 0.000000 0.000000 0.000000 1.000000 -0.000000 0.000000 0.000000 0.000000 1.000000 0.000000 0.000000 0.000000 0.000000 1.000000
1.000000 0.000000 0.000000 0.000000 0.000000 1.000000 -0.000000 0.000000 0.000000 0.000000 1.000000 0.000000 0.000000 0.000000 0.000000 1.000000
1.000000 0.000000 0.000000 0.000000 0.000000 1.000000 -0.000000 0.000000 0.000000 0.000000 1.000000 0.000000 0.000000 0.000000 0.000000 1.000000
1.000000 0.000000 0.000000 0.000000 0.000000 1.000000 -0.000000 0.000000 0.000000 0.000000 1.000000 0.000000 0.000000 0.000000 0.000000 1.000000
1.000000 0.000000 0.000000 0.000000 0.000000 1.000000 -0.000000 0.000000 0.000000 0.000000 1.000000 0.000000 0.000000 0.000000 0.000000 1.000000
1.000000 0.000000 0.000000 0.000000 0.000000 1.000000 -0.000000 0.000000 0.000000 0.000000 1.000000 0.000000 0.000000 0.000000 0.000000 1.000000
1.000000 0.000000 0.000000 0.000000 0.000000 1.000000 -0.000000 0.000000 0.000000 0.000000 1.000000 0.000000 0.000000 0.000000 0.000000 1.000000
1.000000 0.000000 0.000000 0.000000 0.000000 1.000000 -0.000000 0.000000 0.000000 0.000000 1.000000 0.000000 0.000000 0.000000 0.000000 1.000000
1.000000 0.000000 0.000000 0.000000 0.000000 1.000000 -0.000000 0.000000 0.000000 0.000000 1.000000 0.000000 0.000000 0.000000 0.000000 1.000000
1.000000 0.000000 0.000000 0.000000 0.000000 1.000000 -0.000000 0.000000 0.000000 0.000000 1.000000 0.000000 0.000000 0.000000 0.000000 1.000000
1.000000 0.000000 0.000000 0.000000 0.000000 1.000000 -0.000000 0.000000 0.000000 0.000000 1.000000 0.000000 0.000000 0.000000 0.000000 1.000000
1.000000 0.000000 0.000000 0.000000 0.000000 1.000000 -0.000000 0.000000 0.000000 0.000000 1.000000 0.000000 0.000000 0.000000 0.000000 1.000000
1.000000 0.000000 0.000000 0.000000 0.000000 1.000000 -0.000000 0.000000 0.000000 0.000000 1.000000 0.000000 0.000000 0.000000 0.000000 1.000000
1.000000 0.000000 0.000000 0.000000 0.000000 1.000000 -0.000000 0.000000 0.000000 0.000000 1.000000 0.000000 0.000000 0.000000 0.000000 1.000000
1.000000 0.000000 0.000000 0.000000 0.000000 1.000000 -0.000000 0.000000 0.000000 0.000000 1.000000 0.000000 0.000000 0.000000 0.000000 1.000000
1.000000 0.000000 0.000000 0.000000 0.000000 1.000000 -0.000000 0.000000 0.000000 0.000000 1.000000 0.000000 0.000000 0.000000 0.000000 1.000000
1.000000 0.000000 0.000000 0.000000 0.000000 1.000000 -0.000000 0.000000 0.000000 0.000000 1.000000 0.000000 0.000000 0.000000 0.000000 1.000000
1.000000 0.000000 0.000000 0.000000 0.000000 1.000000 -0.000000 0.000000 0.000000 0.000000 1.000000 0.000000 0.000000 0.000000 0.000000 1.000000
1.000000 0.000000 0.000000 0.000000 0.000000 1.000000 -0.000000 0.000000 0.000000 0.000000 1.000000 0.000000 0.000000 0.000000 0.000000 1.000000</float_array>
                    <technique_common>
                        <accessor source="#Character-Matrix-animation-output-transform-array" count="20" stride="16">
                            <param type="float4x4"/>
                        </accessor>
                    </technique_common>
                </source>
                <source id="Character-Interpolations">
                    <Name_array id="Character-Interpolations-array" count="20">
 LINEAR LINEAR LINEAR LINEAR LINEAR LINEAR LINEAR LINEAR LINEAR LINEAR LINEAR
LINEAR LINEAR LINEAR LINEAR LINEAR LINEAR LINEAR LINEAR LINEAR</Name_array>
                    <technique_common>
                        <accessor source="#Character-Interpolations-array" count="20">
                            <param type="name"/>
                        </accessor>
                    </technique_common>
                </source>
                <sampler id="Character-Matrix-animation-transform">
                    <input semantic="INPUT" source="#Character-Matrix-animation-input"/>
                    <input semantic="OUTPUT" source="#Character-Matrix-animation-output-transform"/>
                    <input semantic="INTERPOLATION" source="#Character-Interpolations"/>
                </sampler>
                <channel source="#Character-Matrix-animation-transform" target="Character/matrix"/>
            </animation>
        </animation>
        <animation id="HIK_root_jnt-anim" name="HIK_root_jnt">
            <animation>
                <source id="HIK_root_jnt-Matrix-animation-input">
                    <float_array id="HIK_root_jnt-Matrix-animation-input-array" count="20">

0.000000 0.033333 0.066667 0.100000 0.133333 0.166667 0.200000 0.233333 0.266667 0.300000 0.333333 0.366667 0.400000 0.433333 0.466667 0.500000
0.533333 0.566667 0.600000 0.633333</float_array>
                    <technique_common>
                        <accessor source="#HIK_root_jnt-Matrix-animation-input-array" count="20">
                            <param name="TIME" type="float"/>
                        </accessor>
                    </technique_common>
                </source>
                <source id="HIK_root_jnt-Matrix-animation-output-transform">
                    <float_array id="HIK_root_jnt-Matrix-animation-output-transform-array" count="320">

1.000000 0.000000 0.000000 0.000000 0.000000 1.000000 -0.000000 0.000000 0.000000 0.000000 1.000000 0.000000 0.000000 0.000000 0.000000 1.000000
1.000000 0.000000 0.000000 0.000000 0.000000 1.000000 -0.000000 0.000000 0.000000 0.000000 1.000000 0.000000 0.000000 0.000000 0.000000 1.000000
1.000000 0.000000 0.000000 0.000000 0.000000 1.000000 -0.000000 0.000000 0.000000 0.000000 1.000000 0.000000 0.000000 0.000000 0.000000 1.000000
1.000000 0.000000 0.000000 0.000000 0.000000 1.000000 -0.000000 0.000000 0.000000 0.000000 1.000000 0.000000 0.000000 0.000000 0.000000 1.000000
1.000000 0.000000 0.000000 0.000000 0.000000 1.000000 -0.000000 0.000000 0.000000 0.000000 1.000000 0.000000 0.000000 0.000000 0.000000 1.000000
1.000000 0.000000 0.000000 0.000000 0.000000 1.000000 -0.000000 0.000000 0.000000 0.000000 1.000000 0.000000 0.000000 0.000000 0.000000 1.000000
1.000000 0.000000 0.000000 0.000000 0.000000 1.000000 -0.000000 0.000000 0.000000 0.000000 1.000000 0.000000 0.000000 0.000000 0.000000 1.000000
1.000000 0.000000 0.000000 0.000000 0.000000 1.000000 -0.000000 0.000000 0.000000 0.000000 1.000000 0.000000 0.000000 0.000000 0.000000 1.000000
1.000000 0.000000 0.000000 0.000000 0.000000 1.000000 -0.000000 0.000000 0.000000 0.000000 1.000000 0.000000 0.000000 0.000000 0.000000 1.000000
1.000000 0.000000 0.000000 0.000000 0.000000 1.000000 -0.000000 0.000000 0.000000 0.000000 1.000000 0.000000 0.000000 0.000000 0.000000 1.000000
1.000000 0.000000 0.000000 0.000000 0.000000 1.000000 -0.000000 0.000000 0.000000 0.000000 1.000000 0.000000 0.000000 0.000000 0.000000 1.000000
1.000000 0.000000 0.000000 0.000000 0.000000 1.000000 -0.000000 0.000000 0.000000 0.000000 1.000000 0.000000 0.000000 0.000000 0.000000 1.000000
1.000000 0.000000 0.000000 0.000000 0.000000 1.000000 -0.000000 0.000000 0.000000 0.000000 1.000000 0.000000 0.000000 0.000000 0.000000 1.000000
1.000000 0.000000 0.000000 0.000000 0.000000 1.000000 -0.000000 0.000000 0.000000 0.000000 1.000000 0.000000 0.000000 0.000000 0.000000 1.000000
1.000000 0.000000 0.000000 0.000000 0.000000 1.000000 -0.000000 0.000000 0.000000 0.000000 1.000000 0.000000 0.000000 0.000000 0.000000 1.000000
1.000000 0.000000 0.000000 0.000000 0.000000 1.000000 -0.000000 0.000000 0.000000 0.000000 1.000000 0.000000 0.000000 0.000000 0.000000 1.000000
1.000000 0.000000 0.000000 0.000000 0.000000 1.000000 -0.000000 0.000000 0.000000 0.000000 1.000000 0.000000 0.000000 0.000000 0.000000 1.000000
1.000000 0.000000 0.000000 0.000000 0.000000 1.000000 -0.000000 0.000000 0.000000 0.000000 1.000000 0.000000 0.000000 0.000000 0.000000 1.000000
1.000000 0.000000 0.000000 0.000000 0.000000 1.000000 -0.000000 0.000000 0.000000 0.000000 1.000000 0.000000 0.000000 0.000000 0.000000 1.000000
1.000000 0.000000 0.000000 0.000000 0.000000 1.000000 -0.000000 0.000000 0.000000 0.000000 1.000000 0.000000 0.000000 0.000000 0.000000 1.000000</float_array>
                    <technique_common>
                        <accessor source="#HIK_root_jnt-Matrix-animation-output-transform-array" count="20" stride="16">
                            <param type="float4x4"/>
                        </accessor>
                    </technique_common>
                </source>
                <source id="HIK_root_jnt-Interpolations">
                    <Name_array id="HIK_root_jnt-Interpolations-array" count="20">
 LINEAR LINEAR LINEAR LINEAR LINEAR LINEAR LINEAR LINEAR LINEAR LINEAR LINEAR
LINEAR LINEAR LINEAR LINEAR LINEAR LINEAR LINEAR LINEAR LINEAR</Name_array>
                    <technique_common>
                        <accessor source="#HIK_root_jnt-Interpolations-array" count="20">
                            <param type="name"/>
                        </accessor>
                    </technique_common>
                </source>
                <sampler id="HIK_root_jnt-Matrix-animation-transform">
                    <input semantic="INPUT" source="#HIK_root_jnt-Matrix-animation-input"/>
                    <input semantic="OUTPUT" source="#HIK_root_jnt-Matrix-animation-output-transform"/>
                    <input semantic="INTERPOLATION" source="#HIK_root_jnt-Interpolations"/>
                </sampler>
                <channel source="#HIK_root_jnt-Matrix-animation-transform" target="HIK_root_jnt/matrix"/>
            </animation>
        </animation>
        <animation id="root_jnt-anim" name="root_jnt">
            <animation>
                <source id="root_jnt-Matrix-animation-input">
                    <float_array id="root_jnt-Matrix-animation-input-array" count="20">

0.000000 0.033333 0.066667 0.100000 0.133333 0.166667 0.200000 0.233333 0.266667 0.300000 0.333333 0.366667 0.400000 0.433333 0.466667 0.500000
0.533333 0.566667 0.600000 0.633333</float_array>
                    <technique_common>
                        <accessor source="#root_jnt-Matrix-animation-input-array" count="20">
                            <param name="TIME" type="float"/>
                        </accessor>
                    </technique_common>
                </source>
                <source id="root_jnt-Matrix-animation-output-transform">
                    <float_array id="root_jnt-Matrix-animation-output-transform-array" count="320">

1.000000 0.000000 0.000000 0.000000 0.000000 1.000000 -0.000000 0.000000 0.000000 0.000000 1.000000 0.000000 0.000000 0.000000 0.000000 1.000000
1.000000 0.000000 0.000000 0.000000 0.000000 1.000000 -0.000000 0.000000 0.000000 0.000000 1.000000 0.000000 0.000000 0.000000 0.000000 1.000000
1.000000 0.000000 0.000000 0.000000 0.000000 1.000000 -0.000000 0.000000 0.000000 0.000000 1.000000 0.000000 0.000000 0.000000 0.000000 1.000000
1.000000 0.000000 0.000000 0.000000 0.000000 1.000000 -0.000000 0.000000 0.000000 0.000000 1.000000 0.000000 0.000000 0.000000 0.000000 1.000000
1.000000 0.000000 0.000000 0.000000 0.000000 1.000000 -0.000000 0.000000 0.000000 0.000000 1.000000 0.000000 0.000000 0.000000 0.000000 1.000000
1.000000 0.000000 0.000000 0.000000 0.000000 1.000000 -0.000000 0.000000 0.000000 0.000000 1.000000 0.000000 0.000000 0.000000 0.000000 1.000000
1.000000 0.000000 0.000000 0.000000 0.000000 1.000000 -0.000000 0.000000 0.000000 0.000000 1.000000 0.000000 0.000000 0.000000 0.000000 1.000000
1.000000 0.000000 0.000000 0.000000 0.000000 1.000000 -0.000000 0.000000 0.000000 0.000000 1.000000 0.000000 0.000000 0.000000 0.000000 1.000000
1.000000 0.000000 0.000000 0.000000 0.000000 1.000000 -0.000000 0.000000 0.000000 0.000000 1.000000 0.000000 0.000000 0.000000 0.000000 1.000000
1.000000 0.000000 0.000000 0.000000 0.000000 1.000000 -0.000000 0.000000 0.000000 0.000000 1.000000 0.000000 0.000000 0.000000 0.000000 1.000000
1.000000 0.000000 0.000000 0.000000 0.000000 1.000000 -0.000000 0.000000 0.000000 0.000000 1.000000 0.000000 0.000000 0.000000 0.000000 1.000000
1.000000 0.000000 0.000000 0.000000 0.000000 1.000000 -0.000000 0.000000 0.000000 0.000000 1.000000 0.000000 0.000000 0.000000 0.000000 1.000000
1.000000 0.000000 0.000000 0.000000 0.000000 1.000000 -0.000000 0.000000 0.000000 0.000000 1.000000 0.000000 0.000000 0.000000 0.000000 1.000000
1.000000 0.000000 0.000000 0.000000 0.000000 1.000000 -0.000000 0.000000 0.000000 0.000000 1.000000 0.000000 0.000000 0.000000 0.000000 1.000000
1.000000 0.000000 0.000000 0.000000 0.000000 1.000000 -0.000000 0.000000 0.000000 0.000000 1.000000 0.000000 0.000000 0.000000 0.000000 1.000000
1.000000 0.000000 0.000000 0.000000 0.000000 1.000000 -0.000000 0.000000 0.000000 0.000000 1.000000 0.000000 0.000000 0.000000 0.000000 1.000000
1.000000 0.000000 0.000000 0.000000 0.000000 1.000000 -0.000000 0.000000 0.000000 0.000000 1.000000 0.000000 0.000000 0.000000 0.000000 1.000000
1.000000 0.000000 0.000000 0.000000 0.000000 1.000000 -0.000000 0.000000 0.000000 0.000000 1.000000 0.000000 0.000000 0.000000 0.000000 1.000000
1.000000 0.000000 0.000000 0.000000 0.000000 1.000000 -0.000000 0.000000 0.000000 0.000000 1.000000 0.000000 0.000000 0.000000 0.000000 1.000000
1.000000 0.000000 0.000000 0.000000 0.000000 1.000000 -0.000000 0.000000 0.000000 0.000000 1.000000 0.000000 0.000000 0.000000 0.000000 1.000000</float_array>
                    <technique_common>
                        <accessor source="#root_jnt-Matrix-animation-output-transform-array" count="20" stride="16">
                            <param type="float4x4"/>
                        </accessor>
                    </technique_common>
                </source>
                <source id="root_jnt-Interpolations">
                    <Name_array id="root_jnt-Interpolations-array" count="20">
 LINEAR LINEAR LINEAR LINEAR LINEAR LINEAR LINEAR LINEAR LINEAR LINEAR LINEAR
LINEAR LINEAR LINEAR LINEAR LINEAR LINEAR LINEAR LINEAR LINEAR</Name_array>
                    <technique_common>
                        <accessor source="#root_jnt-Interpolations-array" count="20">
                            <param type="name"/>
                        </accessor>
                    </technique_common>
                </source>
                <sampler id="root_jnt-Matrix-animation-transform">
                    <input semantic="INPUT" source="#root_jnt-Matrix-animation-input"/>
                    <input semantic="OUTPUT" source="#root_jnt-Matrix-animation-output-transform"/>
                    <input semantic="INTERPOLATION" source="#root_jnt-Interpolations"/>
                </sampler>
                <channel source="#root_jnt-Matrix-animation-transform" target="root_jnt/matrix"/>
            </animation>
        </animation>
        <animation id="jnt_hips-anim" name="jnt_hips">
            <animation>
                <source id="jnt_hips-Matrix-animation-input">
                    <float_array id="jnt_hips-Matrix-animation-input-array" count="20">

0.000000 0.033333 0.066667 0.100000 0.133333 0.166667 0.200000 0.233333 0.266667 0.300000 0.333333 0.366667 0.400000 0.433333 0.466667 0.500000
0.533333 0.566667 0.600000 0.633333</float_array>
                    <technique_common>
                        <accessor source="#jnt_hips-Matrix-animation-input-array" count="20">
                            <param name="TIME" type="float"/>
                        </accessor>
                    </technique_common>
                </source>
                <source id="jnt_hips-Matrix-animation-output-transform">
                    <float_array id="jnt_hips-Matrix-animation-output-transform-array" count="320">

0.950597 0.106551 -0.291569 0.000000 -0.044439 0.976282 0.211891 1.733227 0.307231 -0.188466 0.932786 -0.128626 0.000000 0.000000 0.000000 1.000000
0.950593 0.108358 -0.290914 0.000000 -0.063137 0.985001 0.160581 1.733227 0.303951 -0.134280 0.943177 -0.128626 0.000000 0.000000 0.000000 1.000000
0.950605 0.108113 -0.290967 0.000000 -0.098136 0.993980 0.048712 1.733227 0.294482 -0.017751 0.955492 -0.128626 0.000000 0.000000 0.000000 1.000000
0.950581 0.105398 -0.292038 0.000000 -0.124984 0.990939 -0.049187 1.733227 0.284207 0.083257 0.955141 -0.128626 0.000000 0.000000 0.000000 1.000000
0.950585 0.105493 -0.291992 0.000000 -0.138837 0.985663 -0.095878 1.733227 0.277691 0.131679 0.951603 -0.128626 0.000000 0.000000 0.000000 1.000000
0.950597 0.106551 -0.291570 0.000000 -0.143106 0.983906 -0.107005 1.733227 0.275475 0.143444 0.950546 -0.128626 0.000000 0.000000 0.000000 1.000000
0.950625 0.106559 -0.291474 0.000000 -0.142310 0.984313 -0.104284 1.733227 0.275790 0.140614 0.950877 -0.128626 0.000000 0.000000 0.000000 1.000000
0.950705 0.106569 -0.291210 0.000000 -0.140059 0.985417 -0.096629 1.733227 0.276666 0.132653 0.951766 -0.128626 0.000000 0.000000 0.000000 1.000000
0.950829 0.106552 -0.290812 0.000000 -0.136546 0.986997 -0.084814 1.733227 0.277994 0.120353 0.953014 -0.128626 0.000000 0.000000 0.000000 1.000000
0.950988 0.106470 -0.290319 0.000000 -0.131957 0.988808 -0.069616 1.733227 0.279657 0.104514 0.954394 -0.128626 0.000000 0.000000 0.000000 1.000000
0.951177 0.106290 -0.289767 0.000000 -0.126484 0.990614 -0.051822 1.733227 0.281539 0.085943 0.955693 -0.128626 0.000000 0.000000 0.000000 1.000000
0.951386 0.105985 -0.289193 0.000000 -0.120328 0.992211 -0.032223 1.733227 0.283525 0.065454 0.956728 -0.128626 0.000000 0.000000 0.000000 1.000000
0.951606 0.105546 -0.288628 0.000000 -0.113707 0.993447 -0.011606 1.733227 0.285511 0.043864 0.957371 -0.128626 0.000000 0.000000 0.000000 1.000000
0.951829 0.104976 -0.288099 0.000000 -0.106854 0.994232 0.009247 1.733227 0.287407 0.021983 0.957556 -0.128626 0.000000 0.000000 0.000000 1.000000
0.952047 0.104298 -0.287625 0.000000 -0.100019 0.994546 0.029574 1.733227 0.289141 0.000612 0.957286 -0.128626 0.000000 0.000000 0.000000 1.000000
0.952251 0.103549 -0.287221 0.000000 -0.093466 0.994434 0.048637 1.733227 0.290658 -0.019470 0.956629 -0.128626 0.000000 0.000000 0.000000 1.000000
0.952433 0.102784 -0.286892 0.000000 -0.087471 0.993996 0.065726 1.733227 0.291925 -0.037505 0.955705 -0.128626 0.000000 0.000000 0.000000 1.000000
0.952586 0.102066 -0.286641 0.000000 -0.082316 0.993377 0.080160 1.733227 0.292924 -0.052764 0.954679 -0.128626 0.000000 0.000000 0.000000 1.000000
0.952703 0.101468 -0.286464 0.000000 -0.078287 0.992743 0.091279 1.733227 0.293647 -0.064535 0.953733 -0.128626 0.000000 0.000000 0.000000 1.000000
0.952778 0.101062 -0.286359 0.000000 -0.075666 0.992263 0.098434 1.733227 0.294091 -0.072118 0.953053 -0.128626 0.000000 0.000000 0.000000 1.000000</float_array>
                    <technique_common>
                        <accessor source="#jnt_hips-Matrix-animation-output-transform-array" count="20" stride="16">
                            <param type="float4x4"/>
                        </accessor>
                    </technique_common>
                </source>
                <source id="jnt_hips-Interpolations">
                    <Name_array id="jnt_hips-Interpolations-array" count="20">
 LINEAR LINEAR LINEAR LINEAR LINEAR LINEAR LINEAR LINEAR LINEAR LINEAR LINEAR
LINEAR LINEAR LINEAR LINEAR LINEAR LINEAR LINEAR LINEAR LINEAR</Name_array>
                    <technique_common>
                        <accessor source="#jnt_hips-Interpolations-array" count="20">
                            <param type="name"/>
                        </accessor>
                    </technique_common>
                </source>
                <sampler id="jnt_hips-Matrix-animation-transform">
                    <input semantic="INPUT" source="#jnt_hips-Matrix-animation-input"/>
                    <input semantic="OUTPUT" source="#jnt_hips-Matrix-animation-output-transform"/>
                    <input semantic="INTERPOLATION" source="#jnt_hips-Interpolations"/>
                </sampler>
                <channel source="#jnt_hips-Matrix-animation-transform" target="jnt_hips/matrix"/>
            </animation>
        </animation>
        <animation id="jnt_height-anim" name="jnt_height">
            <animation>
                <source id="jnt_height-Matrix-animation-input">
                    <float_array id="jnt_height-Matrix-animation-input-array" count="20">

0.000000 0.033333 0.066667 0.100000 0.133333 0.166667 0.200000 0.233333 0.266667 0.300000 0.333333 0.366667 0.400000 0.433333 0.466667 0.500000
0.533333 0.566667 0.600000 0.633333</float_array>
                    <technique_common>
                        <accessor source="#jnt_height-Matrix-animation-input-array" count="20">
                            <param name="TIME" type="float"/>
                        </accessor>
                    </technique_common>
                </source>
                <source id="jnt_height-Matrix-animation-output-transform">
                    <float_array id="jnt_height-Matrix-animation-output-transform-array" count="320">

0.996070 0.083079 0.030687 -0.000000 -0.084524 0.995203 0.049265 -0.000000 -0.026447 -0.051665 0.998315 -0.000000 0.000000 0.000000 0.000000 1.000000
0.995955 0.084281 0.031156 0.000000 -0.085807 0.994985 0.051406 -0.000000 -0.026667 -0.053871 0.998192 -0.000000 0.000000 0.000000 0.000000 1.000000
0.995969 0.084131 0.031107 0.000000 -0.085645 0.995016 0.051073 -0.000000 -0.026655 -0.053531 0.998210 -0.000000 0.000000 0.000000 0.000000 1.000000
0.996145 0.082295 0.030369 -0.000000 -0.083690 0.995337 0.047960 -0.000000 -0.026280 -0.050317 0.998387 -0.000000 0.000000 0.000000 0.000000 1.000000
0.996139 0.082356 0.030391 -0.000000 -0.083756 0.995326 0.048081 0.000000 -0.026289 -0.050441 0.998381 -0.000000 0.000000 0.000000 0.000000 1.000000
0.996070 0.083079 0.030687 -0.000000 -0.084524 0.995203 0.049265 0.000000 -0.026446 -0.051665 0.998314 -0.000000 0.000000 0.000000 0.000000 1.000000
0.996059 0.083179 0.030785 0.000000 -0.084623 0.995208 0.048992 -0.000000 -0.026563 -0.051404 0.998325 0.000000 0.000000 0.000000 0.000000 1.000000
0.996027 0.083455 0.031061 0.000000 -0.084891 0.995223 0.048214 -0.000000 -0.026889 -0.050659 0.998354 0.000000 0.000000 0.000000 0.000000 1.000000
0.995981 0.083857 0.031477 -0.000000 -0.085280 0.995249 0.046973 0.000000 -0.027389 -0.049468 0.998400 0.000000 0.000000 0.000000 0.000000 1.000000
0.995924 0.084336 0.031998 -0.000000 -0.085738 0.995287 0.045306 0.000000 -0.028026 -0.047864 0.998461 0.000000 0.000000 0.000000 0.000000 1.000000
0.995861 0.084842 0.032586 0.000000 -0.086213 0.995337 0.043250 -0.000000 -0.028765 -0.045880 0.998533 0.000000 0.000000 0.000000 0.000000 1.000000
0.995799 0.085333 0.033208 -0.000000 -0.086662 0.995399 0.040851 0.000000 -0.029569 -0.043557 0.998613 0.000000 0.000000 0.000000 0.000000 1.000000
0.995740 0.085776 0.033831 -0.000000 -0.087050 0.995472 0.038169 -0.000000 -0.030404 -0.040951 0.998699 0.000000 0.000000 0.000000 0.000000 1.000000
0.995687 0.086149 0.034428 0.000000 -0.087357 0.995552 0.035282 -0.000000 -0.031236 -0.038137 0.998784 0.000000 0.000000 0.000000 0.000000 1.000000
0.995643 0.086440 0.034979 0.000000 -0.087573 0.995634 0.032291 0.000000 -0.032035 -0.035213 0.998866 -0.000000 0.000000 0.000000 0.000000 1.000000
0.995608 0.086648 0.035465 -0.000000 -0.087702 0.995715 0.029318 -0.000000 -0.032773 -0.032299 0.998941 0.000000 0.000000 0.000000 0.000000 1.000000
0.995581 0.086783 0.035877 -0.000000 -0.087756 0.995789 0.026506 -0.000000 -0.033425 -0.029537 0.999005 0.000000 0.000000 0.000000 0.000000 1.000000
0.995562 0.086857 0.036205 0.000000 -0.087756 0.995852 0.024018 0.000000 -0.033969 -0.027088 0.999056 0.000000 0.000000 0.000000 0.000000 1.000000
0.995551 0.086891 0.036446 0.000000 -0.087728 0.995901 0.022026 0.000000 -0.034383 -0.025126 0.999093 -0.000000 0.000000 0.000000 0.000000 1.000000
0.995544 0.086901 0.036595 0.000000 -0.087696 0.995932 0.020709 -0.000000 -0.034647 -0.023826 0.999116 -0.000000 0.000000 0.000000 0.000000 1.000000</float_array>
                    <technique_common>
                        <accessor source="#jnt_height-Matrix-animation-output-transform-array" count="20" stride="16">
                            <param type="float4x4"/>
                        </accessor>
                    </technique_common>
                </source>
                <source id="jnt_height-Interpolations">
                    <Name_array id="jnt_height-Interpolations-array" count="20">
 LINEAR LINEAR LINEAR LINEAR LINEAR LINEAR LINEAR LINEAR LINEAR LINEAR LINEAR
LINEAR LINEAR LINEAR LINEAR LINEAR LINEAR LINEAR LINEAR LINEAR</Name_array>
                    <technique_common>
                        <accessor source="#jnt_height-Interpolations-array" count="20">
                            <param type="name"/>
                        </accessor>
                    </technique_common>
                </source>
                <sampler id="jnt_height-Matrix-animation-transform">
                    <input semantic="INPUT" source="#jnt_height-Matrix-animation-input"/>
                    <input semantic="OUTPUT" source="#jnt_height-Matrix-animation-output-transform"/>
                    <input semantic="INTERPOLATION" source="#jnt_height-Interpolations"/>
                </sampler>
                <channel source="#jnt_height-Matrix-animation-transform" target="jnt_height/matrix"/>
            </animation>
        </animation>
        <animation id="jnt_spine1-anim" name="jnt_spine1">
            <animation>
                <source id="jnt_spine1-Matrix-animation-input">
                    <float_array id="jnt_spine1-Matrix-animation-input-array" count="20">

0.000000 0.033333 0.066667 0.100000 0.133333 0.166667 0.200000 0.233333 0.266667 0.300000 0.333333 0.366667 0.400000 0.433333 0.466667 0.500000
0.533333 0.566667 0.600000 0.633333</float_array>
                    <technique_common>
                        <accessor source="#jnt_spine1-Matrix-animation-input-array" count="20">
                            <param name="TIME" type="float"/>
                        </accessor>
                    </technique_common>
                </source>
                <source id="jnt_spine1-Matrix-animation-output-transform">
                    <float_array id="jnt_spine1-Matrix-animation-output-transform-array" count="320">

0.045329 0.021967 0.998731 -0.005844 0.998776 -0.020807 -0.044874 0.209026 0.019795 0.999543 -0.022883 0.038786 0.000000 0.000000 0.000000 1.000000
0.045213 0.022089 0.998734 -0.005844 0.998764 -0.021661 -0.044735 0.209026 0.020645 0.999521 -0.023041 0.038786 0.000000 0.000000 0.000000 1.000000
0.045238 0.022086 0.998732 -0.005844 0.998764 -0.021599 -0.044761 0.209026 0.020583 0.999523 -0.023035 0.038786 0.000000 0.000000 0.000000 1.000000
0.045386 0.021870 0.998731 -0.005844 0.998785 -0.020195 -0.044947 0.209026 0.019186 0.999557 -0.022760 0.038786 0.000000 0.000000 0.000000 1.000000
0.045378 0.021874 0.998731 -0.005844 0.998785 -0.020233 -0.044938 0.209026 0.019224 0.999556 -0.022766 0.038786 0.000000 0.000000 0.000000 1.000000
0.045330 0.021967 0.998731 -0.005844 0.998776 -0.020807 -0.044874 0.209027 0.019795 0.999543 -0.022883 0.038786 0.000000 0.000000 0.000000 1.000000
0.045399 0.022058 0.998725 -0.005844 0.998766 -0.021147 -0.044934 0.209026 0.020129 0.999533 -0.022991 0.038786 0.000000 0.000000 0.000000 1.000000
0.045596 0.022312 0.998711 -0.005844 0.998738 -0.022098 -0.045104 0.209027 0.021063 0.999507 -0.023292 0.038786 0.000000 0.000000 0.000000 1.000000
0.045903 0.022703 0.998688 -0.005844 0.998693 -0.023555 -0.045367 0.209027 0.022494 0.999465 -0.023754 0.038786 0.000000 0.000000 0.000000 1.000000
0.046300 0.023202 0.998659 -0.005844 0.998632 -0.025409 -0.045708 0.209027 0.024314 0.999408 -0.024346 0.038786 0.000000 0.000000 0.000000 1.000000
0.046769 0.023780 0.998623 -0.005844 0.998557 -0.027549 -0.046109 0.209026 0.026415 0.999338 -0.025034 0.038786 0.000000 0.000000 0.000000 1.000000
0.047291 0.024410 0.998583 -0.005844 0.998469 -0.029868 -0.046556 0.209027 0.028690 0.999256 -0.025785 0.038786 0.000000 0.000000 0.000000 1.000000
0.047847 0.025065 0.998541 -0.005844 0.998373 -0.032264 -0.047030 0.209026 0.031038 0.999165 -0.026568 0.038786 0.000000 0.000000 0.000000 1.000000
0.048417 0.025718 0.998497 -0.005844 0.998270 -0.034641 -0.047514 0.209026 0.033367 0.999069 -0.027350 0.038786 0.000000 0.000000 0.000000 1.000000
0.048978 0.026345 0.998453 -0.005844 0.998165 -0.036911 -0.047991 0.209027 0.035590 0.998971 -0.028105 0.038786 0.000000 0.000000 0.000000 1.000000
0.049510 0.026926 0.998411 -0.005844 0.998065 -0.038998 -0.048441 0.209026 0.037632 0.998877 -0.028804 0.038786 0.000000 0.000000 0.000000 1.000000
0.049991 0.027438 0.998373 -0.005844 0.997972 -0.040833 -0.048848 0.209027 0.039427 0.998790 -0.029424 0.038786 0.000000 0.000000 0.000000 1.000000
0.050399 0.027866 0.998341 -0.005844 0.997891 -0.042356 -0.049194 0.209026 0.040915 0.998714 -0.029942 0.038786 0.000000 0.000000 0.000000 1.000000
0.050715 0.028191 0.998316 -0.005844 0.997828 -0.043512 -0.049462 0.209026 0.042045 0.998655 -0.030337 0.038786 0.000000 0.000000 0.000000 1.000000
0.050919 0.028399 0.998300 -0.005844 0.997787 -0.044248 -0.049634 0.209026 0.042763 0.998617 -0.030589 0.038786 0.000000 0.000000 0.000000 1.000000</float_array>
                    <technique_common>
                        <accessor source="#jnt_spine1-Matrix-animation-output-transform-array" count="20" stride="16">
                            <param type="float4x4"/>
                        </accessor>
                    </technique_common>
                </source>
                <source id="jnt_spine1-Interpolations">
                    <Name_array id="jnt_spine1-Interpolations-array" count="20">
 LINEAR LINEAR LINEAR LINEAR LINEAR LINEAR LINEAR LINEAR LINEAR LINEAR LINEAR
LINEAR LINEAR LINEAR LINEAR LINEAR LINEAR LINEAR LINEAR LINEAR</Name_array>
                    <technique_common>
                        <accessor source="#jnt_spine1-Interpolations-array" count="20">
                            <param type="name"/>
                        </accessor>
                    </technique_common>
                </source>
                <sampler id="jnt_spine1-Matrix-animation-transform">
                    <input semantic="INPUT" source="#jnt_spine1-Matrix-animation-input"/>
                    <input semantic="OUTPUT" source="#jnt_spine1-Matrix-animation-output-transform"/>
                    <input semantic="INTERPOLATION" source="#jnt_spine1-Interpolations"/>
                </sampler>
                <channel source="#jnt_spine1-Matrix-animation-transform" target="jnt_spine1/matrix"/>
            </animation>
        </animation>
        <animation id="jnt_spine2-anim" name="jnt_spine2">
            <animation>
                <source id="jnt_spine2-Matrix-animation-input">
                    <float_array id="jnt_spine2-Matrix-animation-input-array" count="20">

0.000000 0.033333 0.066667 0.100000 0.133333 0.166667 0.200000 0.233333 0.266667 0.300000 0.333333 0.366667 0.400000 0.433333 0.466667 0.500000
0.533333 0.566667 0.600000 0.633333</float_array>
                    <technique_common>
                        <accessor source="#jnt_spine2-Matrix-animation-input-array" count="20">
                            <param name="TIME" type="float"/>
                        </accessor>
                    </technique_common>
                </source>
                <source id="jnt_spine2-Matrix-animation-output-transform">
                    <float_array id="jnt_spine2-Matrix-animation-output-transform-array" count="320">

0.978921 -0.202203 0.028775 0.354983 0.202955 0.978839 -0.026139 0.078525 -0.022881 0.031428 0.999244 0.012378 0.000000 0.000000 0.000000 1.000000
0.977759 -0.207119 0.033007 0.354983 0.207978 0.977811 -0.025095 0.078525 -0.027077 0.031402 0.999140 0.012378 0.000000 0.000000 0.000000 1.000000
0.977906 -0.206510 0.032445 0.354984 0.207355 0.977940 -0.025248 0.078525 -0.026516 0.031418 0.999155 0.012378 0.000000 0.000000 0.000000 1.000000
0.979652 -0.199003 0.026071 0.354983 0.199683 0.979494 -0.026775 0.078525 -0.020208 0.031436 0.999301 0.012378 0.000000 0.000000 0.000000 1.000000
0.979594 -0.199258 0.026297 0.354983 0.199944 0.979443 -0.026719 0.078525 -0.020432 0.031431 0.999297 0.012378 0.000000 0.000000 0.000000 1.000000
0.978921 -0.202203 0.028775 0.354983 0.202954 0.978839 -0.026139 0.078525 -0.022880 0.031428 0.999244 0.012378 0.000000 0.000000 0.000000 1.000000
0.978843 -0.202571 0.028846 0.354983 0.203327 0.978760 -0.026211 0.078525 -0.022924 0.031521 0.999240 0.012378 0.000000 0.000000 0.000000 1.000000
0.978628 -0.203579 0.029021 0.354983 0.204344 0.978543 -0.026418 0.078525 -0.023020 0.031784 0.999230 0.012378 0.000000 0.000000 0.000000 1.000000
0.978314 -0.205052 0.029218 0.354983 0.205832 0.978221 -0.026757 0.078525 -0.023095 0.032191 0.999215 0.012378 0.000000 0.000000 0.000000 1.000000
0.977944 -0.206799 0.029340 0.354983 0.207593 0.977836 -0.027227 0.078525 -0.023060 0.032717 0.999199 0.012378 0.000000 0.000000 0.000000 1.000000
0.977556 -0.208629 0.029297 0.354983 0.209435 0.977426 -0.027824 0.078525 -0.022830 0.033336 0.999184 0.012378 0.000000 0.000000 0.000000 1.000000
0.977190 -0.210375 0.029015 0.354983 0.211187 0.977029 -0.028542 0.078525 -0.022344 0.034019 0.999171 0.012378 0.000000 0.000000 0.000000 1.000000
0.976877 -0.211899 0.028454 0.354984 0.212711 0.976674 -0.029365 0.078525 -0.021567 0.034738 0.999164 0.012378 0.000000 0.000000 0.000000 1.000000
0.976638 -0.213108 0.027605 0.354984 0.213908 0.976385 -0.030267 0.078525 -0.020503 0.035465 0.999161 0.012378 0.000000 0.000000 0.000000 1.000000
0.976484 -0.213954 0.026502 0.354983 0.214733 0.976174 -0.031216 0.078525 -0.019192 0.036172 0.999161 0.012378 0.000000 0.000000 0.000000 1.000000
0.976412 -0.214440 0.025216 0.354983 0.215190 0.976042 -0.032166 0.078525 -0.017714 0.036834 0.999164 0.012378 0.000000 0.000000 0.000000 1.000000
0.976408 -0.214614 0.023851 0.354984 0.215328 0.975982 -0.033070 0.078525 -0.016181 0.037425 0.999168 0.012378 0.000000 0.000000 0.000000 1.000000
0.976450 -0.214562 0.022539 0.354983 0.215239 0.975973 -0.033870 0.078525 -0.014731 0.037923 0.999172 0.012378 0.000000 0.000000 0.000000 1.000000
0.976512 -0.214394 0.021427 0.354983 0.215038 0.975996 -0.034509 0.078525 -0.013514 0.038306 0.999174 0.012378 0.000000 0.000000 0.000000 1.000000
0.976565 -0.214225 0.020663 0.354983 0.214845 0.976023 -0.034931 0.078525 -0.012685 0.038552 0.999176 0.012378 0.000000 0.000000 0.000000 1.000000</float_array>
                    <technique_common>
                        <accessor source="#jnt_spine2-Matrix-animation-output-transform-array" count="20" stride="16">
                            <param type="float4x4"/>
                        </accessor>
                    </technique_common>
                </source>
                <source id="jnt_spine2-Interpolations">
                    <Name_array id="jnt_spine2-Interpolations-array" count="20">
 LINEAR LINEAR LINEAR LINEAR LINEAR LINEAR LINEAR LINEAR LINEAR LINEAR LINEAR
LINEAR LINEAR LINEAR LINEAR LINEAR LINEAR LINEAR LINEAR LINEAR</Name_array>
                    <technique_common>
                        <accessor source="#jnt_spine2-Interpolations-array" count="20">
                            <param type="name"/>
                        </accessor>
                    </technique_common>
                </source>
                <sampler id="jnt_spine2-Matrix-animation-transform">
                    <input semantic="INPUT" source="#jnt_spine2-Matrix-animation-input"/>
                    <input semantic="OUTPUT" source="#jnt_spine2-Matrix-animation-output-transform"/>
                    <input semantic="INTERPOLATION" source="#jnt_spine2-Interpolations"/>
                </sampler>
                <channel source="#jnt_spine2-Matrix-animation-transform" target="jnt_spine2/matrix"/>
            </animation>
        </animation>
        <animation id="jnt_spine3-anim" name="jnt_spine3">
            <animation>
                <source id="jnt_spine3-Matrix-animation-input">
                    <float_array id="jnt_spine3-Matrix-animation-input-array" count="20">

0.000000 0.033333 0.066667 0.100000 0.133333 0.166667 0.200000 0.233333 0.266667 0.300000 0.333333 0.366667 0.400000 0.433333 0.466667 0.500000
0.533333 0.566667 0.600000 0.633333</float_array>
                    <technique_common>
                        <accessor source="#jnt_spine3-Matrix-animation-input-array" count="20">
                            <param name="TIME" type="float"/>
                        </accessor>
                    </technique_common>
                </source>
                <source id="jnt_spine3-Matrix-animation-output-transform">
                    <float_array id="jnt_spine3-Matrix-animation-output-transform-array" count="320">

0.992854 -0.042485 -0.111511 0.727645 0.096709 0.833922 0.543343 0.078479 0.069908 -0.550245 0.832072 -0.093513 0.000000 0.000000 0.000000 1.000000
0.992231 -0.055350 -0.111416 0.727645 0.107350 0.833544 0.541923 0.078480 0.062875 -0.549674 0.833010 -0.093513 0.000000 0.000000 0.000000 1.000000
0.992322 -0.053661 -0.111431 0.727645 0.105953 0.833607 0.542101 0.078480 0.063800 -0.549745 0.832892 -0.093513 0.000000 0.000000 0.000000 1.000000
0.993169 -0.034215 -0.111559 0.727645 0.089870 0.834083 0.544269 0.078479 0.074427 -0.550577 0.831460 -0.093513 0.000000 0.000000 0.000000 1.000000
0.993145 -0.034899 -0.111555 0.727645 0.090435 0.834070 0.544195 0.078480 0.074053 -0.550553 0.831509 -0.093513 0.000000 0.000000 0.000000 1.000000
0.992855 -0.042484 -0.111511 0.727645 0.096708 0.833921 0.543344 0.078480 0.069908 -0.550245 0.832072 -0.093513 0.000000 0.000000 0.000000 1.000000
0.992839 -0.042842 -0.111517 0.727645 0.097004 0.833951 0.543246 0.078480 0.069726 -0.550173 0.832134 -0.093513 0.000000 0.000000 0.000000 1.000000
0.992797 -0.043770 -0.111534 0.727645 0.097771 0.834034 0.542980 0.078480 0.069257 -0.549973 0.832306 -0.093513 0.000000 0.000000 0.000000 1.000000
0.992739 -0.044979 -0.111561 0.727645 0.098770 0.834168 0.542593 0.078480 0.068655 -0.549672 0.832554 -0.093513 0.000000 0.000000 0.000000 1.000000
0.992683 -0.046132 -0.111598 0.727646 0.099721 0.834350 0.542139 0.078479 0.068102 -0.549301 0.832845 -0.093513 0.000000 0.000000 0.000000 1.000000
0.992641 -0.046904 -0.111645 0.727645 0.100358 0.834578 0.541671 0.078480 0.067770 -0.548889 0.833144 -0.093513 0.000000 0.000000 0.000000 1.000000
