<?xml version="1.0" encoding="utf-8"?>
<COLLADA xmlns="http://www.collada.org/2005/11/COLLADASchema" version="1.4.1">
    <asset>
        <contributor>
            <author></author>
            <authoring_tool>FBX COLLADA exporter</authoring_tool>
            <comments></comments>
        </contributor>
        <created>2022-09-21T18:24:42Z</created>
        <keywords></keywords>
        <modified>2022-09-21T18:24:42Z</modified>
        <revision></revision>
        <subject></subject>
        <title></title>
        <unit meter="0.010000" name="centimeter"></unit>
        <up_axis>Y_UP</up_axis>
    </asset>
    <library_animations>
        <animation id="Character-anim" name="Character">
            <animation>
                <source id="Character-Matrix-animation-input">
                    <float_array id="Character-Matrix-animation-input-array" count="18">

0.000000 0.033333 0.066667 0.100000 0.133333 0.166667 0.200000 0.233333 0.266667 0.300000 0.333333 0.366667 0.400000 0.433333 0.466667 0.500000
0.533333 0.566667</float_array>
                    <technique_common>
                        <accessor source="#Character-Matrix-animation-input-array" count="18">
                            <param name="TIME" type="float"/>
                        </accessor>
                    </technique_common>
                </source>
                <source id="Character-Matrix-animation-output-transform">
                    <float_array id="Character-Matrix-animation-output-transform-array" count="288">

1.000000 0.000000 0.000000 0.000000 0.000000 1.000000 -0.000000 0.000000 0.000000 0.000000 1.000000 0.000000 0.000000 0.000000 0.000000 1.000000
1.000000 0.000000 0.000000 0.000000 0.000000 1.000000 -0.000000 0.000000 0.000000 0.000000 1.000000 0.000000 0.000000 0.000000 0.000000 1.000000
1.000000 0.000000 0.000000 0.000000 0.000000 1.000000 -0.000000 0.000000 0.000000 0.000000 1.000000 0.000000 0.000000 0.000000 0.000000 1.000000
1.000000 0.000000 0.000000 0.000000 0.000000 1.000000 -0.000000 0.000000 0.000000 0.000000 1.000000 0.000000 0.000000 0.000000 0.000000 1.000000
1.000000 0.000000 0.000000 0.000000 0.000000 1.000000 -0.000000 0.000000 0.000000 0.000000 1.000000 0.000000 0.000000 0.000000 0.000000 1.000000
1.000000 0.000000 0.000000 0.000000 0.000000 1.000000 -0.000000 0.000000 0.000000 0.000000 1.000000 0.000000 0.000000 0.000000 0.000000 1.000000
1.000000 0.000000 0.000000 0.000000 0.000000 1.000000 -0.000000 0.000000 0.000000 0.000000 1.000000 0.000000 0.000000 0.000000 0.000000 1.000000
1.000000 0.000000 0.000000 0.000000 0.000000 1.000000 -0.000000 0.000000 0.000000 0.000000 1.000000 0.000000 0.000000 0.000000 0.000000 1.000000
1.000000 0.000000 0.000000 0.000000 0.000000 1.000000 -0.000000 0.000000 0.000000 0.000000 1.000000 0.000000 0.000000 0.000000 0.000000 1.000000
1.000000 0.000000 0.000000 0.000000 0.000000 1.000000 -0.000000 0.000000 0.000000 0.000000 1.000000 0.000000 0.000000 0.000000 0.000000 1.000000
1.000000 0.000000 0.000000 0.000000 0.000000 1.000000 -0.000000 0.000000 0.000000 0.000000 1.000000 0.000000 0.000000 0.000000 0.000000 1.000000
1.000000 0.000000 0.000000 0.000000 0.000000 1.000000 -0.000000 0.000000 0.000000 0.000000 1.000000 0.000000 0.000000 0.000000 0.000000 1.000000
1.000000 0.000000 0.000000 0.000000 0.000000 1.000000 -0.000000 0.000000 0.000000 0.000000 1.000000 0.000000 0.000000 0.000000 0.000000 1.000000
1.000000 0.000000 0.000000 0.000000 0.000000 1.000000 -0.000000 0.000000 0.000000 0.000000 1.000000 0.000000 0.000000 0.000000 0.000000 1.000000
1.000000 0.000000 0.000000 0.000000 0.000000 1.000000 -0.000000 0.000000 0.000000 0.000000 1.000000 0.000000 0.000000 0.000000 0.000000 1.000000
1.000000 0.000000 0.000000 0.000000 0.000000 1.000000 -0.000000 0.000000 0.000000 0.000000 1.000000 0.000000 0.000000 0.000000 0.000000 1.000000
1.000000 0.000000 0.000000 0.000000 0.000000 1.000000 -0.000000 0.000000 0.000000 0.000000 1.000000 0.000000 0.000000 0.000000 0.000000 1.000000
1.000000 0.000000 0.000000 0.000000 0.000000 1.000000 -0.000000 0.000000 0.000000 0.000000 1.000000 0.000000 0.000000 0.000000 0.000000 1.000000</float_array>
                    <technique_common>
                        <accessor source="#Character-Matrix-animation-output-transform-array" count="18" stride="16">
                            <param type="float4x4"/>
                        </accessor>
                    </technique_common>
                </source>
                <source id="Character-Interpolations">
                    <Name_array id="Character-Interpolations-array" count="18">
 LINEAR LINEAR LINEAR LINEAR LINEAR LINEAR LINEAR LINEAR LINEAR LINEAR LINEAR
LINEAR LINEAR LINEAR LINEAR LINEAR LINEAR LINEAR</Name_array>
                    <technique_common>
                        <accessor source="#Character-Interpolations-array" count="18">
                            <param type="name"/>
                        </accessor>
                    </technique_common>
                </source>
                <sampler id="Character-Matrix-animation-transform">
                    <input semantic="INPUT" source="#Character-Matrix-animation-input"/>
                    <input semantic="OUTPUT" source="#Character-Matrix-animation-output-transform"/>
                    <input semantic="INTERPOLATION" source="#Character-Interpolations"/>
                </sampler>
                <channel source="#Character-Matrix-animation-transform" target="Character/matrix"/>
            </animation>
        </animation>
        <animation id="HIK_root_jnt-anim" name="HIK_root_jnt">
            <animation>
                <source id="HIK_root_jnt-Matrix-animation-input">
                    <float_array id="HIK_root_jnt-Matrix-animation-input-array" count="18">

0.000000 0.033333 0.066667 0.100000 0.133333 0.166667 0.200000 0.233333 0.266667 0.300000 0.333333 0.366667 0.400000 0.433333 0.466667 0.500000
0.533333 0.566667</float_array>
                    <technique_common>
                        <accessor source="#HIK_root_jnt-Matrix-animation-input-array" count="18">
                            <param name="TIME" type="float"/>
                        </accessor>
                    </technique_common>
                </source>
                <source id="HIK_root_jnt-Matrix-animation-output-transform">
                    <float_array id="HIK_root_jnt-Matrix-animation-output-transform-array" count="288">

1.000000 0.000000 0.000000 0.000000 0.000000 1.000000 -0.000000 0.000000 0.000000 0.000000 1.000000 0.000000 0.000000 0.000000 0.000000 1.000000
1.000000 0.000000 0.000000 0.000000 0.000000 1.000000 -0.000000 0.000000 0.000000 0.000000 1.000000 0.000000 0.000000 0.000000 0.000000 1.000000
1.000000 0.000000 0.000000 0.000000 0.000000 1.000000 -0.000000 0.000000 0.000000 0.000000 1.000000 0.000000 0.000000 0.000000 0.000000 1.000000
1.000000 0.000000 0.000000 0.000000 0.000000 1.000000 -0.000000 0.000000 0.000000 0.000000 1.000000 0.000000 0.000000 0.000000 0.000000 1.000000
1.000000 0.000000 0.000000 0.000000 0.000000 1.000000 -0.000000 0.000000 0.000000 0.000000 1.000000 0.000000 0.000000 0.000000 0.000000 1.000000
1.000000 0.000000 0.000000 0.000000 0.000000 1.000000 -0.000000 0.000000 0.000000 0.000000 1.000000 0.000000 0.000000 0.000000 0.000000 1.000000
1.000000 0.000000 0.000000 0.000000 0.000000 1.000000 -0.000000 0.000000 0.000000 0.000000 1.000000 0.000000 0.000000 0.000000 0.000000 1.000000
1.000000 0.000000 0.000000 0.000000 0.000000 1.000000 -0.000000 0.000000 0.000000 0.000000 1.000000 0.000000 0.000000 0.000000 0.000000 1.000000
1.000000 0.000000 0.000000 0.000000 0.000000 1.000000 -0.000000 0.000000 0.000000 0.000000 1.000000 0.000000 0.000000 0.000000 0.000000 1.000000
1.000000 0.000000 0.000000 0.000000 0.000000 1.000000 -0.000000 0.000000 0.000000 0.000000 1.000000 0.000000 0.000000 0.000000 0.000000 1.000000
1.000000 0.000000 0.000000 0.000000 0.000000 1.000000 -0.000000 0.000000 0.000000 0.000000 1.000000 0.000000 0.000000 0.000000 0.000000 1.000000
1.000000 0.000000 0.000000 0.000000 0.000000 1.000000 -0.000000 0.000000 0.000000 0.000000 1.000000 0.000000 0.000000 0.000000 0.000000 1.000000
1.000000 0.000000 0.000000 0.000000 0.000000 1.000000 -0.000000 0.000000 0.000000 0.000000 1.000000 0.000000 0.000000 0.000000 0.000000 1.000000
1.000000 0.000000 0.000000 0.000000 0.000000 1.000000 -0.000000 0.000000 0.000000 0.000000 1.000000 0.000000 0.000000 0.000000 0.000000 1.000000
1.000000 0.000000 0.000000 0.000000 0.000000 1.000000 -0.000000 0.000000 0.000000 0.000000 1.000000 0.000000 0.000000 0.000000 0.000000 1.000000
1.000000 0.000000 0.000000 0.000000 0.000000 1.000000 -0.000000 0.000000 0.000000 0.000000 1.000000 0.000000 0.000000 0.000000 0.000000 1.000000
1.000000 0.000000 0.000000 0.000000 0.000000 1.000000 -0.000000 0.000000 0.000000 0.000000 1.000000 0.000000 0.000000 0.000000 0.000000 1.000000
1.000000 0.000000 0.000000 0.000000 0.000000 1.000000 -0.000000 0.000000 0.000000 0.000000 1.000000 0.000000 0.000000 0.000000 0.000000 1.000000</float_array>
                    <technique_common>
                        <accessor source="#HIK_root_jnt-Matrix-animation-output-transform-array" count="18" stride="16">
                            <param type="float4x4"/>
                        </accessor>
                    </technique_common>
                </source>
                <source id="HIK_root_jnt-Interpolations">
                    <Name_array id="HIK_root_jnt-Interpolations-array" count="18">
 LINEAR LINEAR LINEAR LINEAR LINEAR LINEAR LINEAR LINEAR LINEAR LINEAR LINEAR
LINEAR LINEAR LINEAR LINEAR LINEAR LINEAR LINEAR</Name_array>
                    <technique_common>
                        <accessor source="#HIK_root_jnt-Interpolations-array" count="18">
                            <param type="name"/>
                        </accessor>
                    </technique_common>
                </source>
                <sampler id="HIK_root_jnt-Matrix-animation-transform">
                    <input semantic="INPUT" source="#HIK_root_jnt-Matrix-animation-input"/>
                    <input semantic="OUTPUT" source="#HIK_root_jnt-Matrix-animation-output-transform"/>
                    <input semantic="INTERPOLATION" source="#HIK_root_jnt-Interpolations"/>
                </sampler>
                <channel source="#HIK_root_jnt-Matrix-animation-transform" target="HIK_root_jnt/matrix"/>
            </animation>
        </animation>
        <animation id="root_jnt-anim" name="root_jnt">
            <animation>
                <source id="root_jnt-Matrix-animation-input">
                    <float_array id="root_jnt-Matrix-animation-input-array" count="18">

0.000000 0.033333 0.066667 0.100000 0.133333 0.166667 0.200000 0.233333 0.266667 0.300000 0.333333 0.366667 0.400000 0.433333 0.466667 0.500000
0.533333 0.566667</float_array>
                    <technique_common>
                        <accessor source="#root_jnt-Matrix-animation-input-array" count="18">
                            <param name="TIME" type="float"/>
                        </accessor>
                    </technique_common>
                </source>
                <source id="root_jnt-Matrix-animation-output-transform">
                    <float_array id="root_jnt-Matrix-animation-output-transform-array" count="288">

1.000000 0.000000 0.000000 0.000000 0.000000 1.000000 -0.000000 0.000000 0.000000 0.000000 1.000000 0.000000 0.000000 0.000000 0.000000 1.000000
1.000000 0.000000 0.000000 0.000000 0.000000 1.000000 -0.000000 0.000000 0.000000 0.000000 1.000000 0.000000 0.000000 0.000000 0.000000 1.000000
1.000000 0.000000 0.000000 0.000000 0.000000 1.000000 -0.000000 0.000000 0.000000 0.000000 1.000000 0.000000 0.000000 0.000000 0.000000 1.000000
1.000000 0.000000 0.000000 0.000000 0.000000 1.000000 -0.000000 0.000000 0.000000 0.000000 1.000000 0.000000 0.000000 0.000000 0.000000 1.000000
1.000000 0.000000 0.000000 0.000000 0.000000 1.000000 -0.000000 0.000000 0.000000 0.000000 1.000000 0.000000 0.000000 0.000000 0.000000 1.000000
1.000000 0.000000 0.000000 0.000000 0.000000 1.000000 -0.000000 0.000000 0.000000 0.000000 1.000000 0.000000 0.000000 0.000000 0.000000 1.000000
1.000000 0.000000 0.000000 0.000000 0.000000 1.000000 -0.000000 0.000000 0.000000 0.000000 1.000000 0.000000 0.000000 0.000000 0.000000 1.000000
1.000000 0.000000 0.000000 0.000000 0.000000 1.000000 -0.000000 0.000000 0.000000 0.000000 1.000000 0.000000 0.000000 0.000000 0.000000 1.000000
1.000000 0.000000 0.000000 0.000000 0.000000 1.000000 -0.000000 0.000000 0.000000 0.000000 1.000000 0.000000 0.000000 0.000000 0.000000 1.000000
1.000000 0.000000 0.000000 0.000000 0.000000 1.000000 -0.000000 0.000000 0.000000 0.000000 1.000000 0.000000 0.000000 0.000000 0.000000 1.000000
1.000000 0.000000 0.000000 0.000000 0.000000 1.000000 -0.000000 0.000000 0.000000 0.000000 1.000000 0.000000 0.000000 0.000000 0.000000 1.000000
1.000000 0.000000 0.000000 0.000000 0.000000 1.000000 -0.000000 0.000000 0.000000 0.000000 1.000000 0.000000 0.000000 0.000000 0.000000 1.000000
1.000000 0.000000 0.000000 0.000000 0.000000 1.000000 -0.000000 0.000000 0.000000 0.000000 1.000000 0.000000 0.000000 0.000000 0.000000 1.000000
1.000000 0.000000 0.000000 0.000000 0.000000 1.000000 -0.000000 0.000000 0.000000 0.000000 1.000000 0.000000 0.000000 0.000000 0.000000 1.000000
1.000000 0.000000 0.000000 0.000000 0.000000 1.000000 -0.000000 0.000000 0.000000 0.000000 1.000000 0.000000 0.000000 0.000000 0.000000 1.000000
1.000000 0.000000 0.000000 0.000000 0.000000 1.000000 -0.000000 0.000000 0.000000 0.000000 1.000000 0.000000 0.000000 0.000000 0.000000 1.000000
1.000000 0.000000 0.000000 0.000000 0.000000 1.000000 -0.000000 0.000000 0.000000 0.000000 1.000000 0.000000 0.000000 0.000000 0.000000 1.000000
1.000000 0.000000 0.000000 0.000000 0.000000 1.000000 -0.000000 0.000000 0.000000 0.000000 1.000000 0.000000 0.000000 0.000000 0.000000 1.000000</float_array>
                    <technique_common>
                        <accessor source="#root_jnt-Matrix-animation-output-transform-array" count="18" stride="16">
                            <param type="float4x4"/>
                        </accessor>
                    </technique_common>
                </source>
                <source id="root_jnt-Interpolations">
                    <Name_array id="root_jnt-Interpolations-array" count="18">
 LINEAR LINEAR LINEAR LINEAR LINEAR LINEAR LINEAR LINEAR LINEAR LINEAR LINEAR
LINEAR LINEAR LINEAR LINEAR LINEAR LINEAR LINEAR</Name_array>
                    <technique_common>
                        <accessor source="#root_jnt-Interpolations-array" count="18">
                            <param type="name"/>
                        </accessor>
                    </technique_common>
                </source>
                <sampler id="root_jnt-Matrix-animation-transform">
                    <input semantic="INPUT" source="#root_jnt-Matrix-animation-input"/>
                    <input semantic="OUTPUT" source="#root_jnt-Matrix-animation-output-transform"/>
                    <input semantic="INTERPOLATION" source="#root_jnt-Interpolations"/>
                </sampler>
                <channel source="#root_jnt-Matrix-animation-transform" target="root_jnt/matrix"/>
            </animation>
        </animation>
        <animation id="jnt_hips-anim" name="jnt_hips">
            <animation>
                <source id="jnt_hips-Matrix-animation-input">
                    <float_array id="jnt_hips-Matrix-animation-input-array" count="18">

0.000000 0.033333 0.066667 0.100000 0.133333 0.166667 0.200000 0.233333 0.266667 0.300000 0.333333 0.366667 0.400000 0.433333 0.466667 0.500000
0.533333 0.566667</float_array>
                    <technique_common>
                        <accessor source="#jnt_hips-Matrix-animation-input-array" count="18">
                            <param name="TIME" type="float"/>
                        </accessor>
                    </technique_common>
                </source>
                <source id="jnt_hips-Matrix-animation-output-transform">
                    <float_array id="jnt_hips-Matrix-animation-output-transform-array" count="288">

0.952804 0.100914 -0.286323 -0.000000 -0.074732 0.992079 0.100969 1.733227 0.294244 -0.074806 0.952798 -0.128626 0.000000 0.000000 0.000000 1.000000
0.957566 0.103794 -0.268877 -0.000000 -0.084758 0.993063 0.081498 1.570212 0.275471 -0.055251 0.959720 -0.128626 0.000000 0.000000 0.000000 1.000000
0.970056 0.095594 -0.223279 -0.000000 -0.082866 0.994392 0.065715 1.533073 0.228309 -0.045245 0.972537 -0.128794 0.000000 0.000000 0.000000 1.000000
0.985486 0.080551 -0.149432 -0.000000 -0.072836 0.995747 0.056413 1.663719 0.153340 -0.044710 0.987161 -0.130098 0.000000 0.000000 0.000000 1.000000
0.996627 0.063507 -0.051974 -0.000000 -0.060966 0.996931 0.049104 1.851723 0.054933 -0.045769 0.997441 -0.132609 0.000000 0.000000 0.000000 1.000000
0.997032 0.047212 0.060804 -0.000000 -0.049855 0.997843 0.042712 2.020608 -0.058656 -0.045617 0.997235 -0.136227 0.000000 0.000000 0.000000 1.000000
0.983268 0.034550 0.178861 0.000000 -0.041613 0.998489 0.035884 2.093898 -0.177351 -0.042726 0.983220 -0.140852 0.000000 0.000000 0.000000 1.000000
0.959431 0.038186 0.279347 0.000000 -0.044405 0.998886 0.015967 2.034495 -0.278426 -0.027724 0.960057 -0.146248 0.000000 0.000000 0.000000 1.000000
0.953764 0.061731 0.294148 0.000000 -0.057411 0.998078 -0.023305 1.897609 -0.295022 0.005340 0.955476 -0.151644 0.000000 0.000000 0.000000 1.000000
0.959315 0.084524 0.269387 0.000000 -0.069189 0.995422 -0.065941 1.745227 -0.273728 0.044619 0.960772 -0.156135 0.000000 0.000000 0.000000 1.000000
0.968692 0.099790 0.227328 0.000000 -0.079811 0.992228 -0.095465 1.639334 -0.235088 0.074333 0.969128 -0.158814 0.000000 0.000000 0.000000 1.000000
0.978619 0.105020 0.176852 -0.000000 -0.088692 0.991241 -0.097848 1.643513 -0.185579 0.080070 0.979362 -0.158766 0.000000 0.000000 0.000000 1.000000
0.987413 0.101571 0.121239 -0.000000 -0.092241 0.992498 -0.080242 1.776818 -0.128480 0.068048 0.989375 -0.155751 0.000000 0.000000 0.000000 1.000000
0.993827 0.094306 0.058433 -0.000000 -0.091463 0.994574 -0.049567 1.968647 -0.062790 0.043917 0.997060 -0.150698 0.000000 0.000000 0.000000 1.000000
0.995997 0.088382 -0.013355 -0.000000 -0.088527 0.996017 -0.010638 2.140968 0.012362 0.011777 0.999854 -0.144626 0.000000 0.000000 0.000000 1.000000
0.991506 0.089149 -0.094703 0.000000 -0.086397 0.995721 0.032773 2.215748 0.097219 -0.024313 0.994966 -0.138555 0.000000 0.000000 0.000000 1.000000
0.978571 0.094755 -0.182814 0.000000 -0.083083 0.994046 0.070499 2.090650 0.188406 -0.053800 0.980617 -0.133434 0.000000 0.000000 0.000000 1.000000
0.961594 0.099191 -0.255925 0.000000 -0.077536 0.992606 0.093386 1.858325 0.263296 -0.069957 0.962175 -0.129927 0.000000 0.000000 0.000000 1.000000</float_array>
                    <technique_common>
                        <accessor source="#jnt_hips-Matrix-animation-output-transform-array" count="18" stride="16">
                            <param type="float4x4"/>
                        </accessor>
                    </technique_common>
                </source>
                <source id="jnt_hips-Interpolations">
                    <Name_array id="jnt_hips-Interpolations-array" count="18">
 LINEAR LINEAR LINEAR LINEAR LINEAR LINEAR LINEAR LINEAR LINEAR LINEAR LINEAR
LINEAR LINEAR LINEAR LINEAR LINEAR LINEAR LINEAR</Name_array>
                    <technique_common>
                        <accessor source="#jnt_hips-Interpolations-array" count="18">
                            <param type="name"/>
                        </accessor>
                    </technique_common>
                </source>
                <sampler id="jnt_hips-Matrix-animation-transform">
                    <input semantic="INPUT" source="#jnt_hips-Matrix-animation-input"/>
                    <input semantic="OUTPUT" source="#jnt_hips-Matrix-animation-output-transform"/>
                    <input semantic="INTERPOLATION" source="#jnt_hips-Interpolations"/>
                </sampler>
                <channel source="#jnt_hips-Matrix-animation-transform" target="jnt_hips/matrix"/>
            </animation>
        </animation>
        <animation id="jnt_height-anim" name="jnt_height">
            <animation>
                <source id="jnt_height-Matrix-animation-input">
                    <float_array id="jnt_height-Matrix-animation-input-array" count="18">

0.000000 0.033333 0.066667 0.100000 0.133333 0.166667 0.200000 0.233333 0.266667 0.300000 0.333333 0.366667 0.400000 0.433333 0.466667 0.500000
0.533333 0.566667</float_array>
                    <technique_common>
                        <accessor source="#jnt_height-Matrix-animation-input-array" count="18">
                            <param name="TIME" type="float"/>
                        </accessor>
                    </technique_common>
                </source>
                <source id="jnt_height-Matrix-animation-output-transform">
                    <float_array id="jnt_height-Matrix-animation-output-transform-array" count="288">

0.995543 0.086903 0.036647 0.000000 -0.087682 0.995943 0.020236 0.000000 -0.034740 -0.023359 0.999123 0.000000 0.000000 0.000000 0.000000 1.000000
0.994935 0.092589 0.039148 0.000000 -0.093656 0.995255 0.026365 -0.000000 -0.036521 -0.029898 0.998886 -0.000000 0.000000 0.000000 0.000000 1.000000
0.995384 0.088419 0.037319 0.000000 -0.089190 0.995823 0.019519 0.000000 -0.035437 -0.022757 0.999113 -0.000000 0.000000 0.000000 0.000000 1.000000
0.996589 0.076221 0.031640 0.000000 -0.076569 0.997015 0.009921 0.000000 -0.030790 -0.012310 0.999450 -0.000000 0.000000 0.000000 0.000000 1.000000
0.997906 0.059889 0.024442 0.000000 -0.059964 0.998198 0.002363 0.000000 -0.024257 -0.003824 0.999699 -0.000000 0.000000 0.000000 0.000000 1.000000
0.999024 0.040895 0.016704 0.000000 -0.040840 0.999159 -0.003644 -0.000001 -0.016839 0.002958 0.999854 0.000000 0.000000 0.000000 0.000000 1.000000
0.999749 0.020441 0.009171 -0.000000 -0.020362 0.999755 -0.008643 0.000000 -0.009345 0.008454 0.999921 0.000000 0.000000 0.000000 0.000000 1.000000
0.999946 0.009241 0.004735 0.000000 -0.009206 0.999930 -0.007462 0.000000 -0.004804 0.007418 0.999961 -0.000000 0.000000 0.000000 0.000000 1.000000
0.999881 0.014302 0.005744 0.000000 -0.014285 0.999893 -0.003012 -0.000000 -0.005787 0.002929 0.999979 -0.000000 0.000000 0.000000 0.000000 1.000000
0.999714 0.022590 0.007849 0.000000 -0.022603 0.999743 0.001607 -0.000000 -0.007810 -0.001784 0.999968 0.000000 0.000000 0.000000 0.000000 1.000000
0.999473 0.030780 0.010318 0.000000 -0.030824 0.999516 0.004107 0.000000 -0.010187 -0.004423 0.999938 0.000000 0.000000 0.000000 0.000000 1.000000
0.999177 0.038368 0.013184 -0.000000 -0.038421 0.999254 0.003759 0.000000 -0.013029 -0.004263 0.999906 0.000000 0.000000 0.000000 0.000000 1.000000
0.998723 0.047777 0.016407 -0.000000 -0.047896 0.998828 0.006965 0.000000 -0.016055 -0.007742 0.999841 -0.000000 0.000000 0.000000 0.000000 1.000000
0.998104 0.058196 0.020054 -0.000000 -0.058466 0.998203 0.013163 0.000000 -0.019252 -0.014311 0.999712 -0.000000 0.000000 0.000000 0.000000 1.000000
0.997349 0.068617 0.024217 0.000000 -0.069121 0.997395 0.020626 -0.000000 -0.022739 -0.022245 0.999494 -0.000000 0.000000 0.000000 0.000000 1.000000
0.996475 0.078689 0.029092 0.000000 -0.079515 0.996428 0.028419 -0.000000 -0.026752 -0.030632 0.999173 0.000000 0.000000 0.000000 0.000000 1.000000
0.995838 0.084820 0.033348 0.000000 -0.085827 0.995859 0.029989 -0.000000 -0.030667 -0.032726 0.998994 0.000000 0.000000 0.000000 0.000000 1.000000
0.995596 0.086631 0.035815 -0.000000 -0.087529 0.995866 0.024299 -0.000000 -0.033562 -0.027327 0.999063 0.000000 0.000000 0.000000 0.000000 1.000000</float_array>
                    <technique_common>
                        <accessor source="#jnt_height-Matrix-animation-output-transform-array" count="18" stride="16">
                            <param type="float4x4"/>
                        </accessor>
                    </technique_common>
                </source>
                <source id="jnt_height-Interpolations">
                    <Name_array id="jnt_height-Interpolations-array" count="18">
 LINEAR LINEAR LINEAR LINEAR LINEAR LINEAR LINEAR LINEAR LINEAR LINEAR LINEAR
LINEAR LINEAR LINEAR LINEAR LINEAR LINEAR LINEAR</Name_array>
                    <technique_common>
                        <accessor source="#jnt_height-Interpolations-array" count="18">
                            <param type="name"/>
                        </accessor>
                    </technique_common>
                </source>
                <sampler id="jnt_height-Matrix-animation-transform">
                    <input semantic="INPUT" source="#jnt_height-Matrix-animation-input"/>
                    <input semantic="OUTPUT" source="#jnt_height-Matrix-animation-output-transform"/>
                    <input semantic="INTERPOLATION" source="#jnt_height-Interpolations"/>
                </sampler>
                <channel source="#jnt_height-Matrix-animation-transform" target="jnt_height/matrix"/>
            </animation>
        </animation>
        <animation id="jnt_spine1-anim" name="jnt_spine1">
            <animation>
                <source id="jnt_spine1-Matrix-animation-input">
                    <float_array id="jnt_spine1-Matrix-animation-input-array" count="18">

0.000000 0.033333 0.066667 0.100000 0.133333 0.166667 0.200000 0.233333 0.266667 0.300000 0.333333 0.366667 0.400000 0.433333 0.466667 0.500000
0.533333 0.566667</float_array>
                    <technique_common>
                        <accessor source="#jnt_spine1-Matrix-animation-input-array" count="18">
                            <param name="TIME" type="float"/>
                        </accessor>
                    </technique_common>
                </source>
                <source id="jnt_spine1-Matrix-animation-output-transform">
                    <float_array id="jnt_spine1-Matrix-animation-output-transform-array" count="288">

0.050991 0.028472 0.998294 -0.005844 0.997773 -0.044507 -0.049695 0.209026 0.043016 0.998603 -0.030678 0.038786 0.000000 0.000000 0.000000 1.000000
0.053228 0.029856 0.998136 -0.005844 0.997538 -0.047297 -0.051781 0.209026 0.045663 0.998435 -0.032300 0.038786 0.000000 0.000000 0.000000 1.000000
0.049572 0.028500 0.998365 -0.005844 0.997573 -0.050352 -0.048096 0.209027 0.048899 0.998325 -0.030927 0.038786 0.000000 0.000000 0.000000 1.000000
0.040282 0.024148 0.998897 -0.005844 0.997985 -0.050021 -0.039036 0.209026 0.049023 0.998456 -0.026114 0.038786 0.000000 0.000000 0.000000 1.000000
0.028004 0.018382 0.999439 -0.005844 0.998494 -0.047700 -0.027100 0.209027 0.047175 0.998693 -0.019690 0.038786 0.000000 0.000000 0.000000 1.000000
0.014040 0.012089 0.999828 -0.005844 0.998911 -0.044669 -0.013487 0.209027 0.044498 0.998929 -0.012703 0.038786 0.000000 0.000000 0.000000 1.000000
-0.001078 0.005890 0.999983 -0.005844 0.999092 -0.042590 0.001328 0.209026 0.042597 0.999076 -0.005839 0.038786 0.000000 0.000000 0.000000 1.000000
-0.011804 0.001775 0.999929 -0.005844 0.999087 -0.041041 0.011867 0.209027 0.041059 0.999156 -0.001289 0.038786 0.000000 0.000000 0.000000 1.000000
-0.012371 0.001846 0.999922 -0.005844 0.999069 -0.041305 0.012437 0.209026 0.041325 0.999145 -0.001334 0.038786 0.000000 0.000000 0.000000 1.000000
-0.010362 0.002794 0.999942 -0.005844 0.999076 -0.041692 0.010470 0.209027 0.041718 0.999127 -0.002359 0.038786 0.000000 0.000000 0.000000 1.000000
-0.006458 0.004365 0.999970 -0.005844 0.999077 -0.042445 0.006637 0.209026 0.042473 0.999089 -0.004087 0.038786 0.000000 0.000000 0.000000 1.000000
0.000134 0.006832 0.999977 -0.005844 0.999048 -0.043628 0.000164 0.209027 0.043628 0.999024 -0.006831 0.038786 0.000000 0.000000 0.000000 1.000000
0.009792 0.009739 0.999905 -0.005844 0.999082 -0.041791 -0.009377 0.209027 0.041696 0.999079 -0.010139 0.038786 0.000000 0.000000 0.000000 1.000000
0.020583 0.013001 0.999704 -0.005844 0.999067 -0.038243 -0.020072 0.209027 0.037970 0.999184 -0.013776 0.038786 0.000000 0.000000 0.000000 1.000000
0.030683 0.016611 0.999391 -0.005844 0.998921 -0.035379 -0.030081 0.209027 0.034857 0.999236 -0.017678 0.038786 0.000000 0.000000 0.000000 1.000000
0.038744 0.020553 0.999038 -0.005844 0.998624 -0.036171 -0.037983 0.209027 0.035355 0.999135 -0.021926 0.038786 0.000000 0.000000 0.000000 1.000000
0.044809 0.024401 0.998698 -0.005844 0.998237 -0.040047 -0.043809 0.209026 0.038926 0.998900 -0.026152 0.038786 0.000000 0.000000 0.000000 1.000000
0.049223 0.027306 0.998415 -0.005844 0.997911 -0.043223 -0.048016 0.209026 0.041843 0.998692 -0.029376 0.038786 0.000000 0.000000 0.000000 1.000000</float_array>
                    <technique_common>
                        <accessor source="#jnt_spine1-Matrix-animation-output-transform-array" count="18" stride="16">
                            <param type="float4x4"/>
                        </accessor>
                    </technique_common>
                </source>
                <source id="jnt_spine1-Interpolations">
                    <Name_array id="jnt_spine1-Interpolations-array" count="18">
 LINEAR LINEAR LINEAR LINEAR LINEAR LINEAR LINEAR LINEAR LINEAR LINEAR LINEAR
LINEAR LINEAR LINEAR LINEAR LINEAR LINEAR LINEAR</Name_array>
                    <technique_common>
                        <accessor source="#jnt_spine1-Interpolations-array" count="18">
                            <param type="name"/>
                        </accessor>
                    </technique_common>
                </source>
                <sampler id="jnt_spine1-Matrix-animation-transform">
                    <input semantic="INPUT" source="#jnt_spine1-Matrix-animation-input"/>
                    <input semantic="OUTPUT" source="#jnt_spine1-Matrix-animation-output-transform"/>
                    <input semantic="INTERPOLATION" source="#jnt_spine1-Interpolations"/>
                </sampler>
                <channel source="#jnt_spine1-Matrix-animation-transform" target="jnt_spine1/matrix"/>
            </animation>
        </animation>
        <animation id="jnt_spine2-anim" name="jnt_spine2">
            <animation>
                <source id="jnt_spine2-Matrix-animation-input">
                    <float_array id="jnt_spine2-Matrix-animation-input-array" count="18">

0.000000 0.033333 0.066667 0.100000 0.133333 0.166667 0.200000 0.233333 0.266667 0.300000 0.333333 0.366667 0.400000 0.433333 0.466667 0.500000
0.533333 0.566667</float_array>
                    <technique_common>
                        <accessor source="#jnt_spine2-Matrix-animation-input-array" count="18">
                            <param name="TIME" type="float"/>
                        </accessor>
                    </technique_common>
                </source>
                <source id="jnt_spine2-Matrix-animation-output-transform">
                    <float_array id="jnt_spine2-Matrix-animation-output-transform-array" count="288">

0.976587 -0.214154 0.020384 0.354983 0.214765 0.976035 -0.035083 0.078525 -0.012382 0.038639 0.999176 0.012378 0.000000 0.000000 0.000000 1.000000
0.973808 -0.225270 0.030855 0.354983 0.226239 0.973524 -0.032654 0.078525 -0.022682 0.038780 0.998991 0.012378 0.000000 0.000000 0.000000 1.000000
0.976184 -0.214573 0.031987 0.354983 0.215534 0.976021 -0.030444 0.078525 -0.024687 0.036613 0.999025 0.012378 0.000000 0.000000 0.000000 1.000000
0.981459 -0.189265 0.030277 0.354983 0.190070 0.981416 -0.026383 0.078525 -0.024721 0.031649 0.999193 0.012378 0.000000 0.000000 0.000000 1.000000
0.986696 -0.159788 0.029996 0.354983 0.160439 0.986828 -0.020712 0.078525 -0.026292 0.025249 0.999336 0.012378 0.000000 0.000000 0.000000 1.000000
0.991107 -0.129372 0.031148 0.354984 0.129865 0.991428 -0.014363 0.078525 -0.029023 0.018280 0.999412 0.012378 0.000000 0.000000 0.000000 1.000000
0.994160 -0.102083 0.034988 0.354984 0.102413 0.994712 -0.007771 0.078525 -0.034010 0.011309 0.999358 0.012378 0.000000 0.000000 0.000000 1.000000
0.995341 -0.084633 0.046196 0.354983 0.084748 0.996402 -0.000532 0.078525 -0.045985 0.004445 0.998932 0.012378 0.000000 0.000000 0.000000 1.000000
0.995203 -0.077205 0.060082 0.354984 0.077031 0.997015 0.005216 0.078525 -0.060306 -0.000563 0.998180 0.012378 0.000000 0.000000 0.000000 1.000000
0.994645 -0.073504 0.072652 0.354983 0.072981 0.997285 0.009835 0.078525 -0.073177 -0.004480 0.997309 0.012378 0.000000 0.000000 0.000000 1.000000
0.994232 -0.072436 0.079099 0.354983 0.071721 0.997354 0.011847 0.078525 -0.079748 -0.006105 0.996797 0.012378 0.000000 0.000000 0.000000 1.000000
0.994294 -0.075147 0.075717 0.354983 0.074619 0.997164 0.009782 0.078525 -0.076238 -0.004077 0.997081 0.012378 0.000000 0.000000 0.000000 1.000000
0.994103 -0.086091 0.065945 0.354983 0.085969 0.996286 0.004689 0.078525 -0.066104 0.001008 0.997812 0.012378 0.000000 0.000000 0.000000 1.000000
0.993009 -0.104827 0.054258 0.354983 0.105098 0.994459 -0.002148 0.078525 -0.053732 0.007835 0.998525 0.012378 0.000000 0.000000 0.000000 1.000000
0.990379 -0.130895 0.044912 0.354984 0.131445 0.991278 -0.009516 0.078525 -0.043275 0.015328 0.998946 0.012378 0.000000 0.000000 0.000000 1.000000
0.985161 -0.166194 0.042859 0.354983 0.166999 0.985828 -0.015935 0.078525 -0.039603 0.022856 0.998954 0.012378 0.000000 0.000000 0.000000 1.000000
0.979611 -0.197225 0.038270 0.354983 0.198193 0.979884 -0.023370 0.078525 -0.032891 0.030478 0.998994 0.012378 0.000000 0.000000 0.000000 1.000000
0.977086 -0.211156 0.026777 0.354984 0.211949 0.976776 -0.031399 0.078525 -0.019525 0.036354 0.999148 0.012378 0.000000 0.000000 0.000000 1.000000</float_array>
                    <technique_common>
                        <accessor source="#jnt_spine2-Matrix-animation-output-transform-array" count="18" stride="16">
                            <param type="float4x4"/>
                        </accessor>
                    </technique_common>
                </source>
                <source id="jnt_spine2-Interpolations">
                    <Name_array id="jnt_spine2-Interpolations-array" count="18">
 LINEAR LINEAR LINEAR LINEAR LINEAR LINEAR LINEAR LINEAR LINEAR LINEAR LINEAR
LINEAR LINEAR LINEAR LINEAR LINEAR LINEAR LINEAR</Name_array>
                    <technique_common>
                        <accessor source="#jnt_spine2-Interpolations-array" count="18">
                            <param type="name"/>
                        </accessor>
                    </technique_common>
                </source>
                <sampler id="jnt_spine2-Matrix-animation-transform">
                    <input semantic="INPUT" source="#jnt_spine2-Matrix-animation-input"/>
                    <input semantic="OUTPUT" source="#jnt_spine2-Matrix-animation-output-transform"/>
                    <input semantic="INTERPOLATION" source="#jnt_spine2-Interpolations"/>
                </sampler>
                <channel source="#jnt_spine2-Matrix-animation-transform" target="jnt_spine2/matrix"/>
            </animation>
        </animation>
        <animation id="jnt_spine3-anim" name="jnt_spine3">
            <animation>
                <source id="jnt_spine3-Matrix-animation-input">
                    <float_array id="jnt_spine3-Matrix-animation-input-array" count="18">

0.000000 0.033333 0.066667 0.100000 0.133333 0.166667 0.200000 0.233333 0.266667 0.300000 0.333333 0.366667 0.400000 0.433333 0.466667 0.500000
0.533333 0.566667</float_array>
                    <technique_common>
                        <accessor source="#jnt_spine3-Matrix-animation-input-array" count="18">
                            <param name="TIME" type="float"/>
                        </accessor>
                    </technique_common>
                </source>
                <source id="jnt_spine3-Matrix-animation-output-transform">
                    <float_array id="jnt_spine3-Matrix-animation-output-transform-array" count="288">

0.993319 -0.026898 -0.112229 0.727646 0.083754 0.837057 0.540667 0.078479 0.079400 -0.546454 0.833717 -0.093513 0.000000 0.000000 0.000000 1.000000
0.991672 -0.063581 -0.112003 0.727645 0.114170 0.836436 0.536041 0.078479 0.059602 -0.544363 0.836729 -0.093513 0.000000 0.000000 0.000000 1.000000
0.992199 -0.054768 -0.111993 0.727645 0.106871 0.836215 0.537888 0.078480 0.064191 -0.545660 0.835545 -0.093513 0.000000 0.000000 0.000000 1.000000
0.993454 -0.023080 -0.111873 0.727645 0.080652 0.835277 0.543881 0.078480 0.080892 -0.549344 0.831672 -0.093513 0.000000 0.000000 0.000000 1.000000
0.993691 0.012281 -0.111478 0.727645 0.051509 0.832974 0.550908 0.078480 0.099624 -0.553175 0.827087 -0.093513 0.000000 0.000000 0.000000 1.000000
0.992768 0.046170 -0.110813 0.727645 0.023686 0.829600 0.557855 0.078479 0.117686 -0.556445 0.822507 -0.093513 0.000000 0.000000 0.000000 1.000000
0.991239 0.073069 -0.110028 0.727645 0.001709 0.825871 0.563855 0.078480 0.132069 -0.559103 0.818511 -0.093513 0.000000 0.000000 0.000000 1.000000
0.991611 0.068557 -0.109578 0.727645 0.005570 0.824296 0.566131 0.078480 0.129137 -0.561992 0.816999 -0.093513 0.000000 0.000000 0.000000 1.000000
0.993322 0.035944 -0.109633 0.727645 0.032415 0.825012 0.564184 0.078479 0.110727 -0.563970 0.818338 -0.093513 0.000000 0.000000 0.000000 1.000000
0.993966 0.000908 -0.109684 0.727646 0.061221 0.825130 0.561616 0.078479 0.091014 -0.564942 0.820096 -0.093513 0.000000 0.000000 0.000000 1.000000
0.993701 -0.022693 -0.109745 0.727646 0.080615 0.825007 0.559344 0.078479 0.077848 -0.564667 0.821639 -0.093513 0.000000 0.000000 0.000000 1.000000
0.993563 -0.027243 -0.109949 0.727645 0.084340 0.825868 0.557519 0.078479 0.075615 -0.563204 0.822851 -0.093513 0.000000 0.000000 0.000000 1.000000
0.993592 -0.024829 -0.110269 0.727645 0.082322 0.827460 0.555457 0.078480 0.077452 -0.560975 0.824202 -0.093513 0.000000 0.000000 0.000000 1.000000
0.993599 -0.022790 -0.110643 0.727646 0.080596 0.829305 0.552954 0.078479 0.079155 -0.558331 0.825833 -0.093513 0.000000 0.000000 0.000000 1.000000
0.993421 -0.028140 -0.111009 0.727645 0.084957 0.831098 0.549599 0.078479 0.076793 -0.555414 0.828021 -0.093513 0.000000 0.000000 0.000000 1.000000
0.992490 -0.050828 -0.111269 0.727646 0.103661 0.832403 0.544389 0.078480 0.064950 -0.551835 0.831420 -0.093513 0.000000 0.000000 0.000000 1.000000
0.991945 -0.059986 -0.111563 0.727646 0.111212 0.834049 0.540366 0.078479 0.060635 -0.548420 0.834002 -0.093513 0.000000 0.000000 0.000000 1.000000
0.992872 -0.040714 -0.112017 0.727645 0.095221 0.836222 0.540060 0.078479 0.071683 -0.546877 0.834138 -0.093513 0.000000 0.000000 0.000000 1.000000</float_array>
                    <technique_common>
                        <accessor source="#jnt_spine3-Matrix-animation-output-transform-array" count="18" stride="16">
                            <param type="float4x4"/>
                        </accessor>
                    </technique_common>
                </source>
                <source id="jnt_spine3-Interpolations">
                    <Name_array id="jnt_spine3-Interpolations-array" count="18">
 LINEAR LINEAR LINEAR LINEAR LINEAR LINEAR LINEAR LINEAR LINEAR LINEAR LINEAR
LINEAR LINEAR LINEAR LINEAR LINEAR LINEAR LINEAR</Name_array>
                    <technique_common>
                        <accessor source="#jnt_spine3-Interpolations-array" count="18">
                            <param type="name"/>
                        </accessor>
                    </technique_common>
                </source>
                <sampler id="jnt_spine3-Matrix-animation-transform">
                    <input semantic="INPUT" source="#jnt_spine3-Matrix-animation-input"/>
                    <input semantic="OUTPUT" source="#jnt_spine3-Matrix-animation-output-transform"/>
                    <input semantic="INTERPOLATION" source="#jnt_spine3-Interpolations"/>
                </sampler>
