<?xml version="1.0" encoding="utf-8"?>
<COLLADA xmlns="http://www.collada.org/2005/11/COLLADASchema" version="1.4.1">
    <asset>
        <contributor>
            <author></author>
            <authoring_tool>FBX COLLADA exporter</authoring_tool>
            <comments></comments>
        </contributor>
        <created>2022-10-05T20:22:32Z</created>
        <keywords></keywords>
        <modified>2022-10-05T20:22:32Z</modified>
        <revision></revision>
        <subject></subject>
        <title></title>
        <unit meter="0.010000" name="centimeter"></unit>
        <up_axis>Y_UP</up_axis>
    </asset>
    <library_animations>
        <animation id="Character-anim" name="Character">
            <animation>
                <source id="Character-Matrix-animation-input">
                    <float_array id="Character-Matrix-animation-input-array" count="12">

0.000000 0.033333 0.066667 0.100000 0.133333 0.166667 0.200000 0.233333 0.266667 0.300000 0.333333 0.366667</float_array>
                    <technique_common>
                        <accessor source="#Character-Matrix-animation-input-array" count="12">
                            <param name="TIME" type="float"/>
                        </accessor>
                    </technique_common>
                </source>
                <source id="Character-Matrix-animation-output-transform">
                    <float_array id="Character-Matrix-animation-output-transform-array" count="192">

1.000000 0.000000 0.000000 0.000000 0.000000 1.000000 -0.000000 0.000000 0.000000 0.000000 1.000000 0.000000 0.000000 0.000000 0.000000 1.000000
1.000000 0.000000 0.000000 0.000000 0.000000 1.000000 -0.000000 0.000000 0.000000 0.000000 1.000000 0.000000 0.000000 0.000000 0.000000 1.000000
1.000000 0.000000 0.000000 0.000000 0.000000 1.000000 -0.000000 0.000000 0.000000 0.000000 1.000000 0.000000 0.000000 0.000000 0.000000 1.000000
1.000000 0.000000 0.000000 0.000000 0.000000 1.000000 -0.000000 0.000000 0.000000 0.000000 1.000000 0.000000 0.000000 0.000000 0.000000 1.000000
1.000000 0.000000 0.000000 0.000000 0.000000 1.000000 -0.000000 0.000000 0.000000 0.000000 1.000000 0.000000 0.000000 0.000000 0.000000 1.000000
1.000000 0.000000 0.000000 0.000000 0.000000 1.000000 -0.000000 0.000000 0.000000 0.000000 1.000000 0.000000 0.000000 0.000000 0.000000 1.000000
1.000000 0.000000 0.000000 0.000000 0.000000 1.000000 -0.000000 0.000000 0.000000 0.000000 1.000000 0.000000 0.000000 0.000000 0.000000 1.000000
1.000000 0.000000 0.000000 0.000000 0.000000 1.000000 -0.000000 0.000000 0.000000 0.000000 1.000000 0.000000 0.000000 0.000000 0.000000 1.000000
1.000000 0.000000 0.000000 0.000000 0.000000 1.000000 -0.000000 0.000000 0.000000 0.000000 1.000000 0.000000 0.000000 0.000000 0.000000 1.000000
1.000000 0.000000 0.000000 0.000000 0.000000 1.000000 -0.000000 0.000000 0.000000 0.000000 1.000000 0.000000 0.000000 0.000000 0.000000 1.000000
1.000000 0.000000 0.000000 0.000000 0.000000 1.000000 -0.000000 0.000000 0.000000 0.000000 1.000000 0.000000 0.000000 0.000000 0.000000 1.000000
1.000000 0.000000 0.000000 0.000000 0.000000 1.000000 -0.000000 0.000000 0.000000 0.000000 1.000000 0.000000 0.000000 0.000000 0.000000 1.000000</float_array>
                    <technique_common>
                        <accessor source="#Character-Matrix-animation-output-transform-array" count="12" stride="16">
                            <param type="float4x4"/>
                        </accessor>
                    </technique_common>
                </source>
                <source id="Character-Interpolations">
                    <Name_array id="Character-Interpolations-array" count="12">
 LINEAR LINEAR LINEAR LINEAR LINEAR LINEAR LINEAR LINEAR LINEAR LINEAR LINEAR
LINEAR</Name_array>
                    <technique_common>
                        <accessor source="#Character-Interpolations-array" count="12">
                            <param type="name"/>
                        </accessor>
                    </technique_common>
                </source>
                <sampler id="Character-Matrix-animation-transform">
                    <input semantic="INPUT" source="#Character-Matrix-animation-input"/>
                    <input semantic="OUTPUT" source="#Character-Matrix-animation-output-transform"/>
                    <input semantic="INTERPOLATION" source="#Character-Interpolations"/>
                </sampler>
                <channel source="#Character-Matrix-animation-transform" target="Character/matrix"/>
            </animation>
        </animation>
        <animation id="HIK_root_jnt-anim" name="HIK_root_jnt">
            <animation>
                <source id="HIK_root_jnt-Matrix-animation-input">
                    <float_array id="HIK_root_jnt-Matrix-animation-input-array" count="12">

0.000000 0.033333 0.066667 0.100000 0.133333 0.166667 0.200000 0.233333 0.266667 0.300000 0.333333 0.366667</float_array>
                    <technique_common>
                        <accessor source="#HIK_root_jnt-Matrix-animation-input-array" count="12">
                            <param name="TIME" type="float"/>
                        </accessor>
                    </technique_common>
                </source>
                <source id="HIK_root_jnt-Matrix-animation-output-transform">
                    <float_array id="HIK_root_jnt-Matrix-animation-output-transform-array" count="192">

1.000000 0.000000 0.000000 0.000000 0.000000 1.000000 -0.000000 0.000000 0.000000 0.000000 1.000000 0.000000 0.000000 0.000000 0.000000 1.000000
1.000000 0.000000 0.000000 0.000000 0.000000 1.000000 -0.000000 0.000000 0.000000 0.000000 1.000000 0.000000 0.000000 0.000000 0.000000 1.000000
1.000000 0.000000 0.000000 0.000000 0.000000 1.000000 -0.000000 0.000000 0.000000 0.000000 1.000000 0.000000 0.000000 0.000000 0.000000 1.000000
1.000000 0.000000 0.000000 0.000000 0.000000 1.000000 -0.000000 0.000000 0.000000 0.000000 1.000000 0.000000 0.000000 0.000000 0.000000 1.000000
1.000000 0.000000 0.000000 0.000000 0.000000 1.000000 -0.000000 0.000000 0.000000 0.000000 1.000000 0.000000 0.000000 0.000000 0.000000 1.000000
1.000000 0.000000 0.000000 0.000000 0.000000 1.000000 -0.000000 0.000000 0.000000 0.000000 1.000000 0.000000 0.000000 0.000000 0.000000 1.000000
1.000000 0.000000 0.000000 0.000000 0.000000 1.000000 -0.000000 0.000000 0.000000 0.000000 1.000000 0.000000 0.000000 0.000000 0.000000 1.000000
1.000000 0.000000 0.000000 0.000000 0.000000 1.000000 -0.000000 0.000000 0.000000 0.000000 1.000000 0.000000 0.000000 0.000000 0.000000 1.000000
1.000000 0.000000 0.000000 0.000000 0.000000 1.000000 -0.000000 0.000000 0.000000 0.000000 1.000000 0.000000 0.000000 0.000000 0.000000 1.000000
1.000000 0.000000 0.000000 0.000000 0.000000 1.000000 -0.000000 0.000000 0.000000 0.000000 1.000000 0.000000 0.000000 0.000000 0.000000 1.000000
1.000000 0.000000 0.000000 0.000000 0.000000 1.000000 -0.000000 0.000000 0.000000 0.000000 1.000000 0.000000 0.000000 0.000000 0.000000 1.000000
1.000000 0.000000 0.000000 0.000000 0.000000 1.000000 -0.000000 0.000000 0.000000 0.000000 1.000000 0.000000 0.000000 0.000000 0.000000 1.000000</float_array>
                    <technique_common>
                        <accessor source="#HIK_root_jnt-Matrix-animation-output-transform-array" count="12" stride="16">
                            <param type="float4x4"/>
                        </accessor>
                    </technique_common>
                </source>
                <source id="HIK_root_jnt-Interpolations">
                    <Name_array id="HIK_root_jnt-Interpolations-array" count="12">
 LINEAR LINEAR LINEAR LINEAR LINEAR LINEAR LINEAR LINEAR LINEAR LINEAR LINEAR
LINEAR</Name_array>
                    <technique_common>
                        <accessor source="#HIK_root_jnt-Interpolations-array" count="12">
                            <param type="name"/>
                        </accessor>
                    </technique_common>
                </source>
                <sampler id="HIK_root_jnt-Matrix-animation-transform">
                    <input semantic="INPUT" source="#HIK_root_jnt-Matrix-animation-input"/>
                    <input semantic="OUTPUT" source="#HIK_root_jnt-Matrix-animation-output-transform"/>
                    <input semantic="INTERPOLATION" source="#HIK_root_jnt-Interpolations"/>
                </sampler>
                <channel source="#HIK_root_jnt-Matrix-animation-transform" target="HIK_root_jnt/matrix"/>
            </animation>
        </animation>
        <animation id="root_jnt-anim" name="root_jnt">
            <animation>
                <source id="root_jnt-Matrix-animation-input">
                    <float_array id="root_jnt-Matrix-animation-input-array" count="12">

0.000000 0.033333 0.066667 0.100000 0.133333 0.166667 0.200000 0.233333 0.266667 0.300000 0.333333 0.366667</float_array>
                    <technique_common>
                        <accessor source="#root_jnt-Matrix-animation-input-array" count="12">
                            <param name="TIME" type="float"/>
                        </accessor>
                    </technique_common>
                </source>
                <source id="root_jnt-Matrix-animation-output-transform">
                    <float_array id="root_jnt-Matrix-animation-output-transform-array" count="192">

1.000000 0.000000 0.000000 0.000000 0.000000 1.000000 -0.000000 0.000000 0.000000 0.000000 1.000000 0.000000 0.000000 0.000000 0.000000 1.000000
1.000000 0.000000 0.000000 0.000000 0.000000 1.000000 -0.000000 0.000000 0.000000 0.000000 1.000000 0.000000 0.000000 0.000000 0.000000 1.000000
1.000000 0.000000 0.000000 0.000000 0.000000 1.000000 -0.000000 0.000000 0.000000 0.000000 1.000000 0.000000 0.000000 0.000000 0.000000 1.000000
1.000000 0.000000 0.000000 0.000000 0.000000 1.000000 -0.000000 0.000000 0.000000 0.000000 1.000000 0.000000 0.000000 0.000000 0.000000 1.000000
1.000000 0.000000 0.000000 0.000000 0.000000 1.000000 -0.000000 0.000000 0.000000 0.000000 1.000000 0.000000 0.000000 0.000000 0.000000 1.000000
1.000000 0.000000 0.000000 0.000000 0.000000 1.000000 -0.000000 0.000000 0.000000 0.000000 1.000000 0.000000 0.000000 0.000000 0.000000 1.000000
1.000000 0.000000 0.000000 0.000000 0.000000 1.000000 -0.000000 0.000000 0.000000 0.000000 1.000000 0.000000 0.000000 0.000000 0.000000 1.000000
1.000000 0.000000 0.000000 0.000000 0.000000 1.000000 -0.000000 0.000000 0.000000 0.000000 1.000000 0.000000 0.000000 0.000000 0.000000 1.000000
1.000000 0.000000 0.000000 0.000000 0.000000 1.000000 -0.000000 0.000000 0.000000 0.000000 1.000000 0.000000 0.000000 0.000000 0.000000 1.000000
1.000000 0.000000 0.000000 0.000000 0.000000 1.000000 -0.000000 0.000000 0.000000 0.000000 1.000000 0.000000 0.000000 0.000000 0.000000 1.000000
1.000000 0.000000 0.000000 0.000000 0.000000 1.000000 -0.000000 0.000000 0.000000 0.000000 1.000000 0.000000 0.000000 0.000000 0.000000 1.000000
1.000000 0.000000 0.000000 0.000000 0.000000 1.000000 -0.000000 0.000000 0.000000 0.000000 1.000000 0.000000 0.000000 0.000000 0.000000 1.000000</float_array>
                    <technique_common>
                        <accessor source="#root_jnt-Matrix-animation-output-transform-array" count="12" stride="16">
                            <param type="float4x4"/>
                        </accessor>
                    </technique_common>
                </source>
                <source id="root_jnt-Interpolations">
                    <Name_array id="root_jnt-Interpolations-array" count="12">
 LINEAR LINEAR LINEAR LINEAR LINEAR LINEAR LINEAR LINEAR LINEAR LINEAR LINEAR
LINEAR</Name_array>
                    <technique_common>
                        <accessor source="#root_jnt-Interpolations-array" count="12">
                            <param type="name"/>
                        </accessor>
                    </technique_common>
                </source>
                <sampler id="root_jnt-Matrix-animation-transform">
                    <input semantic="INPUT" source="#root_jnt-Matrix-animation-input"/>
                    <input semantic="OUTPUT" source="#root_jnt-Matrix-animation-output-transform"/>
                    <input semantic="INTERPOLATION" source="#root_jnt-Interpolations"/>
                </sampler>
                <channel source="#root_jnt-Matrix-animation-transform" target="root_jnt/matrix"/>
            </animation>
        </animation>
        <animation id="jnt_hips-anim" name="jnt_hips">
            <animation>
                <source id="jnt_hips-Matrix-animation-input">
                    <float_array id="jnt_hips-Matrix-animation-input-array" count="12">

0.000000 0.033333 0.066667 0.100000 0.133333 0.166667 0.200000 0.233333 0.266667 0.300000 0.333333 0.366667</float_array>
                    <technique_common>
                        <accessor source="#jnt_hips-Matrix-animation-input-array" count="12">
                            <param name="TIME" type="float"/>
                        </accessor>
                    </technique_common>
                </source>
                <source id="jnt_hips-Matrix-animation-output-transform">
                    <float_array id="jnt_hips-Matrix-animation-output-transform-array" count="192">

0.952804 0.100914 -0.286323 -0.000000 -0.074732 0.992079 0.100969 1.733227 0.294244 -0.074806 0.952798 -0.128626 0.000000 0.000000 0.000000 1.000000
0.970023 0.096978 -0.222825 -0.000000 -0.080027 0.993255 0.083905 1.762089 0.229459 -0.063558 0.971241 -0.131242 0.000000 0.000000 0.000000 1.000000
0.991506 0.089149 -0.094703 0.000000 -0.086398 0.995721 0.032773 1.790950 0.097219 -0.024313 0.994966 -0.138555 0.000000 0.000000 0.000000 1.000000
0.995348 0.093684 0.022505 0.000000 -0.092868 0.995067 -0.034895 1.747350 -0.025663 0.032642 0.999138 -0.148872 0.000000 0.000000 0.000000 1.000000
0.987264 0.104917 0.119594 0.000000 -0.094999 0.991771 -0.085825 1.679967 -0.127615 0.073371 0.989106 -0.156962 0.000000 0.000000 0.000000 1.000000
0.973813 0.098489 0.204911 -0.000000 -0.081598 0.992654 -0.089328 1.698782 -0.212204 0.070269 0.974696 -0.157852 0.000000 0.000000 0.000000 1.000000
0.959871 0.074580 0.270345 -0.000000 -0.063416 0.996743 -0.049811 1.864581 -0.273179 0.030668 0.961474 -0.154760 0.000000 0.000000 0.000000 1.000000
0.953547 0.048863 0.297255 0.000000 -0.050519 0.998721 -0.002115 1.971863 -0.296978 -0.013001 0.954796 -0.149003 0.000000 0.000000 0.000000 1.000000
0.976762 0.042301 0.210113 0.000000 -0.048925 0.998453 0.026426 1.929791 -0.208670 -0.036092 0.977320 -0.141410 0.000000 0.000000 0.000000 1.000000
0.998223 0.056650 0.018495 0.000000 -0.057383 0.997476 0.041810 1.843943 -0.016080 -0.042797 0.998954 -0.134347 0.000000 0.000000 0.000000 1.000000
0.984537 0.078725 -0.156490 -0.000000 -0.069612 0.995590 0.062892 1.773307 0.160751 -0.051026 0.985675 -0.130289 0.000000 0.000000 0.000000 1.000000
0.962187 0.094824 -0.255352 -0.000000 -0.074386 0.993289 0.088562 1.740791 0.262037 -0.066218 0.962783 -0.128834 0.000000 0.000000 0.000000 1.000000</float_array>
                    <technique_common>
                        <accessor source="#jnt_hips-Matrix-animation-output-transform-array" count="12" stride="16">
                            <param type="float4x4"/>
                        </accessor>
                    </technique_common>
                </source>
                <source id="jnt_hips-Interpolations">
                    <Name_array id="jnt_hips-Interpolations-array" count="12">
 LINEAR LINEAR LINEAR LINEAR LINEAR LINEAR LINEAR LINEAR LINEAR LINEAR LINEAR
LINEAR</Name_array>
                    <technique_common>
                        <accessor source="#jnt_hips-Interpolations-array" count="12">
                            <param type="name"/>
                        </accessor>
                    </technique_common>
                </source>
                <sampler id="jnt_hips-Matrix-animation-transform">
                    <input semantic="INPUT" source="#jnt_hips-Matrix-animation-input"/>
                    <input semantic="OUTPUT" source="#jnt_hips-Matrix-animation-output-transform"/>
                    <input semantic="INTERPOLATION" source="#jnt_hips-Interpolations"/>
                </sampler>
                <channel source="#jnt_hips-Matrix-animation-transform" target="jnt_hips/matrix"/>
            </animation>
        </animation>
        <animation id="jnt_height-anim" name="jnt_height">
            <animation>
                <source id="jnt_height-Matrix-animation-input">
                    <float_array id="jnt_height-Matrix-animation-input-array" count="12">

0.000000 0.033333 0.066667 0.100000 0.133333 0.166667 0.200000 0.233333 0.266667 0.300000 0.333333 0.366667</float_array>
                    <technique_common>
                        <accessor source="#jnt_height-Matrix-animation-input-array" count="12">
                            <param name="TIME" type="float"/>
                        </accessor>
                    </technique_common>
                </source>
                <source id="jnt_height-Matrix-animation-output-transform">
                    <float_array id="jnt_height-Matrix-animation-output-transform-array" count="192">

0.995543 0.086903 0.036647 0.000000 -0.087682 0.995943 0.020236 0.000000 -0.034740 -0.023359 0.999123 0.000000 0.000000 0.000000 0.000000 1.000000
0.995697 0.085888 0.034798 -0.000000 -0.086838 0.995862 0.026773 0.000000 -0.032354 -0.029680 0.999036 -0.000000 0.000000 0.000000 0.000000 1.000000
0.996474 0.078689 0.029092 0.000000 -0.079515 0.996428 0.028419 0.000000 -0.026752 -0.030632 0.999173 -0.000000 0.000000 0.000000 0.000000 1.000000
0.997739 0.063505 0.022026 -0.000000 -0.063895 0.997803 0.017487 -0.000000 -0.020867 -0.018855 0.999604 0.000000 0.000000 0.000000 0.000000 1.000000
0.998755 0.047148 0.016281 0.000000 -0.047259 0.998862 0.006471 0.000000 -0.015957 -0.007232 0.999846 -0.000000 0.000000 0.000000 0.000000 1.000000
0.999360 0.033842 0.011566 -0.000000 -0.033880 0.999421 0.003106 -0.000000 -0.011454 -0.003496 0.999928 0.000000 0.000000 0.000000 0.000000 1.000000
0.999817 0.017949 0.006675 0.000000 -0.017938 0.999838 -0.001597 0.000000 -0.006703 0.001477 0.999976 -0.000000 0.000000 0.000000 0.000000 1.000000
0.999933 0.010546 0.004802 -0.000000 -0.010521 0.999931 -0.005240 0.000000 -0.004857 0.005189 0.999975 0.000000 0.000000 0.000000 0.000000 1.000000
0.999640 0.024745 0.010371 0.000000 -0.024696 0.999683 -0.004817 -0.000000 -0.010487 0.004559 0.999934 0.000000 0.000000 0.000000 0.000000 1.000000
0.998426 0.051914 0.021221 -0.000000 -0.051919 0.998651 -0.000296 -0.000000 -0.021208 -0.000806 0.999775 -0.000000 0.000000 0.000000 0.000000 1.000000
0.996835 0.073497 0.030301 0.000000 -0.073799 0.997233 0.008946 0.000000 -0.029560 -0.011154 0.999501 0.000000 0.000000 0.000000 0.000000 1.000000
0.995838 0.084067 0.035193 -0.000000 -0.084707 0.996259 0.017078 -0.000000 -0.033626 -0.019988 0.999234 -0.000000 0.000000 0.000000 0.000000 1.000000</float_array>
                    <technique_common>
                        <accessor source="#jnt_height-Matrix-animation-output-transform-array" count="12" stride="16">
                            <param type="float4x4"/>
                        </accessor>
                    </technique_common>
                </source>
                <source id="jnt_height-Interpolations">
                    <Name_array id="jnt_height-Interpolations-array" count="12">
 LINEAR LINEAR LINEAR LINEAR LINEAR LINEAR LINEAR LINEAR LINEAR LINEAR LINEAR
LINEAR</Name_array>
                    <technique_common>
                        <accessor source="#jnt_height-Interpolations-array" count="12">
                            <param type="name"/>
                        </accessor>
                    </technique_common>
                </source>
                <sampler id="jnt_height-Matrix-animation-transform">
                    <input semantic="INPUT" source="#jnt_height-Matrix-animation-input"/>
                    <input semantic="OUTPUT" source="#jnt_height-Matrix-animation-output-transform"/>
                    <input semantic="INTERPOLATION" source="#jnt_height-Interpolations"/>
                </sampler>
                <channel source="#jnt_height-Matrix-animation-transform" target="jnt_height/matrix"/>
            </animation>
        </animation>
        <animation id="jnt_spine1-anim" name="jnt_spine1">
            <animation>
                <source id="jnt_spine1-Matrix-animation-input">
                    <float_array id="jnt_spine1-Matrix-animation-input-array" count="12">

0.000000 0.033333 0.066667 0.100000 0.133333 0.166667 0.200000 0.233333 0.266667 0.300000 0.333333 0.366667</float_array>
                    <technique_common>
                        <accessor source="#jnt_spine1-Matrix-animation-input-array" count="12">
                            <param name="TIME" type="float"/>
                        </accessor>
                    </technique_common>
                </source>
                <source id="jnt_spine1-Matrix-animation-output-transform">
                    <float_array id="jnt_spine1-Matrix-animation-output-transform-array" count="192">

0.050991 0.028472 0.998294 -0.005844 0.997773 -0.044507 -0.049695 0.209026 0.043016 0.998603 -0.030678 0.038786 0.000000 0.000000 0.000000 1.000000
0.047293 0.026080 0.998541 -0.005844 0.998045 -0.042135 -0.046169 0.209027 0.040869 0.998772 -0.028021 0.038786 0.000000 0.000000 0.000000 1.000000
0.038743 0.020553 0.999038 -0.005844 0.998624 -0.036171 -0.037983 0.209027 0.035355 0.999135 -0.021926 0.038786 0.000000 0.000000 0.000000 1.000000
0.025252 0.014619 0.999575 -0.005844 0.999016 -0.036841 -0.024699 0.209026 0.036464 0.999214 -0.015534 0.038786 0.000000 0.000000 0.000000 1.000000
0.008891 0.009603 0.999915 -0.005844 0.999055 -0.042623 -0.008474 0.209027 0.042538 0.999045 -0.009973 0.038786 0.000000 0.000000 0.000000 1.000000
-0.002726 0.005602 0.999981 -0.005844 0.999097 -0.042397 0.002961 0.209026 0.042413 0.999085 -0.005482 0.038786 0.000000 0.000000 0.000000 1.000000
-0.010006 0.002449 0.999947 -0.005844 0.999159 -0.039726 0.010096 0.209026 0.039749 0.999208 -0.002049 0.038786 0.000000 0.000000 0.000000 1.000000
-0.012946 0.001460 0.999915 -0.005844 0.999076 -0.040954 0.012995 0.209027 0.040970 0.999160 -0.000928 0.038786 0.000000 0.000000 0.000000 1.000000
-0.002535 0.006186 0.999978 -0.005844 0.998921 -0.046345 0.002819 0.209026 0.046362 0.998906 -0.006061 0.038786 0.000000 0.000000 0.000000 1.000000
0.020494 0.015548 0.999669 -0.005844 0.998607 -0.048949 -0.019711 0.209026 0.048626 0.998681 -0.016530 0.038786 0.000000 0.000000 0.000000 1.000000
0.039322 0.023245 0.998956 -0.005844 0.998149 -0.047326 -0.038189 0.209026 0.046388 0.998609 -0.025063 0.038786 0.000000 0.000000 0.000000 1.000000
0.048537 0.027292 0.998449 -0.005844 0.997856 -0.045255 -0.047271 0.209027 0.043895 0.998603 -0.029430 0.038786 0.000000 0.000000 0.000000 1.000000</float_array>
                    <technique_common>
                        <accessor source="#jnt_spine1-Matrix-animation-output-transform-array" count="12" stride="16">
                            <param type="float4x4"/>
                        </accessor>
                    </technique_common>
                </source>
                <source id="jnt_spine1-Interpolations">
                    <Name_array id="jnt_spine1-Interpolations-array" count="12">
 LINEAR LINEAR LINEAR LINEAR LINEAR LINEAR LINEAR LINEAR LINEAR LINEAR LINEAR
LINEAR</Name_array>
                    <technique_common>
                        <accessor source="#jnt_spine1-Interpolations-array" count="12">
                            <param type="name"/>
                        </accessor>
                    </technique_common>
                </source>
                <sampler id="jnt_spine1-Matrix-animation-transform">
                    <input semantic="INPUT" source="#jnt_spine1-Matrix-animation-input"/>
                    <input semantic="OUTPUT" source="#jnt_spine1-Matrix-animation-output-transform"/>
                    <input semantic="INTERPOLATION" source="#jnt_spine1-Interpolations"/>
                </sampler>
                <channel source="#jnt_spine1-Matrix-animation-transform" target="jnt_spine1/matrix"/>
            </animation>
        </animation>
        <animation id="jnt_spine2-anim" name="jnt_spine2">
            <animation>
                <source id="jnt_spine2-Matrix-animation-input">
                    <float_array id="jnt_spine2-Matrix-animation-input-array" count="12">

0.000000 0.033333 0.066667 0.100000 0.133333 0.166667 0.200000 0.233333 0.266667 0.300000 0.333333 0.366667</float_array>
                    <technique_common>
                        <accessor source="#jnt_spine2-Matrix-animation-input-array" count="12">
                            <param name="TIME" type="float"/>
                        </accessor>
                    </technique_common>
                </source>
                <source id="jnt_spine2-Matrix-animation-output-transform">
                    <float_array id="jnt_spine2-Matrix-animation-output-transform-array" count="192">

0.976587 -0.214154 0.020384 0.354983 0.214765 0.976035 -0.035083 0.078525 -0.012382 0.038639 0.999176 0.012378 0.000000 0.000000 0.000000 1.000000
0.978091 -0.205689 0.032073 0.354983 0.206590 0.978031 -0.027865 0.078525 -0.025637 0.033880 0.999097 0.012378 0.000000 0.000000 0.000000 1.000000
0.985161 -0.166194 0.042859 0.354984 0.167000 0.985828 -0.015934 0.078525 -0.039604 0.022856 0.998954 0.012378 0.000000 0.000000 0.000000 1.000000
0.991654 -0.118373 0.051087 0.354984 0.118792 0.992905 -0.005226 0.078525 -0.050106 0.011251 0.998681 0.012378 0.000000 0.000000 0.000000 1.000000
0.993910 -0.087208 0.067368 0.354983 0.087067 0.996189 0.005040 0.078525 -0.067551 0.000856 0.997715 0.012378 0.000000 0.000000 0.000000 1.000000
0.994736 -0.070283 0.074567 0.354984 0.069714 0.997514 0.010216 0.078525 -0.075100 -0.004964 0.997164 0.012378 0.000000 0.000000 0.000000 1.000000
0.995950 -0.065390 0.061702 0.354983 0.065077 0.997855 0.007060 0.078525 -0.062031 -0.003016 0.998069 0.012378 0.000000 0.000000 0.000000 1.000000
0.995363 -0.080121 0.053230 0.354983 0.080098 0.996783 0.002571 0.078525 -0.053265 0.001705 0.998579 0.012378 0.000000 0.000000 0.000000 1.000000
0.992157 -0.114835 0.049376 0.354984 0.115186 0.993334 -0.004320 0.078525 -0.048551 0.009974 0.998771 0.012378 0.000000 0.000000 0.000000 1.000000
0.987875 -0.150979 0.036164 0.354984 0.151645 0.988298 -0.016428 0.078525 -0.033260 0.021713 0.999211 0.012378 0.000000 0.000000 0.000000 1.000000
0.982912 -0.182283 0.025639 0.354983 0.182955 0.982753 -0.026901 0.078525 -0.020294 0.031133 0.999309 0.012378 0.000000 0.000000 0.000000 1.000000
0.978499 -0.205150 0.021303 0.354983 0.205774 0.978041 -0.033049 0.078525 -0.014055 0.036722 0.999227 0.012378 0.000000 0.000000 0.000000 1.000000</float_array>
                    <technique_common>
                        <accessor source="#jnt_spine2-Matrix-animation-output-transform-array" count="12" stride="16">
                            <param type="float4x4"/>
                        </accessor>
                    </technique_common>
                </source>
                <source id="jnt_spine2-Interpolations">
                    <Name_array id="jnt_spine2-Interpolations-array" count="12">
 LINEAR LINEAR LINEAR LINEAR LINEAR LINEAR LINEAR LINEAR LINEAR LINEAR LINEAR
LINEAR</Name_array>
                    <technique_common>
                        <accessor source="#jnt_spine2-Interpolations-array" count="12">
                            <param type="name"/>
                        </accessor>
                    </technique_common>
                </source>
                <sampler id="jnt_spine2-Matrix-animation-transform">
                    <input semantic="INPUT" source="#jnt_spine2-Matrix-animation-input"/>
                    <input semantic="OUTPUT" source="#jnt_spine2-Matrix-animation-output-transform"/>
                    <input semantic="INTERPOLATION" source="#jnt_spine2-Interpolations"/>
                </sampler>
                <channel source="#jnt_spine2-Matrix-animation-transform" target="jnt_spine2/matrix"/>
            </animation>
        </animation>
        <animation id="jnt_spine3-anim" name="jnt_spine3">
            <animation>
                <source id="jnt_spine3-Matrix-animation-input">
                    <float_array id="jnt_spine3-Matrix-animation-input-array" count="12">

0.000000 0.033333 0.066667 0.100000 0.133333 0.166667 0.200000 0.233333 0.266667 0.300000 0.333333 0.366667</float_array>
                    <technique_common>
                        <accessor source="#jnt_spine3-Matrix-animation-input-array" count="12">
                            <param name="TIME" type="float"/>
                        </accessor>
                    </technique_common>
                </source>
                <source id="jnt_spine3-Matrix-animation-output-transform">
                    <float_array id="jnt_spine3-Matrix-animation-output-transform-array" count="192">

0.993319 -0.026898 -0.112229 0.727646 0.083754 0.837057 0.540667 0.078479 0.079400 -0.546454 0.833717 -0.093513 0.000000 0.000000 0.000000 1.000000
0.992465 -0.050100 -0.111819 0.727645 0.103011 0.835318 0.540030 0.078480 0.066349 -0.547479 0.834185 -0.093513 0.000000 0.000000 0.000000 1.000000
0.992490 -0.050828 -0.111269 0.727646 0.103662 0.832403 0.544389 0.078480 0.064950 -0.551835 0.831420 -0.093513 0.000000 0.000000 0.000000 1.000000
0.993418 -0.029048 -0.110796 0.727645 0.085732 0.830040 0.551075 0.078479 0.075957 -0.556947 0.827067 -0.093513 0.000000 0.000000 0.000000 1.000000
0.993534 -0.027086 -0.110250 0.727645 0.084181 0.827344 0.555351 0.078480 0.076172 -0.561042 0.824275 -0.093513 0.000000 0.000000 0.000000 1.000000
0.993799 -0.017135 -0.109861 0.727645 0.076038 0.825636 0.559057 0.078480 0.081126 -0.563944 0.821819 -0.093513 0.000000 0.000000 0.000000 1.000000
0.993477 0.031408 -0.109623 0.727646 0.036154 0.824976 0.564010 0.078480 0.108151 -0.564294 0.818459 -0.093513 0.000000 0.000000 0.000000 1.000000
0.992523 0.053765 -0.109578 0.727646 0.017758 0.824596 0.565444 0.078480 0.120758 -0.563162 0.817476 -0.093513 0.000000 0.000000 0.000000 1.000000
0.993338 0.033565 -0.110240 0.727645 0.034225 0.827547 0.560352 0.078479 0.110037 -0.560391 0.820886 -0.093513 0.000000 0.000000 0.000000 1.000000
0.993707 0.013312 -0.111210 0.727645 0.050712 0.831834 0.552703 0.078479 0.099866 -0.554865 0.825925 -0.093513 0.000000 0.000000 0.000000 1.000000
0.993702 -0.006162 -0.111881 0.727645 0.066668 0.835038 0.546137 0.078480 0.090060 -0.550157 0.830191 -0.093513 0.000000 0.000000 0.000000 1.000000
0.993463 -0.021248 -0.112161 0.727645 0.079091 0.836614 0.542053 0.078480 0.082317 -0.547381 0.832826 -0.093513 0.000000 0.000000 0.000000 1.000000</float_array>
                    <technique_common>
                        <accessor source="#jnt_spine3-Matrix-animation-output-transform-array" count="12" stride="16">
                            <param type="float4x4"/>
                        </accessor>
                    </technique_common>
                </source>
                <source id="jnt_spine3-Interpolations">
                    <Name_array id="jnt_spine3-Interpolations-array" count="12">
 LINEAR LINEAR LINEAR LINEAR LINEAR LINEAR LINEAR LINEAR LINEAR LINEAR LINEAR
LINEAR</Name_array>
                    <technique_common>
                        <accessor source="#jnt_spine3-Interpolations-array" count="12">
                            <param type="name"/>
                        </accessor>
                    </technique_common>
                </source>
                <sampler id="jnt_spine3-Matrix-animation-transform">
                    <input semantic="INPUT" source="#jnt_spine3-Matrix-animation-input"/>
                    <input semantic="OUTPUT" source="#jnt_spine3-Matrix-animation-output-transform"/>
                    <input semantic="INTERPOLATION" source="#jnt_spine3-Interpolations"/>
                </sampler>
                <channel source="#jnt_spine3-Matrix-animation-transform" target="jnt_spine3/matrix"/>
            </animation>
        </animation>
        <animation id="jnt_neck-anim" name="jnt_neck">
            <animation>
                <source id="jnt_neck-Matrix-animation-input">
                    <float_array id="jnt_neck-Matrix-animation-input-array" count="12">

0.000000 0.033333 0.066667 0.100000 0.133333 0.166667 0.200000 0.233333 0.266667 0.300000 0.333333 0.366667</float_array>
                    <technique_common>
                        <accessor source="#jnt_neck-Matrix-animation-input-array" count="12">
                            <param name="TIME" type="float"/>
                        </accessor>
                    </technique_common>
                </source>
                <source id="jnt_neck-Matrix-animation-output-transform">
                    <float_array id="jnt_neck-Matrix-animation-output-transform-array" count="192">

0.850894 0.499285 0.163381 0.680426 -0.259764 0.670198 -0.695238 0.270155 -0.456620 0.549133 0.699964 -0.297846 0.000000 0.000000 0.000000 1.000000
0.847838 0.508390 0.150700 0.680426 -0.300237 0.694517 -0.653838 0.270155 -0.437068 0.509103 0.741475 -0.297846 0.000000 0.000000 0.000000 1.000000
0.850780 0.499655 0.162845 0.680426 -0.333330 0.752637 -0.567828 0.270155 -0.406282 0.428816 0.806877 -0.297846 0.000000 0.000000 0.000000 1.000000
0.842466 0.510856 0.171107 0.680426 -0.379128 0.787812 -0.485401 0.270155 -0.382771 0.344063 0.857384 -0.297846 0.000000 0.000000 0.000000 1.000000
0.821959 0.550713 0.145254 0.680426 -0.455524 0.788753 -0.412755 0.270155 -0.341879 0.273102 0.899185 -0.297846 0.000000 0.000000 0.000000 1.000000
0.838603 0.533405 0.110568 0.680426 -0.473450 0.814068 -0.336360 0.270155 -0.269426 0.229724 0.935219 -0.297846 0.000000 0.000000 0.000000 1.000000
0.889084 0.451028 0.078130 0.680426 -0.418075 0.869621 -0.262629 0.270155 -0.186397 0.200835 0.961728 -0.297846 0.000000 0.000000 0.000000 1.000000
0.914329 0.402814 0.041756 0.680426 -0.384850 0.896365 -0.220050 0.270155 -0.126068 0.185128 0.974595 -0.297846 0.000000 0.000000 0.000000 1.000000
0.902834 0.425568 0.061500 0.680427 -0.391718 0.873008 -0.290540 0.270155 -0.177335 0.238219 0.954884 -0.297846 0.000000 0.000000 0.000000 1.000000
0.878335 0.461364 0.125181 0.680426 -0.361968 0.812902 -0.456257 0.270155 -0.312260 0.355436 0.880999 -0.297846 0.000000 0.000000 0.000000 1.000000
0.855205 0.492264 0.162175 0.680426 -0.311532 0.738302 -0.598212 0.270155 -0.414213 0.461071 0.784755 -0.297846 0.000000 0.000000 0.000000 1.000000
0.849409 0.500902 0.166138 0.680426 -0.273756 0.687361 -0.672750 0.270155 -0.451178 0.525959 0.720975 -0.297846 0.000000 0.000000 0.000000 1.000000</float_array>
                    <technique_common>
                        <accessor source="#jnt_neck-Matrix-animation-output-transform-array" count="12" stride="16">
                            <param type="float4x4"/>
                        </accessor>
                    </technique_common>
                </source>
                <source id="jnt_neck-Interpolations">
                    <Name_array id="jnt_neck-Interpolations-array" count="12">
 LINEAR LINEAR LINEAR LINEAR LINEAR LINEAR LINEAR LINEAR LINEAR LINEAR LINEAR
LINEAR</Name_array>
                    <technique_common>
                        <accessor source="#jnt_neck-Interpolations-array" count="12">
                            <param type="name"/>
                        </accessor>
                    </technique_common>
                </source>
                <sampler id="jnt_neck-Matrix-animation-transform">
                    <input semantic="INPUT" source="#jnt_neck-Matrix-animation-input"/>
                    <input semantic="OUTPUT" source="#jnt_neck-Matrix-animation-output-transform"/>
                    <input semantic="INTERPOLATION" source="#jnt_neck-Interpolations"/>
                </sampler>
                <channel source="#jnt_neck-Matrix-animation-transform" target="jnt_neck/matrix"/>
            </animation>
        </animation>
        <animation id="jnt_head-anim" name="jnt_head">
            <animation>
                <source id="jnt_head-Matrix-animation-input">
                    <float_array id="jnt_head-Matrix-animation-input-array" count="12">

0.000000 0.033333 0.066667 0.100000 0.133333 0.166667 0.200000 0.233333 0.266667 0.300000 0.333333 0.366667</float_array>
                    <technique_common>
                        <accessor source="#jnt_head-Matrix-animation-input-array" count="12">
                            <param name="TIME" type="float"/>
                        </accessor>
                    </technique_common>
                </source>
                <source id="jnt_head-Matrix-animation-output-transform">
                    <float_array id="jnt_head-Matrix-animation-output-transform-array" count="192">

0.988450 -0.133452 0.071806 0.273591 0.135052 0.990677 -0.017891 0.000002 -0.068749 0.027382 0.997258 0.000000 0.000000 0.000000 0.000000 1.000000
0.986759 -0.145006 0.072664 0.273591 0.146642 0.989032 -0.017684 0.000002 -0.069303 0.028105 0.997200 -0.000000 0.000000 0.000000 0.000000 1.000000
0.982532 -0.174852 0.063689 0.273591 0.176085 0.984272 -0.014249 0.000001 -0.060196 0.025215 0.997868 0.000000 0.000000 0.000000 0.000000 1.000000
0.970918 -0.232231 0.058193 0.273591 0.233218 0.972366 -0.010697 0.000002 -0.054101 0.023958 0.998248 0.000000 0.000000 0.000000 0.000000 1.000000
0.955635 -0.287171 0.065530 0.273591 0.288390 0.957464 -0.009764 0.000002 -0.059939 0.028229 0.997803 0.000000 0.000000 0.000000 0.000000 1.000000
0.954615 -0.287057 0.079426 0.273591 0.288884 0.957285 -0.012306 0.000002 -0.072500 0.034693 0.996765 -0.000000 0.000000 0.000000 0.000000 1.000000
0.966494 -0.236899 0.098838 0.273591 0.239904 0.970601 -0.019546 0.000001 -0.091302 0.042603 0.994911 -0.000000 0.000000 0.000000 0.000000 1.000000
0.972007 -0.201073 0.121540 0.273591 0.205730 0.978238 -0.026937 0.000001 -0.113479 0.051188 0.992221 0.000000 0.000000 0.000000 0.000000 1.000000
0.969534 -0.214401 0.118467 0.273591 0.218884 0.975403 -0.026062 0.000001 -0.109965 0.051199 0.992616 -0.000000 0.000000 0.000000 0.000000 1.000000
0.967975 -0.232684 0.094248 0.273591 0.235567 0.971641 -0.020560 0.000002 -0.086791 0.042104 0.995337 -0.000000 0.000000 0.000000 0.000000 1.000000
0.973563 -0.215242 0.076462 0.273591 0.217114 0.975999 -0.016984 0.000002 -0.070971 0.033136 0.996928 0.000000 0.000000 0.000000 0.000000 1.000000
0.983837 -0.164027 0.071820 0.273591 0.165647 0.986036 -0.017183 0.000001 -0.067999 0.028802 0.997269 0.000000 0.000000 0.000000 0.000000 1.000000</float_array>
                    <technique_common>
                        <accessor source="#jnt_head-Matrix-animation-output-transform-array" count="12" stride="16">
                            <param type="float4x4"/>
                        </accessor>
                    </technique_common>
                </source>
                <source id="jnt_head-Interpolations">
                    <Name_array id="jnt_head-Interpolations-array" count="12">
 LINEAR LINEAR LINEAR LINEAR LINEAR LINEAR LINEAR LINEAR LINEAR LINEAR LINEAR
LINEAR</Name_array>
                    <technique_common>
                        <accessor source="#jnt_head-Interpolations-array" count="12">
                            <param type="name"/>
                        </accessor>
                    </technique_common>
                </source>
                <sampler id="jnt_head-Matrix-animation-transform">
                    <input semantic="INPUT" source="#jnt_head-Matrix-animation-input"/>
                    <input semantic="OUTPUT" source="#jnt_head-Matrix-animation-output-transform"/>
