<?xml version="1.0" encoding="utf-8"?>
<COLLADA xmlns="http://www.collada.org/2005/11/COLLADASchema" version="1.4.1">
    <asset>
        <contributor>
            <author></author>
            <authoring_tool>FBX COLLADA exporter</authoring_tool>
            <comments></comments>
        </contributor>
        <created>2022-09-12T17:13:52Z</created>
        <keywords></keywords>
        <modified>2022-09-12T17:13:52Z</modified>
        <revision></revision>
        <subject></subject>
        <title></title>
        <unit meter="0.010000" name="centimeter"></unit>
        <up_axis>Y_UP</up_axis>
    </asset>
    <library_animations>
        <animation id="Character-anim" name="Character">
            <animation>
                <source id="Character-Matrix-animation-input">
                    <float_array id="Character-Matrix-animation-input-array" count="13">

0.000000 0.033333 0.066667 0.100000 0.133333 0.166667 0.200000 0.233333 0.266667 0.300000 0.333333 0.366667 0.400000</float_array>
                    <technique_common>
                        <accessor source="#Character-Matrix-animation-input-array" count="13">
                            <param name="TIME" type="float"/>
                        </accessor>
                    </technique_common>
                </source>
                <source id="Character-Matrix-animation-output-transform">
                    <float_array id="Character-Matrix-animation-output-transform-array" count="208">

1.000000 0.000000 0.000000 0.000000 0.000000 1.000000 -0.000000 0.000000 0.000000 0.000000 1.000000 0.000000 0.000000 0.000000 0.000000 1.000000
1.000000 0.000000 0.000000 0.000000 0.000000 1.000000 -0.000000 0.000000 0.000000 0.000000 1.000000 0.000000 0.000000 0.000000 0.000000 1.000000
1.000000 0.000000 0.000000 0.000000 0.000000 1.000000 -0.000000 0.000000 0.000000 0.000000 1.000000 0.000000 0.000000 0.000000 0.000000 1.000000
1.000000 0.000000 0.000000 0.000000 0.000000 1.000000 -0.000000 0.000000 0.000000 0.000000 1.000000 0.000000 0.000000 0.000000 0.000000 1.000000
1.000000 0.000000 0.000000 0.000000 0.000000 1.000000 -0.000000 0.000000 0.000000 0.000000 1.000000 0.000000 0.000000 0.000000 0.000000 1.000000
1.000000 0.000000 0.000000 0.000000 0.000000 1.000000 -0.000000 0.000000 0.000000 0.000000 1.000000 0.000000 0.000000 0.000000 0.000000 1.000000
1.000000 0.000000 0.000000 0.000000 0.000000 1.000000 -0.000000 0.000000 0.000000 0.000000 1.000000 0.000000 0.000000 0.000000 0.000000 1.000000
1.000000 0.000000 0.000000 0.000000 0.000000 1.000000 -0.000000 0.000000 0.000000 0.000000 1.000000 0.000000 0.000000 0.000000 0.000000 1.000000
1.000000 0.000000 0.000000 0.000000 0.000000 1.000000 -0.000000 0.000000 0.000000 0.000000 1.000000 0.000000 0.000000 0.000000 0.000000 1.000000
1.000000 0.000000 0.000000 0.000000 0.000000 1.000000 -0.000000 0.000000 0.000000 0.000000 1.000000 0.000000 0.000000 0.000000 0.000000 1.000000
1.000000 0.000000 0.000000 0.000000 0.000000 1.000000 -0.000000 0.000000 0.000000 0.000000 1.000000 0.000000 0.000000 0.000000 0.000000 1.000000
1.000000 0.000000 0.000000 0.000000 0.000000 1.000000 -0.000000 0.000000 0.000000 0.000000 1.000000 0.000000 0.000000 0.000000 0.000000 1.000000
1.000000 0.000000 0.000000 0.000000 0.000000 1.000000 -0.000000 0.000000 0.000000 0.000000 1.000000 0.000000 0.000000 0.000000 0.000000 1.000000</float_array>
                    <technique_common>
                        <accessor source="#Character-Matrix-animation-output-transform-array" count="13" stride="16">
                            <param type="float4x4"/>
                        </accessor>
                    </technique_common>
                </source>
                <source id="Character-Interpolations">
                    <Name_array id="Character-Interpolations-array" count="13">
 LINEAR LINEAR LINEAR LINEAR LINEAR LINEAR LINEAR LINEAR LINEAR LINEAR LINEAR
LINEAR LINEAR</Name_array>
                    <technique_common>
                        <accessor source="#Character-Interpolations-array" count="13">
                            <param type="name"/>
                        </accessor>
                    </technique_common>
                </source>
                <sampler id="Character-Matrix-animation-transform">
                    <input semantic="INPUT" source="#Character-Matrix-animation-input"/>
                    <input semantic="OUTPUT" source="#Character-Matrix-animation-output-transform"/>
                    <input semantic="INTERPOLATION" source="#Character-Interpolations"/>
                </sampler>
                <channel source="#Character-Matrix-animation-transform" target="Character/matrix"/>
            </animation>
        </animation>
        <animation id="HIK_root_jnt-anim" name="HIK_root_jnt">
            <animation>
                <source id="HIK_root_jnt-Matrix-animation-input">
                    <float_array id="HIK_root_jnt-Matrix-animation-input-array" count="13">

0.000000 0.033333 0.066667 0.100000 0.133333 0.166667 0.200000 0.233333 0.266667 0.300000 0.333333 0.366667 0.400000</float_array>
                    <technique_common>
                        <accessor source="#HIK_root_jnt-Matrix-animation-input-array" count="13">
                            <param name="TIME" type="float"/>
                        </accessor>
                    </technique_common>
                </source>
                <source id="HIK_root_jnt-Matrix-animation-output-transform">
                    <float_array id="HIK_root_jnt-Matrix-animation-output-transform-array" count="208">

1.000000 0.000000 0.000000 0.000000 0.000000 1.000000 -0.000000 0.000000 0.000000 0.000000 1.000000 0.000000 0.000000 0.000000 0.000000 1.000000
1.000000 0.000000 0.000000 0.000000 0.000000 1.000000 -0.000000 0.000000 0.000000 0.000000 1.000000 0.000000 0.000000 0.000000 0.000000 1.000000
1.000000 0.000000 0.000000 0.000000 0.000000 1.000000 -0.000000 0.000000 0.000000 0.000000 1.000000 0.000000 0.000000 0.000000 0.000000 1.000000
1.000000 0.000000 0.000000 0.000000 0.000000 1.000000 -0.000000 0.000000 0.000000 0.000000 1.000000 0.000000 0.000000 0.000000 0.000000 1.000000
1.000000 0.000000 0.000000 0.000000 0.000000 1.000000 -0.000000 0.000000 0.000000 0.000000 1.000000 0.000000 0.000000 0.000000 0.000000 1.000000
1.000000 0.000000 0.000000 0.000000 0.000000 1.000000 -0.000000 0.000000 0.000000 0.000000 1.000000 0.000000 0.000000 0.000000 0.000000 1.000000
1.000000 0.000000 0.000000 0.000000 0.000000 1.000000 -0.000000 0.000000 0.000000 0.000000 1.000000 0.000000 0.000000 0.000000 0.000000 1.000000
1.000000 0.000000 0.000000 0.000000 0.000000 1.000000 -0.000000 0.000000 0.000000 0.000000 1.000000 0.000000 0.000000 0.000000 0.000000 1.000000
1.000000 0.000000 0.000000 0.000000 0.000000 1.000000 -0.000000 0.000000 0.000000 0.000000 1.000000 0.000000 0.000000 0.000000 0.000000 1.000000
1.000000 0.000000 0.000000 0.000000 0.000000 1.000000 -0.000000 0.000000 0.000000 0.000000 1.000000 0.000000 0.000000 0.000000 0.000000 1.000000
1.000000 0.000000 0.000000 0.000000 0.000000 1.000000 -0.000000 0.000000 0.000000 0.000000 1.000000 0.000000 0.000000 0.000000 0.000000 1.000000
1.000000 0.000000 0.000000 0.000000 0.000000 1.000000 -0.000000 0.000000 0.000000 0.000000 1.000000 0.000000 0.000000 0.000000 0.000000 1.000000
1.000000 0.000000 0.000000 0.000000 0.000000 1.000000 -0.000000 0.000000 0.000000 0.000000 1.000000 0.000000 0.000000 0.000000 0.000000 1.000000</float_array>
                    <technique_common>
                        <accessor source="#HIK_root_jnt-Matrix-animation-output-transform-array" count="13" stride="16">
                            <param type="float4x4"/>
                        </accessor>
                    </technique_common>
                </source>
                <source id="HIK_root_jnt-Interpolations">
                    <Name_array id="HIK_root_jnt-Interpolations-array" count="13">
 LINEAR LINEAR LINEAR LINEAR LINEAR LINEAR LINEAR LINEAR LINEAR LINEAR LINEAR
LINEAR LINEAR</Name_array>
                    <technique_common>
                        <accessor source="#HIK_root_jnt-Interpolations-array" count="13">
                            <param type="name"/>
                        </accessor>
                    </technique_common>
                </source>
                <sampler id="HIK_root_jnt-Matrix-animation-transform">
                    <input semantic="INPUT" source="#HIK_root_jnt-Matrix-animation-input"/>
                    <input semantic="OUTPUT" source="#HIK_root_jnt-Matrix-animation-output-transform"/>
                    <input semantic="INTERPOLATION" source="#HIK_root_jnt-Interpolations"/>
                </sampler>
                <channel source="#HIK_root_jnt-Matrix-animation-transform" target="HIK_root_jnt/matrix"/>
            </animation>
        </animation>
        <animation id="root_jnt-anim" name="root_jnt">
            <animation>
                <source id="root_jnt-Matrix-animation-input">
                    <float_array id="root_jnt-Matrix-animation-input-array" count="13">

0.000000 0.033333 0.066667 0.100000 0.133333 0.166667 0.200000 0.233333 0.266667 0.300000 0.333333 0.366667 0.400000</float_array>
                    <technique_common>
                        <accessor source="#root_jnt-Matrix-animation-input-array" count="13">
                            <param name="TIME" type="float"/>
                        </accessor>
                    </technique_common>
                </source>
                <source id="root_jnt-Matrix-animation-output-transform">
                    <float_array id="root_jnt-Matrix-animation-output-transform-array" count="208">

1.000000 0.000000 0.000000 0.000000 0.000000 1.000000 -0.000000 0.000000 0.000000 0.000000 1.000000 0.000000 0.000000 0.000000 0.000000 1.000000
1.000000 0.000000 0.000000 0.000000 0.000000 1.000000 -0.000000 0.000000 0.000000 0.000000 1.000000 0.000000 0.000000 0.000000 0.000000 1.000000
1.000000 0.000000 0.000000 0.000000 0.000000 1.000000 -0.000000 0.000000 0.000000 0.000000 1.000000 0.000000 0.000000 0.000000 0.000000 1.000000
1.000000 0.000000 0.000000 0.000000 0.000000 1.000000 -0.000000 0.000000 0.000000 0.000000 1.000000 0.000000 0.000000 0.000000 0.000000 1.000000
1.000000 0.000000 0.000000 0.000000 0.000000 1.000000 -0.000000 0.000000 0.000000 0.000000 1.000000 0.000000 0.000000 0.000000 0.000000 1.000000
1.000000 0.000000 0.000000 0.000000 0.000000 1.000000 -0.000000 0.000000 0.000000 0.000000 1.000000 0.000000 0.000000 0.000000 0.000000 1.000000
1.000000 0.000000 0.000000 0.000000 0.000000 1.000000 -0.000000 0.000000 0.000000 0.000000 1.000000 0.000000 0.000000 0.000000 0.000000 1.000000
1.000000 0.000000 0.000000 0.000000 0.000000 1.000000 -0.000000 0.000000 0.000000 0.000000 1.000000 0.000000 0.000000 0.000000 0.000000 1.000000
1.000000 0.000000 0.000000 0.000000 0.000000 1.000000 -0.000000 0.000000 0.000000 0.000000 1.000000 0.000000 0.000000 0.000000 0.000000 1.000000
1.000000 0.000000 0.000000 0.000000 0.000000 1.000000 -0.000000 0.000000 0.000000 0.000000 1.000000 0.000000 0.000000 0.000000 0.000000 1.000000
1.000000 0.000000 0.000000 0.000000 0.000000 1.000000 -0.000000 0.000000 0.000000 0.000000 1.000000 0.000000 0.000000 0.000000 0.000000 1.000000
1.000000 0.000000 0.000000 0.000000 0.000000 1.000000 -0.000000 0.000000 0.000000 0.000000 1.000000 0.000000 0.000000 0.000000 0.000000 1.000000
1.000000 0.000000 0.000000 0.000000 0.000000 1.000000 -0.000000 0.000000 0.000000 0.000000 1.000000 0.000000 0.000000 0.000000 0.000000 1.000000</float_array>
                    <technique_common>
                        <accessor source="#root_jnt-Matrix-animation-output-transform-array" count="13" stride="16">
                            <param type="float4x4"/>
                        </accessor>
                    </technique_common>
                </source>
                <source id="root_jnt-Interpolations">
                    <Name_array id="root_jnt-Interpolations-array" count="13">
 LINEAR LINEAR LINEAR LINEAR LINEAR LINEAR LINEAR LINEAR LINEAR LINEAR LINEAR
LINEAR LINEAR</Name_array>
                    <technique_common>
                        <accessor source="#root_jnt-Interpolations-array" count="13">
                            <param type="name"/>
                        </accessor>
                    </technique_common>
                </source>
                <sampler id="root_jnt-Matrix-animation-transform">
                    <input semantic="INPUT" source="#root_jnt-Matrix-animation-input"/>
                    <input semantic="OUTPUT" source="#root_jnt-Matrix-animation-output-transform"/>
                    <input semantic="INTERPOLATION" source="#root_jnt-Interpolations"/>
                </sampler>
                <channel source="#root_jnt-Matrix-animation-transform" target="root_jnt/matrix"/>
            </animation>
        </animation>
        <animation id="jnt_hips-anim" name="jnt_hips">
            <animation>
                <source id="jnt_hips-Matrix-animation-input">
                    <float_array id="jnt_hips-Matrix-animation-input-array" count="13">

0.000000 0.033333 0.066667 0.100000 0.133333 0.166667 0.200000 0.233333 0.266667 0.300000 0.333333 0.366667 0.400000</float_array>
                    <technique_common>
                        <accessor source="#jnt_hips-Matrix-animation-input-array" count="13">
                            <param name="TIME" type="float"/>
                        </accessor>
                    </technique_common>
                </source>
                <source id="jnt_hips-Matrix-animation-output-transform">
                    <float_array id="jnt_hips-Matrix-animation-output-transform-array" count="208">

0.979381 0.028973 -0.199932 -0.000000 -0.033623 0.999236 -0.019902 1.941480 0.199203 0.026214 0.979608 -0.247371 0.000000 0.000000 0.000000 1.000000
0.979381 0.028973 -0.199932 -0.000000 -0.033623 0.999236 -0.019902 1.941480 0.199203 0.026214 0.979608 -0.247371 0.000000 0.000000 0.000000 1.000000
0.979381 0.028973 -0.199932 -0.000000 -0.033623 0.999236 -0.019902 1.941480 0.199203 0.026214 0.979608 -0.247371 0.000000 0.000000 0.000000 1.000000
0.978978 0.027409 -0.202117 -0.000000 -0.030135 0.999491 -0.010421 1.941480 0.201729 0.016292 0.979306 -0.247371 0.000000 0.000000 0.000000 1.000000
0.978580 0.025472 -0.204287 -0.000000 -0.026450 0.999648 -0.002058 1.941480 0.204163 0.007417 0.978909 -0.247371 0.000000 0.000000 0.000000 1.000000
0.978753 0.026363 -0.203341 -0.000000 -0.028086 0.999590 -0.005596 1.941480 0.203110 0.011188 0.979092 -0.247371 0.000000 0.000000 0.000000 1.000000
0.978986 0.027444 -0.202073 -0.000000 -0.030207 0.999487 -0.010600 1.941480 0.201679 0.016481 0.979313 -0.247371 0.000000 0.000000 0.000000 1.000000
0.979166 0.028190 -0.201096 -0.000000 -0.031792 0.999386 -0.014701 1.941480 0.200558 0.020788 0.979461 -0.247371 0.000000 0.000000 0.000000 1.000000
0.979264 0.028562 -0.200564 -0.000000 -0.032636 0.999322 -0.017032 1.941480 0.199942 0.023224 0.979533 -0.247371 0.000000 0.000000 0.000000 1.000000
0.979326 0.028785 -0.200228 -0.000000 -0.033163 0.999278 -0.018545 1.941480 0.199549 0.024802 0.979574 -0.247371 0.000000 0.000000 0.000000 1.000000
0.979361 0.028906 -0.200040 -0.000000 -0.033457 0.999252 -0.019406 1.941480 0.199329 0.025698 0.979596 -0.247371 0.000000 0.000000 0.000000 1.000000
0.979377 0.028959 -0.199956 -0.000000 -0.033587 0.999240 -0.019795 1.941480 0.199230 0.026103 0.979605 -0.247371 0.000000 0.000000 0.000000 1.000000
0.979381 0.028972 -0.199933 -0.000000 -0.033622 0.999237 -0.019898 1.941480 0.199204 0.026210 0.979607 -0.247371 0.000000 0.000000 0.000000 1.000000</float_array>
                    <technique_common>
                        <accessor source="#jnt_hips-Matrix-animation-output-transform-array" count="13" stride="16">
                            <param type="float4x4"/>
                        </accessor>
                    </technique_common>
                </source>
                <source id="jnt_hips-Interpolations">
                    <Name_array id="jnt_hips-Interpolations-array" count="13">
 LINEAR LINEAR LINEAR LINEAR LINEAR LINEAR LINEAR LINEAR LINEAR LINEAR LINEAR
LINEAR LINEAR</Name_array>
                    <technique_common>
                        <accessor source="#jnt_hips-Interpolations-array" count="13">
                            <param type="name"/>
                        </accessor>
                    </technique_common>
                </source>
                <sampler id="jnt_hips-Matrix-animation-transform">
                    <input semantic="INPUT" source="#jnt_hips-Matrix-animation-input"/>
                    <input semantic="OUTPUT" source="#jnt_hips-Matrix-animation-output-transform"/>
                    <input semantic="INTERPOLATION" source="#jnt_hips-Interpolations"/>
                </sampler>
                <channel source="#jnt_hips-Matrix-animation-transform" target="jnt_hips/matrix"/>
            </animation>
        </animation>
        <animation id="jnt_height-anim" name="jnt_height">
            <animation>
                <source id="jnt_height-Matrix-animation-input">
                    <float_array id="jnt_height-Matrix-animation-input-array" count="13">

0.000000 0.033333 0.066667 0.100000 0.133333 0.166667 0.200000 0.233333 0.266667 0.300000 0.333333 0.366667 0.400000</float_array>
                    <technique_common>
                        <accessor source="#jnt_height-Matrix-animation-input-array" count="13">
                            <param name="TIME" type="float"/>
                        </accessor>
                    </technique_common>
                </source>
                <source id="jnt_height-Matrix-animation-output-transform">
                    <float_array id="jnt_height-Matrix-animation-output-transform-array" count="208">

0.999343 0.033759 0.013196 -0.000000 -0.033492 0.999241 -0.019891 -0.000000 -0.013858 0.019436 0.999715 0.000000 0.000000 0.000000 0.000000 1.000000
0.999343 0.033759 0.013196 -0.000000 -0.033492 0.999241 -0.019891 -0.000000 -0.013858 0.019436 0.999715 0.000000 0.000000 0.000000 0.000000 1.000000
0.999343 0.033759 0.013196 -0.000000 -0.033492 0.999241 -0.019891 -0.000000 -0.013858 0.019436 0.999715 0.000000 0.000000 0.000000 0.000000 1.000000
0.999486 0.030162 0.010896 0.000000 -0.030049 0.999494 -0.010410 -0.000000 -0.011204 0.010078 0.999886 0.000000 0.000000 0.000000 0.000000 1.000000
0.999614 0.026412 0.008618 -0.000000 -0.026395 0.999649 -0.002049 0.000000 -0.008669 0.001821 0.999961 -0.000000 0.000000 0.000000 0.000000 1.000000
0.999560 0.028072 0.009612 -0.000000 -0.028019 0.999592 -0.005586 -0.000000 -0.009765 0.005315 0.999938 0.000000 0.000000 0.000000 0.000000 1.000000
0.999483 0.030236 0.010942 0.000000 -0.030121 0.999490 -0.010589 -0.000000 -0.011257 0.010254 0.999884 -0.000000 0.000000 0.000000 0.000000 1.000000
0.999420 0.031864 0.011970 0.000000 -0.031687 0.999390 -0.014690 -0.000000 -0.012431 0.014303 0.999820 -0.000000 0.000000 0.000000 0.000000 1.000000
0.999385 0.032735 0.012530 -0.000000 -0.032520 0.999326 -0.017021 0.000000 -0.013078 0.016603 0.999777 0.000000 0.000000 0.000000 0.000000 1.000000
0.999363 0.033281 0.012884 -0.000000 -0.033040 0.999282 -0.018534 -0.000000 -0.013492 0.018096 0.999745 0.000000 0.000000 0.000000 0.000000 1.000000
0.999350 0.033586 0.013083 -0.000000 -0.033329 0.999256 -0.019395 -0.000000 -0.013724 0.018946 0.999726 -0.000000 0.000000 0.000000 0.000000 1.000000
0.999344 0.033721 0.013172 0.000000 -0.033457 0.999244 -0.019784 -0.000000 -0.013829 0.019330 0.999718 0.000000 0.000000 0.000000 0.000000 1.000000
0.999343 0.033757 0.013195 -0.000000 -0.033491 0.999241 -0.019887 -0.000000 -0.013857 0.019432 0.999715 0.000000 0.000000 0.000000 0.000000 1.000000</float_array>
                    <technique_common>
                        <accessor source="#jnt_height-Matrix-animation-output-transform-array" count="13" stride="16">
                            <param type="float4x4"/>
                        </accessor>
                    </technique_common>
                </source>
                <source id="jnt_height-Interpolations">
                    <Name_array id="jnt_height-Interpolations-array" count="13">
 LINEAR LINEAR LINEAR LINEAR LINEAR LINEAR LINEAR LINEAR LINEAR LINEAR LINEAR
LINEAR LINEAR</Name_array>
                    <technique_common>
                        <accessor source="#jnt_height-Interpolations-array" count="13">
                            <param type="name"/>
                        </accessor>
                    </technique_common>
                </source>
                <sampler id="jnt_height-Matrix-animation-transform">
                    <input semantic="INPUT" source="#jnt_height-Matrix-animation-input"/>
                    <input semantic="OUTPUT" source="#jnt_height-Matrix-animation-output-transform"/>
                    <input semantic="INTERPOLATION" source="#jnt_height-Interpolations"/>
                </sampler>
                <channel source="#jnt_height-Matrix-animation-transform" target="jnt_height/matrix"/>
            </animation>
        </animation>
        <animation id="jnt_spine1-anim" name="jnt_spine1">
            <animation>
                <source id="jnt_spine1-Matrix-animation-input">
                    <float_array id="jnt_spine1-Matrix-animation-input-array" count="13">

0.000000 0.033333 0.066667 0.100000 0.133333 0.166667 0.200000 0.233333 0.266667 0.300000 0.333333 0.366667 0.400000</float_array>
                    <technique_common>
                        <accessor source="#jnt_spine1-Matrix-animation-input-array" count="13">
                            <param name="TIME" type="float"/>
                        </accessor>
                    </technique_common>
                </source>
                <source id="jnt_spine1-Matrix-animation-output-transform">
                    <float_array id="jnt_spine1-Matrix-animation-output-transform-array" count="208">

0.041228 0.014011 0.999052 -0.005844 0.999108 -0.009800 -0.041093 0.209026 0.009215 0.999854 -0.014402 0.038786 0.000000 0.000000 0.000000 1.000000
0.041228 0.014011 0.999052 -0.005844 0.999108 -0.009800 -0.041093 0.209026 0.009215 0.999854 -0.014402 0.038786 0.000000 0.000000 0.000000 1.000000
0.041228 0.014011 0.999052 -0.005844 0.999108 -0.009800 -0.041093 0.209026 0.009215 0.999854 -0.014402 0.038786 0.000000 0.000000 0.000000 1.000000
0.038927 0.011945 0.999171 -0.005844 0.999241 -0.002240 -0.038903 0.209026 0.001773 0.999926 -0.012024 0.038786 0.000000 0.000000 0.000000 1.000000
0.036658 0.009956 0.999279 -0.005844 0.999314 0.004869 -0.036707 0.209026 -0.005231 0.999939 -0.009771 0.038786 0.000000 0.000000 0.000000 1.000000
0.037646 0.010817 0.999233 -0.005844 0.999289 0.001813 -0.037668 0.209026 -0.002219 0.999940 -0.010741 0.038786 0.000000 0.000000 0.000000 1.000000
0.038973 0.011986 0.999169 -0.005844 0.999239 -0.002388 -0.038947 0.209026 0.001919 0.999925 -0.012070 0.038786 0.000000 0.000000 0.000000 1.000000
0.040000 0.012902 0.999117 -0.005844 0.999186 -0.005720 -0.039929 0.209026 0.005200 0.999901 -0.013121 0.038786 0.000000 0.000000 0.000000 1.000000
0.040560 0.013406 0.999088 -0.005844 0.999153 -0.007569 -0.040461 0.209026 0.007019 0.999882 -0.013702 0.038786 0.000000 0.000000 0.000000 1.000000
0.040915 0.013727 0.999069 -0.005844 0.999129 -0.008751 -0.040798 0.209026 0.008183 0.999868 -0.014073 0.038786 0.000000 0.000000 0.000000 1.000000
0.041114 0.013908 0.999058 -0.005844 0.999115 -0.009418 -0.040986 0.209026 0.008839 0.999859 -0.014283 0.038786 0.000000 0.000000 0.000000 1.000000
0.041204 0.013988 0.999053 -0.005844 0.999109 -0.009718 -0.041070 0.209026 0.009134 0.999855 -0.014376 0.038786 0.000000 0.000000 0.000000 1.000000
0.041227 0.014010 0.999052 -0.005844 0.999107 -0.009797 -0.041092 0.209026 0.009212 0.999854 -0.014401 0.038786 0.000000 0.000000 0.000000 1.000000</float_array>
                    <technique_common>
                        <accessor source="#jnt_spine1-Matrix-animation-output-transform-array" count="13" stride="16">
                            <param type="float4x4"/>
                        </accessor>
                    </technique_common>
                </source>
                <source id="jnt_spine1-Interpolations">
                    <Name_array id="jnt_spine1-Interpolations-array" count="13">
 LINEAR LINEAR LINEAR LINEAR LINEAR LINEAR LINEAR LINEAR LINEAR LINEAR LINEAR
LINEAR LINEAR</Name_array>
                    <technique_common>
                        <accessor source="#jnt_spine1-Interpolations-array" count="13">
                            <param type="name"/>
                        </accessor>
                    </technique_common>
                </source>
                <sampler id="jnt_spine1-Matrix-animation-transform">
                    <input semantic="INPUT" source="#jnt_spine1-Matrix-animation-input"/>
                    <input semantic="OUTPUT" source="#jnt_spine1-Matrix-animation-output-transform"/>
                    <input semantic="INTERPOLATION" source="#jnt_spine1-Interpolations"/>
                </sampler>
                <channel source="#jnt_spine1-Matrix-animation-transform" target="jnt_spine1/matrix"/>
            </animation>
        </animation>
        <animation id="jnt_spine2-anim" name="jnt_spine2">
            <animation>
                <source id="jnt_spine2-Matrix-animation-input">
                    <float_array id="jnt_spine2-Matrix-animation-input-array" count="13">

0.000000 0.033333 0.066667 0.100000 0.133333 0.166667 0.200000 0.233333 0.266667 0.300000 0.333333 0.366667 0.400000</float_array>
                    <technique_common>
                        <accessor source="#jnt_spine2-Matrix-animation-input-array" count="13">
                            <param name="TIME" type="float"/>
                        </accessor>
                    </technique_common>
                </source>
                <source id="jnt_spine2-Matrix-animation-output-transform">
                    <float_array id="jnt_spine2-Matrix-animation-output-transform-array" count="208">

0.994144 0.078188 -0.074585 0.354983 -0.079948 0.996579 -0.020913 0.078525 0.072695 0.026753 0.996995 0.012378 0.000000 0.000000 0.000000 1.000000
0.994144 0.078188 -0.074585 0.354983 -0.079948 0.996579 -0.020913 0.078525 0.072695 0.026753 0.996995 0.012378 0.000000 0.000000 0.000000 1.000000
0.994144 0.078188 -0.074585 0.354983 -0.079948 0.996579 -0.020913 0.078525 0.072695 0.026753 0.996995 0.012378 0.000000 0.000000 0.000000 1.000000
0.993764 0.083274 -0.074146 0.354983 -0.084891 0.996210 -0.018923 0.078525 0.072289 0.025099 0.997067 0.012378 0.000000 0.000000 0.000000 1.000000
0.993250 0.088675 -0.074772 0.354983 -0.090199 0.995774 -0.017245 0.078525 0.072927 0.023873 0.997051 0.012378 0.000000 0.000000 0.000000 1.000000
0.993490 0.086285 -0.074377 0.354983 -0.087844 0.995972 -0.017943 0.078525 0.072529 0.024360 0.997069 0.012378 0.000000 0.000000 0.000000 1.000000
0.993773 0.083168 -0.074143 0.354983 -0.084787 0.996219 -0.018960 0.078525 0.072286 0.025128 0.997067 0.012378 0.000000 0.000000 0.000000 1.000000
0.993960 0.080843 -0.074208 0.354983 -0.082520 0.996392 -0.019813 0.078525 0.072339 0.025817 0.997046 0.012378 0.000000 0.000000 0.000000 1.000000
0.994050 0.079613 -0.074338 0.354983 -0.081326 0.996480 -0.020304 0.078525 0.072460 0.026229 0.997026 0.012378 0.000000 0.000000 0.000000 1.000000
0.994102 0.078850 -0.074457 0.354983 -0.080587 0.996534 -0.020624 0.078525 0.072573 0.026503 0.997011 0.012378 0.000000 0.000000 0.000000 1.000000
0.994129 0.078427 -0.074536 0.354983 -0.080179 0.996563 -0.020807 0.078525 0.072648 0.026661 0.997001 0.012378 0.000000 0.000000 0.000000 1.000000
0.994141 0.078239 -0.074574 0.354983 -0.079998 0.996576 -0.020890 0.078525 0.072685 0.026733 0.996996 0.012378 0.000000 0.000000 0.000000 1.000000
0.994144 0.078190 -0.074585 0.354983 -0.079950 0.996579 -0.020912 0.078525 0.072695 0.026752 0.996995 0.012378 0.000000 0.000000 0.000000 1.000000</float_array>
                    <technique_common>
                        <accessor source="#jnt_spine2-Matrix-animation-output-transform-array" count="13" stride="16">
                            <param type="float4x4"/>
                        </accessor>
                    </technique_common>
                </source>
                <source id="jnt_spine2-Interpolations">
                    <Name_array id="jnt_spine2-Interpolations-array" count="13">
 LINEAR LINEAR LINEAR LINEAR LINEAR LINEAR LINEAR LINEAR LINEAR LINEAR LINEAR
LINEAR LINEAR</Name_array>
                    <technique_common>
                        <accessor source="#jnt_spine2-Interpolations-array" count="13">
                            <param type="name"/>
                        </accessor>
                    </technique_common>
                </source>
                <sampler id="jnt_spine2-Matrix-animation-transform">
                    <input semantic="INPUT" source="#jnt_spine2-Matrix-animation-input"/>
                    <input semantic="OUTPUT" source="#jnt_spine2-Matrix-animation-output-transform"/>
                    <input semantic="INTERPOLATION" source="#jnt_spine2-Interpolations"/>
                </sampler>
                <channel source="#jnt_spine2-Matrix-animation-transform" target="jnt_spine2/matrix"/>
            </animation>
        </animation>
        <animation id="jnt_spine3-anim" name="jnt_spine3">
            <animation>
                <source id="jnt_spine3-Matrix-animation-input">
                    <float_array id="jnt_spine3-Matrix-animation-input-array" count="13">

0.000000 0.033333 0.066667 0.100000 0.133333 0.166667 0.200000 0.233333 0.266667 0.300000 0.333333 0.366667 0.400000</float_array>
                    <technique_common>
                        <accessor source="#jnt_spine3-Matrix-animation-input-array" count="13">
                            <param name="TIME" type="float"/>
                        </accessor>
                    </technique_common>
                </source>
                <source id="jnt_spine3-Matrix-animation-output-transform">
                    <float_array id="jnt_spine3-Matrix-animation-output-transform-array" count="208">

0.977323 0.178801 0.113447 0.727646 -0.209865 0.889270 0.406393 0.078480 -0.028222 -0.420986 0.906628 -0.093513 0.000000 0.000000 0.000000 1.000000
0.977323 0.178801 0.113447 0.727646 -0.209865 0.889270 0.406393 0.078480 -0.028222 -0.420986 0.906628 -0.093513 0.000000 0.000000 0.000000 1.000000
0.977323 0.178801 0.113447 0.727646 -0.209865 0.889270 0.406393 0.078480 -0.028222 -0.420986 0.906628 -0.093513 0.000000 0.000000 0.000000 1.000000
0.976795 0.181691 0.113404 0.727646 -0.212501 0.888268 0.407214 0.078480 -0.026746 -0.421863 0.906265 -0.093513 0.000000 0.000000 0.000000 1.000000
0.975366 0.189286 0.113279 0.727646 -0.219363 0.886437 0.407564 0.078480 -0.023269 -0.422373 0.906123 -0.093513 0.000000 0.000000 0.000000 1.000000
0.976098 0.185434 0.113344 0.727646 -0.215886 0.887336 0.407465 0.078480 -0.025016 -0.422195 0.906160 -0.093513 0.000000 0.000000 0.000000 1.000000
0.976815 0.181583 0.113405 0.727645 -0.212403 0.888297 0.407202 0.078480 -0.026797 -0.421849 0.906270 -0.093513 0.000000 0.000000 0.000000 1.000000
0.977159 0.179700 0.113435 0.727646 -0.210693 0.888846 0.406893 0.078480 -0.027707 -0.421499 0.906406 -0.093513 0.000000 0.000000 0.000000 1.000000
0.977268 0.179100 0.113443 0.727646 -0.210145 0.889071 0.406683 0.078480 -0.028022 -0.421277 0.906499 -0.093513 0.000000 0.000000 0.000000 1.000000
0.977308 0.178883 0.113446 0.727645 -0.209945 0.889187 0.406534 0.078480 -0.028153 -0.421126 0.906565 -0.093513 0.000000 0.000000 0.000000 1.000000
0.977320 0.178819 0.113447 0.727646 -0.209883 0.889242 0.406445 0.078480 -0.028202 -0.421038 0.906605 -0.093513 0.000000 0.000000 0.000000 1.000000
0.977323 0.178803 0.113447 0.727646 -0.209868 0.889264 0.406405 0.078480 -0.028218 -0.420997 0.906623 -0.093513 0.000000 0.000000 0.000000 1.000000
0.977323 0.178801 0.113448 0.727646 -0.209866 0.889270 0.406394 0.078480 -0.028222 -0.420986 0.906628 -0.093513 0.000000 0.000000 0.000000 1.000000</float_array>
                    <technique_common>
                        <accessor source="#jnt_spine3-Matrix-animation-output-transform-array" count="13" stride="16">
                            <param type="float4x4"/>
                        </accessor>
                    </technique_common>
                </source>
                <source id="jnt_spine3-Interpolations">
                    <Name_array id="jnt_spine3-Interpolations-array" count="13">
 LINEAR LINEAR LINEAR LINEAR LINEAR LINEAR LINEAR LINEAR LINEAR LINEAR LINEAR
LINEAR LINEAR</Name_array>
                    <technique_common>
                        <accessor source="#jnt_spine3-Interpolations-array" count="13">
                            <param type="name"/>
                        </accessor>
                    </technique_common>
                </source>
                <sampler id="jnt_spine3-Matrix-animation-transform">
                    <input semantic="INPUT" source="#jnt_spine3-Matrix-animation-input"/>
                    <input semantic="OUTPUT" source="#jnt_spine3-Matrix-animation-output-transform"/>
                    <input semantic="INTERPOLATION" source="#jnt_spine3-Interpolations"/>
                </sampler>
                <channel source="#jnt_spine3-Matrix-animation-transform" target="jnt_spine3/matrix"/>
            </animation>
        </animation>
        <animation id="jnt_neck-anim" name="jnt_neck">
            <animation>
                <source id="jnt_neck-Matrix-animation-input">
                    <float_array id="jnt_neck-Matrix-animation-input-array" count="13">

0.000000 0.033333 0.066667 0.100000 0.133333 0.166667 0.200000 0.233333 0.266667 0.300000 0.333333 0.366667 0.400000</float_array>
                    <technique_common>
                        <accessor source="#jnt_neck-Matrix-animation-input-array" count="13">
                            <param name="TIME" type="float"/>
                        </accessor>
                    </technique_common>
                </source>
                <source id="jnt_neck-Matrix-animation-output-transform">
                    <float_array id="jnt_neck-Matrix-animation-output-transform-array" count="208">

0.975062 -0.218457 0.039121 0.680426 0.209920 0.850631 -0.482037 0.270155 0.072027 0.478228 0.875276 -0.297846 0.000000 0.000000 0.000000 1.000000
0.975062 -0.218457 0.039121 0.680426 0.209920 0.850631 -0.482037 0.270155 0.072027 0.478228 0.875276 -0.297846 0.000000 0.000000 0.000000 1.000000
0.975062 -0.218457 0.039121 0.680426 0.209920 0.850631 -0.482037 0.270155 0.072027 0.478228 0.875276 -0.297846 0.000000 0.000000 0.000000 1.000000
0.955919 -0.291946 0.031416 0.680426 0.268768 0.826863 -0.494026 0.270155 0.118252 0.480692 0.868879 -0.297846 0.000000 0.000000 0.000000 1.000000
0.931008 -0.363894 0.028386 0.680426 0.327550 0.798639 -0.504862 0.270155 0.161046 0.479328 0.862733 -0.297846 0.000000 0.000000 0.000000 1.000000
0.942596 -0.332659 0.029173 0.680426 0.301891 0.811544 -0.500258 0.270155 0.142740 0.480348 0.865384 -0.297846 0.000000 0.000000 0.000000 1.000000
0.956362 -0.290478 0.031523 0.680425 0.267580 0.827385 -0.493796 0.270155 0.117355 0.480683 0.869006 -0.297846 0.000000 0.000000 0.000000 1.000000
0.965615 -0.257691 0.034402 0.680426 0.241183 0.838531 -0.488565 0.270155 0.097052 0.480063 0.871849 -0.297846 0.000000 0.000000 0.000000 1.000000
0.970144 -0.239787 0.036378 0.680426 0.226872 0.844215 -0.485625 0.270155 0.085736 0.479379 0.873410 -0.297846 0.000000 0.000000 0.000000 1.000000
0.972824 -0.228443 0.037783 0.680426 0.217843 0.847674 -0.483729 0.270155 0.078477 0.478814 0.874401 -0.297846 0.000000 0.000000 0.000000 1.000000
0.974262 -0.222086 0.038624 0.680427 0.212796 0.849566 -0.482654 0.270155 0.074377 0.478451 0.874958 -0.297846 0.000000 0.000000 0.000000 1.000000
0.974891 -0.219240 0.039013 0.680426 0.210540 0.850402 -0.482171 0.270155 0.072535 0.478278 0.875208 -0.297846 0.000000 0.000000 0.000000 1.000000
0.975056 -0.218487 0.039117 0.680426 0.209943 0.850623 -0.482042 0.270155 0.072046 0.478230 0.875274 -0.297846 0.000000 0.000000 0.000000 1.000000</float_array>
                    <technique_common>
                        <accessor source="#jnt_neck-Matrix-animation-output-transform-array" count="13" stride="16">
                            <param type="float4x4"/>
                        </accessor>
                    </technique_common>
                </source>
                <source id="jnt_neck-Interpolations">
                    <Name_array id="jnt_neck-Interpolations-array" count="13">
 LINEAR LINEAR LINEAR LINEAR LINEAR LINEAR LINEAR LINEAR LINEAR LINEAR LINEAR
LINEAR LINEAR</Name_array>
                    <technique_common>
                        <accessor source="#jnt_neck-Interpolations-array" count="13">
                            <param type="name"/>
                        </accessor>
                    </technique_common>
                </source>
                <sampler id="jnt_neck-Matrix-animation-transform">
                    <input semantic="INPUT" source="#jnt_neck-Matrix-animation-input"/>
                    <input semantic="OUTPUT" source="#jnt_neck-Matrix-animation-output-transform"/>
                    <input semantic="INTERPOLATION" source="#jnt_neck-Interpolations"/>
                </sampler>
                <channel source="#jnt_neck-Matrix-animation-transform" target="jnt_neck/matrix"/>
            </animation>
        </animation>
        <animation id="jnt_head-anim" name="jnt_head">
            <animation>
                <source id="jnt_head-Matrix-animation-input">
                    <float_array id="jnt_head-Matrix-animation-input-array" count="13">

0.000000 0.033333 0.066667 0.100000 0.133333 0.166667 0.200000 0.233333 0.266667 0.300000 0.333333 0.366667 0.400000</float_array>
                    <technique_common>
                        <accessor source="#jnt_head-Matrix-animation-input-array" count="13">
                            <param name="TIME" type="float"/>
                        </accessor>
                    </technique_common>
                </source>
                <source id="jnt_head-Matrix-animation-output-transform">
                    <float_array id="jnt_head-Matrix-animation-output-transform-array" count="208">

0.925084 -0.083998 0.370356 0.273592 0.105885 0.993608 -0.039127 0.000002 -0.364702 0.075411 0.928065 -0.000000 0.000000 0.000000 0.000000 1.000000
0.925084 -0.083998 0.370356 0.273592 0.105885 0.993608 -0.039127 0.000002 -0.364702 0.075411 0.928065 -0.000000 0.000000 0.000000 0.000000 1.000000
0.925084 -0.083998 0.370356 0.273592 0.105885 0.993608 -0.039127 0.000002 -0.364702 0.075411 0.928065 -0.000000 0.000000 0.000000 0.000000 1.000000
0.926281 -0.041363 0.374555 0.273591 0.067253 0.996146 -0.056309 0.000002 -0.370783 0.077348 0.925493 -0.000000 0.000000 0.000000 0.000000 1.000000
0.926378 -0.000434 0.376596 0.273591 0.030068 0.996892 -0.072814 0.000002 -0.375394 0.078777 0.923512 -0.000000 0.000000 0.000000 0.000000 1.000000
0.926463 -0.018126 0.375949 0.273590 0.046156 0.996773 -0.065684 0.000002 -0.373545 0.078206 0.924310 -0.000000 0.000000 0.000000 0.000000 1.000000
0.926268 -0.042206 0.374493 0.273590 0.068017 0.996113 -0.055970 0.000002 -0.370675 0.077315 0.925539 0.000000 0.000000 0.000000 0.000000 1.000000
0.925865 -0.061109 0.372879 0.273590 0.085155 0.995194 -0.048345 0.000002 -0.368132 0.076514 0.926620 0.000000 0.000000 0.000000 0.000000 1.000000
0.925550 -0.071515 0.371810 0.273591 0.094582 0.994538 -0.044152 0.000002 -0.366621 0.076032 0.927258 0.000000 0.000000 0.000000 0.000000 1.000000
