<?xml version="1.0" encoding="utf-8"?>
<COLLADA xmlns="http://www.collada.org/2005/11/COLLADASchema" version="1.4.1">
    <asset>
        <contributor>
            <author></author>
            <authoring_tool>FBX COLLADA exporter</authoring_tool>
            <comments></comments>
        </contributor>
        <created>2022-10-06T17:45:51Z</created>
        <keywords></keywords>
        <modified>2022-10-06T17:45:51Z</modified>
        <revision></revision>
        <subject></subject>
        <title></title>
        <unit meter="0.010000" name="centimeter"></unit>
        <up_axis>Y_UP</up_axis>
    </asset>
    <library_animations>
        <animation id="Character-anim" name="Character">
            <animation>
                <source id="Character-Matrix-animation-input">
                    <float_array id="Character-Matrix-animation-input-array" count="10">

0.000000 0.033333 0.066667 0.100000 0.133333 0.166667 0.200000 0.233333 0.266667 0.300000</float_array>
                    <technique_common>
                        <accessor source="#Character-Matrix-animation-input-array" count="10">
                            <param name="TIME" type="float"/>
                        </accessor>
                    </technique_common>
                </source>
                <source id="Character-Matrix-animation-output-transform">
                    <float_array id="Character-Matrix-animation-output-transform-array" count="160">

1.000000 0.000000 0.000000 0.000000 0.000000 1.000000 -0.000000 0.000000 0.000000 0.000000 1.000000 0.000000 0.000000 0.000000 0.000000 1.000000
1.000000 0.000000 0.000000 0.000000 0.000000 1.000000 -0.000000 0.000000 0.000000 0.000000 1.000000 0.000000 0.000000 0.000000 0.000000 1.000000
1.000000 0.000000 0.000000 0.000000 0.000000 1.000000 -0.000000 0.000000 0.000000 0.000000 1.000000 0.000000 0.000000 0.000000 0.000000 1.000000
1.000000 0.000000 0.000000 0.000000 0.000000 1.000000 -0.000000 0.000000 0.000000 0.000000 1.000000 0.000000 0.000000 0.000000 0.000000 1.000000
1.000000 0.000000 0.000000 0.000000 0.000000 1.000000 -0.000000 0.000000 0.000000 0.000000 1.000000 0.000000 0.000000 0.000000 0.000000 1.000000
1.000000 0.000000 0.000000 0.000000 0.000000 1.000000 -0.000000 0.000000 0.000000 0.000000 1.000000 0.000000 0.000000 0.000000 0.000000 1.000000
1.000000 0.000000 0.000000 0.000000 0.000000 1.000000 -0.000000 0.000000 0.000000 0.000000 1.000000 0.000000 0.000000 0.000000 0.000000 1.000000
1.000000 0.000000 0.000000 0.000000 0.000000 1.000000 -0.000000 0.000000 0.000000 0.000000 1.000000 0.000000 0.000000 0.000000 0.000000 1.000000
1.000000 0.000000 0.000000 0.000000 0.000000 1.000000 -0.000000 0.000000 0.000000 0.000000 1.000000 0.000000 0.000000 0.000000 0.000000 1.000000
1.000000 0.000000 0.000000 0.000000 0.000000 1.000000 -0.000000 0.000000 0.000000 0.000000 1.000000 0.000000 0.000000 0.000000 0.000000 1.000000</float_array>
                    <technique_common>
                        <accessor source="#Character-Matrix-animation-output-transform-array" count="10" stride="16">
                            <param type="float4x4"/>
                        </accessor>
                    </technique_common>
                </source>
                <source id="Character-Interpolations">
                    <Name_array id="Character-Interpolations-array" count="10">
 LINEAR LINEAR LINEAR LINEAR LINEAR LINEAR LINEAR LINEAR LINEAR LINEAR</Name_array>
                    <technique_common>
                        <accessor source="#Character-Interpolations-array" count="10">
                            <param type="name"/>
                        </accessor>
                    </technique_common>
                </source>
                <sampler id="Character-Matrix-animation-transform">
                    <input semantic="INPUT" source="#Character-Matrix-animation-input"/>
                    <input semantic="OUTPUT" source="#Character-Matrix-animation-output-transform"/>
                    <input semantic="INTERPOLATION" source="#Character-Interpolations"/>
                </sampler>
                <channel source="#Character-Matrix-animation-transform" target="Character/matrix"/>
            </animation>
        </animation>
        <animation id="HIK_root_jnt-anim" name="HIK_root_jnt">
            <animation>
                <source id="HIK_root_jnt-Matrix-animation-input">
                    <float_array id="HIK_root_jnt-Matrix-animation-input-array" count="10">

0.000000 0.033333 0.066667 0.100000 0.133333 0.166667 0.200000 0.233333 0.266667 0.300000</float_array>
                    <technique_common>
                        <accessor source="#HIK_root_jnt-Matrix-animation-input-array" count="10">
                            <param name="TIME" type="float"/>
                        </accessor>
                    </technique_common>
                </source>
                <source id="HIK_root_jnt-Matrix-animation-output-transform">
                    <float_array id="HIK_root_jnt-Matrix-animation-output-transform-array" count="160">

1.000000 0.000000 0.000000 0.000000 0.000000 1.000000 -0.000000 0.000000 0.000000 0.000000 1.000000 0.000000 0.000000 0.000000 0.000000 1.000000
1.000000 0.000000 0.000000 0.000000 0.000000 1.000000 -0.000000 0.000000 0.000000 0.000000 1.000000 0.000000 0.000000 0.000000 0.000000 1.000000
1.000000 0.000000 0.000000 0.000000 0.000000 1.000000 -0.000000 0.000000 0.000000 0.000000 1.000000 0.000000 0.000000 0.000000 0.000000 1.000000
1.000000 0.000000 0.000000 0.000000 0.000000 1.000000 -0.000000 0.000000 0.000000 0.000000 1.000000 0.000000 0.000000 0.000000 0.000000 1.000000
1.000000 0.000000 0.000000 0.000000 0.000000 1.000000 -0.000000 0.000000 0.000000 0.000000 1.000000 0.000000 0.000000 0.000000 0.000000 1.000000
1.000000 0.000000 0.000000 0.000000 0.000000 1.000000 -0.000000 0.000000 0.000000 0.000000 1.000000 0.000000 0.000000 0.000000 0.000000 1.000000
1.000000 0.000000 0.000000 0.000000 0.000000 1.000000 -0.000000 0.000000 0.000000 0.000000 1.000000 0.000000 0.000000 0.000000 0.000000 1.000000
1.000000 0.000000 0.000000 0.000000 0.000000 1.000000 -0.000000 0.000000 0.000000 0.000000 1.000000 0.000000 0.000000 0.000000 0.000000 1.000000
1.000000 0.000000 0.000000 0.000000 0.000000 1.000000 -0.000000 0.000000 0.000000 0.000000 1.000000 0.000000 0.000000 0.000000 0.000000 1.000000
1.000000 0.000000 0.000000 0.000000 0.000000 1.000000 -0.000000 0.000000 0.000000 0.000000 1.000000 0.000000 0.000000 0.000000 0.000000 1.000000</float_array>
                    <technique_common>
                        <accessor source="#HIK_root_jnt-Matrix-animation-output-transform-array" count="10" stride="16">
                            <param type="float4x4"/>
                        </accessor>
                    </technique_common>
                </source>
                <source id="HIK_root_jnt-Interpolations">
                    <Name_array id="HIK_root_jnt-Interpolations-array" count="10">
 LINEAR LINEAR LINEAR LINEAR LINEAR LINEAR LINEAR LINEAR LINEAR LINEAR</Name_array>
                    <technique_common>
                        <accessor source="#HIK_root_jnt-Interpolations-array" count="10">
                            <param type="name"/>
                        </accessor>
                    </technique_common>
                </source>
                <sampler id="HIK_root_jnt-Matrix-animation-transform">
                    <input semantic="INPUT" source="#HIK_root_jnt-Matrix-animation-input"/>
                    <input semantic="OUTPUT" source="#HIK_root_jnt-Matrix-animation-output-transform"/>
                    <input semantic="INTERPOLATION" source="#HIK_root_jnt-Interpolations"/>
                </sampler>
                <channel source="#HIK_root_jnt-Matrix-animation-transform" target="HIK_root_jnt/matrix"/>
            </animation>
        </animation>
        <animation id="root_jnt-anim" name="root_jnt">
            <animation>
                <source id="root_jnt-Matrix-animation-input">
                    <float_array id="root_jnt-Matrix-animation-input-array" count="10">

0.000000 0.033333 0.066667 0.100000 0.133333 0.166667 0.200000 0.233333 0.266667 0.300000</float_array>
                    <technique_common>
                        <accessor source="#root_jnt-Matrix-animation-input-array" count="10">
                            <param name="TIME" type="float"/>
                        </accessor>
                    </technique_common>
                </source>
                <source id="root_jnt-Matrix-animation-output-transform">
                    <float_array id="root_jnt-Matrix-animation-output-transform-array" count="160">

1.000000 0.000000 0.000000 0.000000 0.000000 1.000000 -0.000000 0.000000 0.000000 0.000000 1.000000 0.000000 0.000000 0.000000 0.000000 1.000000
1.000000 0.000000 0.000000 0.000000 0.000000 1.000000 -0.000000 0.000000 0.000000 0.000000 1.000000 0.000000 0.000000 0.000000 0.000000 1.000000
1.000000 0.000000 0.000000 0.000000 0.000000 1.000000 -0.000000 0.000000 0.000000 0.000000 1.000000 0.000000 0.000000 0.000000 0.000000 1.000000
1.000000 0.000000 0.000000 0.000000 0.000000 1.000000 -0.000000 0.000000 0.000000 0.000000 1.000000 0.000000 0.000000 0.000000 0.000000 1.000000
1.000000 0.000000 0.000000 0.000000 0.000000 1.000000 -0.000000 0.000000 0.000000 0.000000 1.000000 0.000000 0.000000 0.000000 0.000000 1.000000
1.000000 0.000000 0.000000 0.000000 0.000000 1.000000 -0.000000 0.000000 0.000000 0.000000 1.000000 0.000000 0.000000 0.000000 0.000000 1.000000
1.000000 0.000000 0.000000 0.000000 0.000000 1.000000 -0.000000 0.000000 0.000000 0.000000 1.000000 0.000000 0.000000 0.000000 0.000000 1.000000
1.000000 0.000000 0.000000 0.000000 0.000000 1.000000 -0.000000 0.000000 0.000000 0.000000 1.000000 0.000000 0.000000 0.000000 0.000000 1.000000
1.000000 0.000000 0.000000 0.000000 0.000000 1.000000 -0.000000 0.000000 0.000000 0.000000 1.000000 0.000000 0.000000 0.000000 0.000000 1.000000
1.000000 0.000000 0.000000 0.000000 0.000000 1.000000 -0.000000 0.000000 0.000000 0.000000 1.000000 0.000000 0.000000 0.000000 0.000000 1.000000</float_array>
                    <technique_common>
                        <accessor source="#root_jnt-Matrix-animation-output-transform-array" count="10" stride="16">
                            <param type="float4x4"/>
                        </accessor>
                    </technique_common>
                </source>
                <source id="root_jnt-Interpolations">
                    <Name_array id="root_jnt-Interpolations-array" count="10">
 LINEAR LINEAR LINEAR LINEAR LINEAR LINEAR LINEAR LINEAR LINEAR LINEAR</Name_array>
                    <technique_common>
                        <accessor source="#root_jnt-Interpolations-array" count="10">
                            <param type="name"/>
                        </accessor>
                    </technique_common>
                </source>
                <sampler id="root_jnt-Matrix-animation-transform">
                    <input semantic="INPUT" source="#root_jnt-Matrix-animation-input"/>
                    <input semantic="OUTPUT" source="#root_jnt-Matrix-animation-output-transform"/>
                    <input semantic="INTERPOLATION" source="#root_jnt-Interpolations"/>
                </sampler>
                <channel source="#root_jnt-Matrix-animation-transform" target="root_jnt/matrix"/>
            </animation>
        </animation>
        <animation id="jnt_hips-anim" name="jnt_hips">
            <animation>
                <source id="jnt_hips-Matrix-animation-input">
                    <float_array id="jnt_hips-Matrix-animation-input-array" count="10">

0.000000 0.033333 0.066667 0.100000 0.133333 0.166667 0.200000 0.233333 0.266667 0.300000</float_array>
                    <technique_common>
                        <accessor source="#jnt_hips-Matrix-animation-input-array" count="10">
                            <param name="TIME" type="float"/>
                        </accessor>
                    </technique_common>
                </source>
                <source id="jnt_hips-Matrix-animation-output-transform">
                    <float_array id="jnt_hips-Matrix-animation-output-transform-array" count="160">

0.979381 0.028973 -0.199932 -0.000000 -0.033623 0.999236 -0.019902 1.941480 0.199203 0.026214 0.979608 -0.247371 0.000000 0.000000 0.000000 1.000000
0.977772 0.036318 -0.206502 -0.000000 -0.031104 0.999111 0.028442 1.941480 0.207352 -0.021387 0.978033 -0.247371 0.000000 0.000000 0.000000 1.000000
0.977230 0.036443 -0.209028 -0.000000 -0.028058 0.998684 0.042937 1.941480 0.210318 -0.036094 0.976967 -0.247371 0.000000 0.000000 0.000000 1.000000
0.977385 0.036538 -0.208286 -0.000000 -0.029071 0.998824 0.038803 1.941480 0.209459 -0.031871 0.977298 -0.247371 0.000000 0.000000 0.000000 1.000000
0.977660 0.036446 -0.207008 -0.000000 -0.030584 0.999037 0.031449 1.941480 0.207955 -0.024416 0.977834 -0.247371 0.000000 0.000000 0.000000 1.000000
0.978016 0.035867 -0.205423 -0.000000 -0.032066 0.999248 0.021804 1.941480 0.206051 -0.014738 0.978430 -0.247371 0.000000 0.000000 0.000000 1.000000
0.978406 0.034670 -0.203764 -0.000000 -0.033150 0.999391 0.010868 1.941480 0.204017 -0.003879 0.978960 -0.247371 0.000000 0.000000 0.000000 1.000000
0.978781 0.032965 -0.202241 -0.000000 -0.033704 0.999432 -0.000207 1.941480 0.202119 0.007019 0.979336 -0.247371 0.000000 0.000000 0.000000 1.000000
0.979093 0.031101 -0.201021 -0.000000 -0.033813 0.999377 -0.010070 1.941480 0.200583 0.016657 0.979535 -0.247371 0.000000 0.000000 0.000000 1.000000
0.979304 0.029587 -0.200221 -0.000000 -0.033703 0.999284 -0.017180 1.941480 0.199570 0.023572 0.979600 -0.247371 0.000000 0.000000 0.000000 1.000000</float_array>
                    <technique_common>
                        <accessor source="#jnt_hips-Matrix-animation-output-transform-array" count="10" stride="16">
                            <param type="float4x4"/>
                        </accessor>
                    </technique_common>
                </source>
                <source id="jnt_hips-Interpolations">
                    <Name_array id="jnt_hips-Interpolations-array" count="10">
 LINEAR LINEAR LINEAR LINEAR LINEAR LINEAR LINEAR LINEAR LINEAR LINEAR</Name_array>
                    <technique_common>
                        <accessor source="#jnt_hips-Interpolations-array" count="10">
                            <param type="name"/>
                        </accessor>
                    </technique_common>
                </source>
                <sampler id="jnt_hips-Matrix-animation-transform">
                    <input semantic="INPUT" source="#jnt_hips-Matrix-animation-input"/>
                    <input semantic="OUTPUT" source="#jnt_hips-Matrix-animation-output-transform"/>
                    <input semantic="INTERPOLATION" source="#jnt_hips-Interpolations"/>
                </sampler>
                <channel source="#jnt_hips-Matrix-animation-transform" target="jnt_hips/matrix"/>
            </animation>
        </animation>
        <animation id="jnt_height-anim" name="jnt_height">
            <animation>
                <source id="jnt_height-Matrix-animation-input">
                    <float_array id="jnt_height-Matrix-animation-input-array" count="10">

0.000000 0.033333 0.066667 0.100000 0.133333 0.166667 0.200000 0.233333 0.266667 0.300000</float_array>
                    <technique_common>
                        <accessor source="#jnt_height-Matrix-animation-input-array" count="10">
                            <param name="TIME" type="float"/>
                        </accessor>
                    </technique_common>
                </source>
                <source id="jnt_height-Matrix-animation-output-transform">
                    <float_array id="jnt_height-Matrix-animation-output-transform-array" count="160">

0.999343 0.033759 0.013196 -0.000000 -0.033492 0.999241 -0.019891 -0.000000 -0.013858 0.019436 0.999715 0.000000 0.000000 0.000000 0.000000 1.000000
0.999503 0.030939 0.006109 -0.000000 -0.031100 0.999111 0.028443 -0.000000 -0.005224 -0.028618 0.999577 0.000000 0.000000 0.000000 0.000000 1.000000
0.999603 0.027979 0.003237 0.000000 -0.028092 0.998683 0.042926 -0.000000 -0.002032 -0.042999 0.999073 0.000000 0.000000 0.000000 0.000000 1.000000
0.999572 0.028955 0.004094 -0.000000 -0.029093 0.998823 0.038796 -0.000000 -0.002966 -0.038899 0.999239 -0.000000 0.000000 0.000000 0.000000 1.000000
0.999522 0.030427 0.005544 0.000000 -0.030587 0.999037 0.031448 -0.000000 -0.004581 -0.031603 0.999490 -0.000000 0.000000 0.000000 0.000000 1.000000
0.999464 0.031896 0.007302 -0.000000 -0.032048 0.999248 0.021808 -0.000000 -0.006601 -0.022030 0.999735 -0.000000 0.000000 0.000000 0.000000 1.000000
0.999413 0.033012 0.009108 0.000000 -0.033110 0.999392 0.010875 -0.000000 -0.008743 -0.011170 0.999899 -0.000000 0.000000 0.000000 0.000000 1.000000
0.999376 0.033639 0.010741 -0.000000 -0.033639 0.999434 -0.000199 -0.000000 -0.010742 -0.000163 0.999942 -0.000000 0.000000 0.000000 0.000000 1.000000
0.999355 0.033840 0.012040 0.000000 -0.033720 0.999380 -0.010060 0.000000 -0.012373 0.009648 0.999877 0.000000 0.000000 0.000000 0.000000 1.000000
0.999345 0.033807 0.012889 -0.000000 -0.033583 0.999288 -0.017169 -0.000000 -0.013460 0.016725 0.999769 -0.000000 0.000000 0.000000 0.000000 1.000000</float_array>
                    <technique_common>
                        <accessor source="#jnt_height-Matrix-animation-output-transform-array" count="10" stride="16">
                            <param type="float4x4"/>
                        </accessor>
                    </technique_common>
                </source>
                <source id="jnt_height-Interpolations">
                    <Name_array id="jnt_height-Interpolations-array" count="10">
 LINEAR LINEAR LINEAR LINEAR LINEAR LINEAR LINEAR LINEAR LINEAR LINEAR</Name_array>
                    <technique_common>
                        <accessor source="#jnt_height-Interpolations-array" count="10">
                            <param type="name"/>
                        </accessor>
                    </technique_common>
                </source>
                <sampler id="jnt_height-Matrix-animation-transform">
                    <input semantic="INPUT" source="#jnt_height-Matrix-animation-input"/>
                    <input semantic="OUTPUT" source="#jnt_height-Matrix-animation-output-transform"/>
                    <input semantic="INTERPOLATION" source="#jnt_height-Interpolations"/>
                </sampler>
                <channel source="#jnt_height-Matrix-animation-transform" target="jnt_height/matrix"/>
            </animation>
        </animation>
        <animation id="jnt_spine1-anim" name="jnt_spine1">
            <animation>
                <source id="jnt_spine1-Matrix-animation-input">
                    <float_array id="jnt_spine1-Matrix-animation-input-array" count="10">

0.000000 0.033333 0.066667 0.100000 0.133333 0.166667 0.200000 0.233333 0.266667 0.300000</float_array>
                    <technique_common>
                        <accessor source="#jnt_spine1-Matrix-animation-input-array" count="10">
                            <param name="TIME" type="float"/>
                        </accessor>
                    </technique_common>
                </source>
                <source id="jnt_spine1-Matrix-animation-output-transform">
                    <float_array id="jnt_spine1-Matrix-animation-output-transform-array" count="160">

0.041228 0.014011 0.999052 -0.005844 0.999108 -0.009800 -0.041093 0.209026 0.009215 0.999854 -0.014402 0.038786 0.000000 0.000000 0.000000 1.000000
0.036046 0.006601 0.999329 -0.005844 0.999068 0.023555 -0.036193 0.209026 -0.023778 0.999701 -0.005745 0.038786 0.000000 0.000000 0.000000 1.000000
0.033940 0.003909 0.999417 -0.005844 0.998820 0.034619 -0.034055 0.209026 -0.034732 0.999393 -0.002729 0.038786 0.000000 0.000000 0.000000 1.000000
0.034564 0.004695 0.999392 -0.005844 0.998903 0.031440 -0.034695 0.209026 -0.031584 0.999495 -0.003603 0.038786 0.000000 0.000000 0.000000 1.000000
0.035628 0.006058 0.999347 -0.005844 0.999026 0.025828 -0.035774 0.209026 -0.026028 0.999648 -0.005132 0.038786 0.000000 0.000000 0.000000 1.000000
0.036933 0.007768 0.999288 -0.005844 0.999140 0.018599 -0.037072 0.209026 -0.018873 0.999797 -0.007074 0.038786 0.000000 0.000000 0.000000 1.000000
0.038280 0.009592 0.999221 -0.005844 0.999207 0.010652 -0.038381 0.209026 -0.011012 0.999897 -0.009177 0.038786 0.000000 0.000000 0.000000 1.000000
0.039490 0.011306 0.999156 -0.005844 0.999214 0.002940 -0.039526 0.209026 -0.003385 0.999932 -0.011181 0.038786 0.000000 0.000000 0.000000 1.000000
0.040430 0.012716 0.999102 -0.005844 0.999178 -0.003604 -0.040387 0.209026 0.003087 0.999913 -0.012851 0.038786 0.000000 0.000000 0.000000 1.000000
0.041021 0.013663 0.999065 -0.005844 0.999130 -0.008118 -0.040913 0.209026 0.007551 0.999874 -0.013985 0.038786 0.000000 0.000000 0.000000 1.000000</float_array>
                    <technique_common>
                        <accessor source="#jnt_spine1-Matrix-animation-output-transform-array" count="10" stride="16">
                            <param type="float4x4"/>
                        </accessor>
                    </technique_common>
                </source>
                <source id="jnt_spine1-Interpolations">
                    <Name_array id="jnt_spine1-Interpolations-array" count="10">
 LINEAR LINEAR LINEAR LINEAR LINEAR LINEAR LINEAR LINEAR LINEAR LINEAR</Name_array>
                    <technique_common>
                        <accessor source="#jnt_spine1-Interpolations-array" count="10">
                            <param type="name"/>
                        </accessor>
                    </technique_common>
                </source>
                <sampler id="jnt_spine1-Matrix-animation-transform">
                    <input semantic="INPUT" source="#jnt_spine1-Matrix-animation-input"/>
                    <input semantic="OUTPUT" source="#jnt_spine1-Matrix-animation-output-transform"/>
                    <input semantic="INTERPOLATION" source="#jnt_spine1-Interpolations"/>
                </sampler>
                <channel source="#jnt_spine1-Matrix-animation-transform" target="jnt_spine1/matrix"/>
            </animation>
        </animation>
        <animation id="jnt_spine2-anim" name="jnt_spine2">
            <animation>
                <source id="jnt_spine2-Matrix-animation-input">
                    <float_array id="jnt_spine2-Matrix-animation-input-array" count="10">

0.000000 0.033333 0.066667 0.100000 0.133333 0.166667 0.200000 0.233333 0.266667 0.300000</float_array>
                    <technique_common>
                        <accessor source="#jnt_spine2-Matrix-animation-input-array" count="10">
                            <param name="TIME" type="float"/>
                        </accessor>
                    </technique_common>
                </source>
                <source id="jnt_spine2-Matrix-animation-output-transform">
                    <float_array id="jnt_spine2-Matrix-animation-output-transform-array" count="160">

0.994144 0.078188 -0.074585 0.354983 -0.079948 0.996580 -0.020913 0.078525 0.072695 0.026753 0.996995 0.012378 0.000000 0.000000 0.000000 1.000000
0.993781 0.093296 -0.060781 0.354983 -0.094094 0.995509 -0.010394 0.078525 0.059538 0.016048 0.998097 0.012378 0.000000 0.000000 0.000000 1.000000
0.993021 0.100761 -0.061276 0.354983 -0.101432 0.994811 -0.007942 0.078525 0.060158 0.014102 0.998089 0.012378 0.000000 0.000000 0.000000 1.000000
0.993274 0.098504 -0.060842 0.354983 -0.099204 0.995030 -0.008585 0.078525 0.059694 0.014563 0.998110 0.012378 0.000000 0.000000 0.000000 1.000000
0.993652 0.094740 -0.060657 0.354983 -0.095505 0.995380 -0.009843 0.078525 0.059444 0.015573 0.998110 0.012378 0.000000 0.000000 0.000000 1.000000
0.994016 0.090314 -0.061433 0.354983 -0.091194 0.995765 -0.011676 0.078525 0.060119 0.017208 0.998043 0.012378 0.000000 0.000000 0.000000 1.000000
0.994265 0.086029 -0.063522 0.354983 -0.087079 0.996104 -0.013947 0.078525 0.062075 0.019398 0.997883 0.012378 0.000000 0.000000 0.000000 1.000000
0.994354 0.082496 -0.066735 0.354983 -0.083762 0.996351 -0.016390 0.078525 0.065139 0.021888 0.997636 0.012378 0.000000 0.000000 0.000000 1.000000
0.994305 0.080028 -0.070367 0.354983 -0.081524 0.996497 -0.018640 0.078525 0.068629 0.024270 0.997347 0.012378 0.000000 0.000000 0.000000 1.000000
0.994200 0.078637 -0.073364 0.354983 -0.080320 0.996563 -0.020282 0.078525 0.071517 0.026057 0.997099 0.012378 0.000000 0.000000 0.000000 1.000000</float_array>
                    <technique_common>
                        <accessor source="#jnt_spine2-Matrix-animation-output-transform-array" count="10" stride="16">
                            <param type="float4x4"/>
                        </accessor>
                    </technique_common>
                </source>
                <source id="jnt_spine2-Interpolations">
                    <Name_array id="jnt_spine2-Interpolations-array" count="10">
 LINEAR LINEAR LINEAR LINEAR LINEAR LINEAR LINEAR LINEAR LINEAR LINEAR</Name_array>
                    <technique_common>
                        <accessor source="#jnt_spine2-Interpolations-array" count="10">
                            <param type="name"/>
                        </accessor>
                    </technique_common>
                </source>
                <sampler id="jnt_spine2-Matrix-animation-transform">
                    <input semantic="INPUT" source="#jnt_spine2-Matrix-animation-input"/>
                    <input semantic="OUTPUT" source="#jnt_spine2-Matrix-animation-output-transform"/>
                    <input semantic="INTERPOLATION" source="#jnt_spine2-Interpolations"/>
                </sampler>
                <channel source="#jnt_spine2-Matrix-animation-transform" target="jnt_spine2/matrix"/>
            </animation>
        </animation>
        <animation id="jnt_spine3-anim" name="jnt_spine3">
            <animation>
                <source id="jnt_spine3-Matrix-animation-input">
                    <float_array id="jnt_spine3-Matrix-animation-input-array" count="10">

0.000000 0.033333 0.066667 0.100000 0.133333 0.166667 0.200000 0.233333 0.266667 0.300000</float_array>
                    <technique_common>
                        <accessor source="#jnt_spine3-Matrix-animation-input-array" count="10">
                            <param name="TIME" type="float"/>
                        </accessor>
                    </technique_common>
                </source>
                <source id="jnt_spine3-Matrix-animation-output-transform">
                    <float_array id="jnt_spine3-Matrix-animation-output-transform-array" count="160">

0.977323 0.178801 0.113448 0.727646 -0.209865 0.889270 0.406393 0.078480 -0.028222 -0.420986 0.906628 -0.093513 0.000000 0.000000 0.000000 1.000000
0.983931 0.137048 0.114441 0.727646 -0.172675 0.893431 0.414685 0.078480 -0.045413 -0.427783 0.902740 -0.093513 0.000000 0.000000 0.000000 1.000000
0.982812 0.144915 0.114366 0.727646 -0.179815 0.891706 0.415362 0.078479 -0.041788 -0.428788 0.902438 -0.093513 0.000000 0.000000 0.000000 1.000000
0.983307 0.141482 0.114409 0.727646 -0.176716 0.892360 0.415289 0.078480 -0.043339 -0.428574 0.902467 -0.093513 0.000000 0.000000 0.000000 1.000000
0.983834 0.137749 0.114442 0.727646 -0.173323 0.893198 0.414918 0.078480 -0.045065 -0.428046 0.902633 -0.093513 0.000000 0.000000 0.000000 1.000000
0.983929 0.137092 0.114409 0.727645 -0.172668 0.893741 0.414021 0.078480 -0.045493 -0.427122 0.903049 -0.093513 0.000000 0.000000 0.000000 1.000000
0.983309 0.141576 0.114282 0.727646 -0.176613 0.893660 0.412528 0.078480 -0.043725 -0.425826 0.903748 -0.093513 0.000000 0.000000 0.000000 1.000000
0.981911 0.151134 0.114062 0.727645 -0.185119 0.892827 0.410599 0.078480 -0.039782 -0.424286 0.904654 -0.093513 0.000000 0.000000 0.000000 1.000000
0.979973 0.163413 0.113790 0.727645 -0.196088 0.891402 0.408597 0.078480 -0.034663 -0.422727 0.905594 -0.093513 0.000000 0.000000 0.000000 1.000000
0.978134 0.174244 0.113550 0.727646 -0.205783 0.889936 0.407022 0.078480 -0.030131 -0.421488 0.906333 -0.093513 0.000000 0.000000 0.000000 1.000000</float_array>
                    <technique_common>
                        <accessor source="#jnt_spine3-Matrix-animation-output-transform-array" count="10" stride="16">
                            <param type="float4x4"/>
                        </accessor>
                    </technique_common>
                </source>
                <source id="jnt_spine3-Interpolations">
                    <Name_array id="jnt_spine3-Interpolations-array" count="10">
 LINEAR LINEAR LINEAR LINEAR LINEAR LINEAR LINEAR LINEAR LINEAR LINEAR</Name_array>
                    <technique_common>
                        <accessor source="#jnt_spine3-Interpolations-array" count="10">
                            <param type="name"/>
                        </accessor>
                    </technique_common>
                </source>
                <sampler id="jnt_spine3-Matrix-animation-transform">
                    <input semantic="INPUT" source="#jnt_spine3-Matrix-animation-input"/>
                    <input semantic="OUTPUT" source="#jnt_spine3-Matrix-animation-output-transform"/>
                    <input semantic="INTERPOLATION" source="#jnt_spine3-Interpolations"/>
                </sampler>
                <channel source="#jnt_spine3-Matrix-animation-transform" target="jnt_spine3/matrix"/>
            </animation>
        </animation>
        <animation id="jnt_neck-anim" name="jnt_neck">
            <animation>
                <source id="jnt_neck-Matrix-animation-input">
                    <float_array id="jnt_neck-Matrix-animation-input-array" count="10">

0.000000 0.033333 0.066667 0.100000 0.133333 0.166667 0.200000 0.233333 0.266667 0.300000</float_array>
                    <technique_common>
                        <accessor source="#jnt_neck-Matrix-animation-input-array" count="10">
                            <param name="TIME" type="float"/>
                        </accessor>
                    </technique_common>
                </source>
                <source id="jnt_neck-Matrix-animation-output-transform">
                    <float_array id="jnt_neck-Matrix-animation-output-transform-array" count="160">

0.975037 -0.218498 0.039524 0.680426 0.209566 0.846719 -0.489029 0.270154 0.073386 0.485104 0.871371 -0.297846 0.000000 0.000000 0.000000 1.000000
0.879114 -0.476223 0.019240 0.680426 0.410435 0.735911 -0.538497 0.270155 0.242286 0.481297 0.842407 -0.297846 0.000000 0.000000 0.000000 1.000000
0.819574 -0.572133 0.031035 0.680426 0.491680 0.674449 -0.550790 0.270155 0.294193 0.466672 0.834066 -0.297846 0.000000 0.000000 0.000000 1.000000
0.838456 -0.544323 0.026556 0.680426 0.467774 0.693828 -0.547531 0.270155 0.279608 0.471503 0.836363 -0.297846 0.000000 0.000000 0.000000 1.000000
0.868248 -0.495694 0.020819 0.680426 0.426658 0.724594 -0.541227 0.270155 0.253198 0.478802 0.840618 -0.297846 0.000000 0.000000 0.000000 1.000000
0.900587 -0.434335 0.017206 0.680425 0.375991 0.758526 -0.532229 0.270155 0.218114 0.485788 0.846425 -0.297846 0.000000 0.000000 0.000000 1.000000
0.929170 -0.369226 0.017781 0.680426 0.323720 0.789544 -0.521369 0.270155 0.178464 0.490197 0.853146 -0.297846 0.000000 0.000000 0.000000 1.000000
0.950758 -0.309109 0.022625 0.680425 0.276918 0.814418 -0.509941 0.270155 0.139201 0.491095 0.859912 -0.297846 0.000000 0.000000 0.000000 1.000000
0.964865 -0.261038 0.029934 0.680426 0.240643 0.832196 -0.499541 0.270155 0.105488 0.489193 0.865773 -0.297846 0.000000 0.000000 0.000000 1.000000
0.972563 -0.229733 0.036664 0.680426 0.217667 0.842972 -0.491953 0.270155 0.082111 0.486435 0.869849 -0.297846 0.000000 0.000000 0.000000 1.000000</float_array>
                    <technique_common>
                        <accessor source="#jnt_neck-Matrix-animation-output-transform-array" count="10" stride="16">
                            <param type="float4x4"/>
                        </accessor>
                    </technique_common>
                </source>
                <source id="jnt_neck-Interpolations">
                    <Name_array id="jnt_neck-Interpolations-array" count="10">
 LINEAR LINEAR LINEAR LINEAR LINEAR LINEAR LINEAR LINEAR LINEAR LINEAR</Name_array>
                    <technique_common>
                        <accessor source="#jnt_neck-Interpolations-array" count="10">
                            <param type="name"/>
                        </accessor>
                    </technique_common>
                </source>
                <sampler id="jnt_neck-Matrix-animation-transform">
                    <input semantic="INPUT" source="#jnt_neck-Matrix-animation-input"/>
                    <input semantic="OUTPUT" source="#jnt_neck-Matrix-animation-output-transform"/>
                    <input semantic="INTERPOLATION" source="#jnt_neck-Interpolations"/>
                </sampler>
                <channel source="#jnt_neck-Matrix-animation-transform" target="jnt_neck/matrix"/>
            </animation>
        </animation>
        <animation id="jnt_head-anim" name="jnt_head">
            <animation>
                <source id="jnt_head-Matrix-animation-input">
                    <float_array id="jnt_head-Matrix-animation-input-array" count="10">

0.000000 0.033333 0.066667 0.100000 0.133333 0.166667 0.200000 0.233333 0.266667 0.300000</float_array>
                    <technique_common>
                        <accessor source="#jnt_head-Matrix-animation-input-array" count="10">
                            <param name="TIME" type="float"/>
                        </accessor>
                    </technique_common>
                </source>
                <source id="jnt_head-Matrix-animation-output-transform">
                    <float_array id="jnt_head-Matrix-animation-output-transform-array" count="160">

0.915093 0.163818 0.368467 0.273591 -0.138862 0.985892 -0.093454 0.000002 -0.378578 0.034353 0.924932 -0.000000 0.000000 0.000000 0.000000 1.000000
0.875588 0.326816 0.355719 0.273591 -0.289621 0.944525 -0.154891 0.000002 -0.386607 0.032597 0.921668 -0.000000 0.000000 0.000000 0.000000 1.000000
0.857920 0.381657 0.343964 0.273591 -0.341327 0.923764 -0.173653 0.000002 -0.384018 0.031576 0.922786 0.000000 0.000000 0.000000 0.000000 1.000000
0.863238 0.365913 0.347747 0.273591 -0.326404 0.930102 -0.168435 0.000002 -0.385073 0.031893 0.922335 0.000000 0.000000 0.000000 0.000000 1.000000
0.872150 0.338088 0.353624 0.273591 -0.300189 0.940557 -0.158870 0.000001 -0.386316 0.032405 0.921797 -0.000000 0.000000 0.000000 0.000000 1.000000
0.882745 0.302252 0.359729 0.273591 -0.266674 0.952657 -0.146046 0.000001 -0.386841 0.032991 0.921556 -0.000000 0.000000 0.000000 0.000000 1.000000
0.893256 0.262997 0.364589 0.273591 -0.230208 0.964213 -0.131519 0.000002 -0.386131 0.033548 0.921834 0.000000 0.000000 0.000000 0.000000 1.000000
0.902349 0.225193 0.367497 0.273592 -0.195277 0.973722 -0.117189 0.000002 -0.384230 0.033982 0.922612 -0.000000 0.000000 0.000000 0.000000 1.000000
0.909239 0.193462 0.368588 0.273591 -0.166072 0.980510 -0.104977 0.000002 -0.381713 0.034237 0.923647 -0.000000 0.000000 0.000000 0.000000 1.000000
0.913566 0.171822 0.368610 0.273591 -0.146202 0.984530 -0.096575 0.000002 -0.379501 0.034336 0.924554 0.000000 0.000000 0.000000 0.000000 1.000000</float_array>
                    <technique_common>
                        <accessor source="#jnt_head-Matrix-animation-output-transform-array" count="10" stride="16">
                            <param type="float4x4"/>
                        </accessor>
                    </technique_common>
                </source>
                <source id="jnt_head-Interpolations">
                    <Name_array id="jnt_head-Interpolations-array" count="10">
 LINEAR LINEAR LINEAR LINEAR LINEAR LINEAR LINEAR LINEAR LINEAR LINEAR</Name_array>
                    <technique_common>
                        <accessor source="#jnt_head-Interpolations-array" count="10">
                            <param type="name"/>
                        </accessor>
                    </technique_common>
                </source>
                <sampler id="jnt_head-Matrix-animation-transform">
                    <input semantic="INPUT" source="#jnt_head-Matrix-animation-input"/>
                    <input semantic="OUTPUT" source="#jnt_head-Matrix-animation-output-transform"/>
                    <input semantic="INTERPOLATION" source="#jnt_head-Interpolations"/>
                </sampler>
                <channel source="#jnt_head-Matrix-animation-transform" target="jnt_head/matrix"/>
            </animation>
        </animation>
        <animation id="jnt_headappend-anim" name="jnt_headappend">
            <animation>
                <source id="jnt_headappend-Matrix-animation-input">
                    <float_array id="jnt_headappend-Matrix-animation-input-array" count="10">

0.000000 0.033333 0.066667 0.100000 0.133333 0.166667 0.200000 0.233333 0.266667 0.300000</float_array>
                    <technique_common>
                        <accessor source="#jnt_headappend-Matrix-animation-input-array" count="10">
                            <param name="TIME" type="float"/>
                        </accessor>
                    </technique_common>
                </source>
                <source id="jnt_headappend-Matrix-animation-output-transform">
                    <float_array id="jnt_headappend-Matrix-animation-output-transform-array" count="160">

1.000000 0.000000 -0.000000 0.000000 -0.000000 1.000000 -0.000000 -0.000000 0.000000 0.000000 1.000000 -0.000000 0.000000 0.000000 0.000000 1.000000
1.000000 0.000000 -0.000000 0.000000 -0.000000 1.000000 -0.000000 0.000000 0.000000 0.000000 1.000000 0.000000 0.000000 0.000000 0.000000 1.000000
1.000000 0.000000 -0.000000 0.000001 -0.000000 1.000000 0.000000 -0.000000 0.000000 -0.000000 1.000000 0.000000 0.000000 0.000000 0.000000 1.000000
1.000000 0.000000 -0.000000 -0.000000 -0.000000 1.000000 -0.000000 -0.000000 0.000000 0.000000 1.000000 0.000000 0.000000 0.000000 0.000000 1.000000
1.000000 0.000000 -0.000000 0.000000 -0.000000 1.000000 0.000000 0.000000 0.000000 -0.000000 1.000000 0.000000 0.000000 0.000000 0.000000 1.000000
1.000000 0.000000 -0.000000 0.000000 -0.000000 1.000000 0.000000 0.000000 0.000000 -0.000000 1.000000 -0.000000 0.000000 0.000000 0.000000 1.000000
1.000000 0.000000 -0.000000 -0.000000 -0.000000 1.000000 -0.000000 -0.000000 0.000000 0.000000 1.000000 0.000000 0.000000 0.000000 0.000000 1.000000
1.000000 0.000000 -0.000000 0.000000 -0.000000 1.000000 -0.000000 0.000000 0.000000 0.000000 1.000000 -0.000000 0.000000 0.000000 0.000000 1.000000
1.000000 0.000000 -0.000000 0.000000 -0.000000 1.000000 -0.000000 -0.000000 0.000000 0.000000 1.000000 0.000000 0.000000 0.000000 0.000000 1.000000
1.000000 0.000000 -0.000000 0.000000 -0.000000 1.000000 -0.000000 -0.000000 0.000000 0.000000 1.000000 -0.000000 0.000000 0.000000 0.000000 1.000000</float_array>
                    <technique_common>
                        <accessor source="#jnt_headappend-Matrix-animation-output-transform-array" count="10" stride="16">
                            <param type="float4x4"/>
                        </accessor>
                    </technique_common>
                </source>
                <source id="jnt_headappend-Interpolations">
                    <Name_array id="jnt_headappend-Interpolations-array" count="10">
 LINEAR LINEAR LINEAR LINEAR LINEAR LINEAR LINEAR LINEAR LINEAR LINEAR</Name_array>
                    <technique_common>
                        <accessor source="#jnt_headappend-Interpolations-array" count="10">
