<?xml version="1.0" encoding="utf-8"?>
<COLLADA xmlns="http://www.collada.org/2005/11/COLLADASchema" version="1.4.1">
    <asset>
        <contributor>
            <author></author>
            <authoring_tool>FBX COLLADA exporter</authoring_tool>
            <comments></comments>
        </contributor>
        <created>2022-10-05T20:22:32Z</created>
        <keywords></keywords>
        <modified>2022-10-05T20:22:32Z</modified>
        <revision></revision>
        <subject></subject>
        <title></title>
        <unit meter="0.010000" name="centimeter"></unit>
        <up_axis>Y_UP</up_axis>
    </asset>
    <library_animations>
        <animation id="Character-anim" name="Character">
            <animation>
                <source id="Character-Matrix-animation-input">
                    <float_array id="Character-Matrix-animation-input-array" count="6">

0.000000 0.033333 0.066667 0.100000 0.133333 0.166667</float_array>
                    <technique_common>
                        <accessor source="#Character-Matrix-animation-input-array" count="6">
                            <param name="TIME" type="float"/>
                        </accessor>
                    </technique_common>
                </source>
                <source id="Character-Matrix-animation-output-transform">
                    <float_array id="Character-Matrix-animation-output-transform-array" count="96">

1.000000 0.000000 0.000000 0.000000 0.000000 1.000000 -0.000000 0.000000 0.000000 0.000000 1.000000 0.000000 0.000000 0.000000 0.000000 1.000000
1.000000 0.000000 0.000000 0.000000 0.000000 1.000000 -0.000000 0.000000 0.000000 0.000000 1.000000 0.000000 0.000000 0.000000 0.000000 1.000000
1.000000 0.000000 0.000000 0.000000 0.000000 1.000000 -0.000000 0.000000 0.000000 0.000000 1.000000 0.000000 0.000000 0.000000 0.000000 1.000000
1.000000 0.000000 0.000000 0.000000 0.000000 1.000000 -0.000000 0.000000 0.000000 0.000000 1.000000 0.000000 0.000000 0.000000 0.000000 1.000000
1.000000 0.000000 0.000000 0.000000 0.000000 1.000000 -0.000000 0.000000 0.000000 0.000000 1.000000 0.000000 0.000000 0.000000 0.000000 1.000000
1.000000 0.000000 0.000000 0.000000 0.000000 1.000000 -0.000000 0.000000 0.000000 0.000000 1.000000 0.000000 0.000000 0.000000 0.000000 1.000000</float_array>
                    <technique_common>
                        <accessor source="#Character-Matrix-animation-output-transform-array" count="6" stride="16">
                            <param type="float4x4"/>
                        </accessor>
                    </technique_common>
                </source>
                <source id="Character-Interpolations">
                    <Name_array id="Character-Interpolations-array" count="6">
 LINEAR LINEAR LINEAR LINEAR LINEAR LINEAR</Name_array>
                    <technique_common>
                        <accessor source="#Character-Interpolations-array" count="6">
                            <param type="name"/>
                        </accessor>
                    </technique_common>
                </source>
                <sampler id="Character-Matrix-animation-transform">
                    <input semantic="INPUT" source="#Character-Matrix-animation-input"/>
                    <input semantic="OUTPUT" source="#Character-Matrix-animation-output-transform"/>
                    <input semantic="INTERPOLATION" source="#Character-Interpolations"/>
                </sampler>
                <channel source="#Character-Matrix-animation-transform" target="Character/matrix"/>
            </animation>
        </animation>
        <animation id="HIK_root_jnt-anim" name="HIK_root_jnt">
            <animation>
                <source id="HIK_root_jnt-Matrix-animation-input">
                    <float_array id="HIK_root_jnt-Matrix-animation-input-array" count="6">

0.000000 0.033333 0.066667 0.100000 0.133333 0.166667</float_array>
                    <technique_common>
                        <accessor source="#HIK_root_jnt-Matrix-animation-input-array" count="6">
                            <param name="TIME" type="float"/>
                        </accessor>
                    </technique_common>
                </source>
                <source id="HIK_root_jnt-Matrix-animation-output-transform">
                    <float_array id="HIK_root_jnt-Matrix-animation-output-transform-array" count="96">

1.000000 0.000000 0.000000 0.000000 0.000000 1.000000 -0.000000 0.000000 0.000000 0.000000 1.000000 0.000000 0.000000 0.000000 0.000000 1.000000
1.000000 0.000000 0.000000 0.000000 0.000000 1.000000 -0.000000 0.000000 0.000000 0.000000 1.000000 0.000000 0.000000 0.000000 0.000000 1.000000
1.000000 0.000000 0.000000 0.000000 0.000000 1.000000 -0.000000 0.000000 0.000000 0.000000 1.000000 0.000000 0.000000 0.000000 0.000000 1.000000
1.000000 0.000000 0.000000 0.000000 0.000000 1.000000 -0.000000 0.000000 0.000000 0.000000 1.000000 0.000000 0.000000 0.000000 0.000000 1.000000
1.000000 0.000000 0.000000 0.000000 0.000000 1.000000 -0.000000 0.000000 0.000000 0.000000 1.000000 0.000000 0.000000 0.000000 0.000000 1.000000
1.000000 0.000000 0.000000 0.000000 0.000000 1.000000 -0.000000 0.000000 0.000000 0.000000 1.000000 0.000000 0.000000 0.000000 0.000000 1.000000</float_array>
                    <technique_common>
                        <accessor source="#HIK_root_jnt-Matrix-animation-output-transform-array" count="6" stride="16">
                            <param type="float4x4"/>
                        </accessor>
                    </technique_common>
                </source>
                <source id="HIK_root_jnt-Interpolations">
                    <Name_array id="HIK_root_jnt-Interpolations-array" count="6">
 LINEAR LINEAR LINEAR LINEAR LINEAR LINEAR</Name_array>
                    <technique_common>
                        <accessor source="#HIK_root_jnt-Interpolations-array" count="6">
                            <param type="name"/>
                        </accessor>
                    </technique_common>
                </source>
                <sampler id="HIK_root_jnt-Matrix-animation-transform">
                    <input semantic="INPUT" source="#HIK_root_jnt-Matrix-animation-input"/>
                    <input semantic="OUTPUT" source="#HIK_root_jnt-Matrix-animation-output-transform"/>
                    <input semantic="INTERPOLATION" source="#HIK_root_jnt-Interpolations"/>
                </sampler>
                <channel source="#HIK_root_jnt-Matrix-animation-transform" target="HIK_root_jnt/matrix"/>
            </animation>
        </animation>
        <animation id="root_jnt-anim" name="root_jnt">
            <animation>
                <source id="root_jnt-Matrix-animation-input">
                    <float_array id="root_jnt-Matrix-animation-input-array" count="6">

0.000000 0.033333 0.066667 0.100000 0.133333 0.166667</float_array>
                    <technique_common>
                        <accessor source="#root_jnt-Matrix-animation-input-array" count="6">
                            <param name="TIME" type="float"/>
                        </accessor>
                    </technique_common>
                </source>
                <source id="root_jnt-Matrix-animation-output-transform">
                    <float_array id="root_jnt-Matrix-animation-output-transform-array" count="96">

1.000000 0.000000 0.000000 0.000000 0.000000 1.000000 -0.000000 0.000000 0.000000 0.000000 1.000000 0.000000 0.000000 0.000000 0.000000 1.000000
1.000000 0.000000 0.000000 0.000000 0.000000 1.000000 -0.000000 0.000000 0.000000 0.000000 1.000000 0.000000 0.000000 0.000000 0.000000 1.000000
1.000000 0.000000 0.000000 0.000000 0.000000 1.000000 -0.000000 0.000000 0.000000 0.000000 1.000000 0.000000 0.000000 0.000000 0.000000 1.000000
1.000000 0.000000 0.000000 0.000000 0.000000 1.000000 -0.000000 0.000000 0.000000 0.000000 1.000000 0.000000 0.000000 0.000000 0.000000 1.000000
1.000000 0.000000 0.000000 0.000000 0.000000 1.000000 -0.000000 0.000000 0.000000 0.000000 1.000000 0.000000 0.000000 0.000000 0.000000 1.000000
1.000000 0.000000 0.000000 0.000000 0.000000 1.000000 -0.000000 0.000000 0.000000 0.000000 1.000000 0.000000 0.000000 0.000000 0.000000 1.000000</float_array>
                    <technique_common>
                        <accessor source="#root_jnt-Matrix-animation-output-transform-array" count="6" stride="16">
                            <param type="float4x4"/>
                        </accessor>
                    </technique_common>
                </source>
                <source id="root_jnt-Interpolations">
                    <Name_array id="root_jnt-Interpolations-array" count="6">
 LINEAR LINEAR LINEAR LINEAR LINEAR LINEAR</Name_array>
                    <technique_common>
                        <accessor source="#root_jnt-Interpolations-array" count="6">
                            <param type="name"/>
                        </accessor>
                    </technique_common>
                </source>
                <sampler id="root_jnt-Matrix-animation-transform">
                    <input semantic="INPUT" source="#root_jnt-Matrix-animation-input"/>
                    <input semantic="OUTPUT" source="#root_jnt-Matrix-animation-output-transform"/>
                    <input semantic="INTERPOLATION" source="#root_jnt-Interpolations"/>
                </sampler>
                <channel source="#root_jnt-Matrix-animation-transform" target="root_jnt/matrix"/>
            </animation>
        </animation>
        <animation id="jnt_hips-anim" name="jnt_hips">
            <animation>
                <source id="jnt_hips-Matrix-animation-input">
                    <float_array id="jnt_hips-Matrix-animation-input-array" count="6">

0.000000 0.033333 0.066667 0.100000 0.133333 0.166667</float_array>
                    <technique_common>
                        <accessor source="#jnt_hips-Matrix-animation-input-array" count="6">
                            <param name="TIME" type="float"/>
                        </accessor>
                    </technique_common>
                </source>
                <source id="jnt_hips-Matrix-animation-output-transform">
                    <float_array id="jnt_hips-Matrix-animation-output-transform-array" count="96">

0.952804 0.100914 -0.286323 0.000000 -0.074732 0.992079 0.100969 1.733227 0.294244 -0.074806 0.952798 -0.128626 0.000000 0.000000 0.000000 1.000000
0.952785 0.101377 -0.286224 0.000000 -0.087803 0.994335 0.059905 1.733227 0.290675 -0.031945 0.956288 -0.128626 0.000000 0.000000 0.000000 1.000000
0.952804 0.100914 -0.286323 0.000000 -0.100093 0.994824 0.017543 1.733227 0.286611 0.011944 0.957973 -0.128626 0.000000 0.000000 0.000000 1.000000
0.952101 0.109541 -0.285489 0.000000 -0.076639 0.989317 0.124006 1.733227 0.296023 -0.096187 0.950326 -0.128626 0.000000 0.000000 0.000000 1.000000
0.950808 0.108808 -0.290044 0.000000 -0.028420 0.962976 0.268086 1.733227 0.308475 -0.246655 0.918697 -0.128626 0.000000 0.000000 0.000000 1.000000
0.950593 0.106914 -0.291448 0.000000 -0.024758 0.961944 0.272124 1.733227 0.309451 -0.251464 0.917064 -0.128626 0.000000 0.000000 0.000000 1.000000</float_array>
                    <technique_common>
                        <accessor source="#jnt_hips-Matrix-animation-output-transform-array" count="6" stride="16">
                            <param type="float4x4"/>
                        </accessor>
                    </technique_common>
                </source>
                <source id="jnt_hips-Interpolations">
                    <Name_array id="jnt_hips-Interpolations-array" count="6">
 LINEAR LINEAR LINEAR LINEAR LINEAR LINEAR</Name_array>
                    <technique_common>
                        <accessor source="#jnt_hips-Interpolations-array" count="6">
                            <param type="name"/>
                        </accessor>
                    </technique_common>
                </source>
                <sampler id="jnt_hips-Matrix-animation-transform">
                    <input semantic="INPUT" source="#jnt_hips-Matrix-animation-input"/>
                    <input semantic="OUTPUT" source="#jnt_hips-Matrix-animation-output-transform"/>
                    <input semantic="INTERPOLATION" source="#jnt_hips-Interpolations"/>
                </sampler>
                <channel source="#jnt_hips-Matrix-animation-transform" target="jnt_hips/matrix"/>
            </animation>
        </animation>
        <animation id="jnt_height-anim" name="jnt_height">
            <animation>
                <source id="jnt_height-Matrix-animation-input">
                    <float_array id="jnt_height-Matrix-animation-input-array" count="6">

0.000000 0.033333 0.066667 0.100000 0.133333 0.166667</float_array>
                    <technique_common>
                        <accessor source="#jnt_height-Matrix-animation-input-array" count="6">
                            <param name="TIME" type="float"/>
                        </accessor>
                    </technique_common>
                </source>
                <source id="jnt_height-Matrix-animation-output-transform">
                    <float_array id="jnt_height-Matrix-animation-output-transform-array" count="96">

0.995543 0.086903 0.036647 0.000000 -0.087682 0.995943 0.020236 0.000000 -0.034740 -0.023359 0.999123 0.000000 0.000000 0.000000 0.000000 1.000000
0.995512 0.087199 0.036783 -0.000000 -0.088003 0.995902 0.020831 0.000000 -0.034816 -0.023975 0.999106 0.000000 0.000000 0.000000 0.000000 1.000000
0.995543 0.086903 0.036647 0.000000 -0.087682 0.995943 0.020236 -0.000000 -0.034740 -0.023359 0.999123 0.000000 0.000000 0.000000 0.000000 1.000000
0.995284 0.089873 0.036513 0.000000 -0.091276 0.995070 0.038783 0.000000 -0.032847 -0.041933 0.998580 0.000000 0.000000 0.000000 0.000000 1.000000
0.995838 0.085320 0.032040 0.000000 -0.086847 0.994978 0.049761 -0.000000 -0.027634 -0.052337 0.998247 0.000000 0.000000 0.000000 0.000000 1.000000
0.996048 0.083320 0.030780 0.000000 -0.084781 0.995160 0.049694 0.000000 -0.026491 -0.052107 0.998290 -0.000000 0.000000 0.000000 0.000000 1.000000</float_array>
                    <technique_common>
                        <accessor source="#jnt_height-Matrix-animation-output-transform-array" count="6" stride="16">
                            <param type="float4x4"/>
                        </accessor>
                    </technique_common>
                </source>
                <source id="jnt_height-Interpolations">
                    <Name_array id="jnt_height-Interpolations-array" count="6">
 LINEAR LINEAR LINEAR LINEAR LINEAR LINEAR</Name_array>
                    <technique_common>
                        <accessor source="#jnt_height-Interpolations-array" count="6">
                            <param type="name"/>
                        </accessor>
                    </technique_common>
                </source>
                <sampler id="jnt_height-Matrix-animation-transform">
                    <input semantic="INPUT" source="#jnt_height-Matrix-animation-input"/>
                    <input semantic="OUTPUT" source="#jnt_height-Matrix-animation-output-transform"/>
                    <input semantic="INTERPOLATION" source="#jnt_height-Interpolations"/>
                </sampler>
                <channel source="#jnt_height-Matrix-animation-transform" target="jnt_height/matrix"/>
            </animation>
        </animation>
        <animation id="jnt_spine1-anim" name="jnt_spine1">
            <animation>
                <source id="jnt_spine1-Matrix-animation-input">
                    <float_array id="jnt_spine1-Matrix-animation-input-array" count="6">

0.000000 0.033333 0.066667 0.100000 0.133333 0.166667</float_array>
                    <technique_common>
                        <accessor source="#jnt_spine1-Matrix-animation-input-array" count="6">
                            <param name="TIME" type="float"/>
                        </accessor>
                    </technique_common>
                </source>
                <source id="jnt_spine1-Matrix-animation-output-transform">
                    <float_array id="jnt_spine1-Matrix-animation-output-transform-array" count="96">

0.050991 0.028472 0.998294 -0.005844 0.997773 -0.044507 -0.049695 0.209026 0.043016 0.998603 -0.030678 0.038786 0.000000 0.000000 0.000000 1.000000
0.050986 0.028521 0.998292 -0.005844 0.997762 -0.044761 -0.049681 0.209027 0.043267 0.998591 -0.030739 0.038786 0.000000 0.000000 0.000000 1.000000
0.050991 0.028473 0.998294 -0.005844 0.997773 -0.044507 -0.049695 0.209026 0.043017 0.998604 -0.030679 0.038786 0.000000 0.000000 0.000000 1.000000
0.048706 0.026843 0.998453 -0.005844 0.998065 -0.040002 -0.047612 0.209027 0.038662 0.998839 -0.028739 0.038786 0.000000 0.000000 0.000000 1.000000
0.045737 0.022832 0.998693 -0.005844 0.998678 -0.024538 -0.045175 0.209026 0.023475 0.999438 -0.023925 0.038786 0.000000 0.000000 0.000000 1.000000
0.045308 0.021992 0.998732 -0.005844 0.998774 -0.020975 -0.044848 0.209027 0.019962 0.999538 -0.022915 0.038786 0.000000 0.000000 0.000000 1.000000</float_array>
                    <technique_common>
                        <accessor source="#jnt_spine1-Matrix-animation-output-transform-array" count="6" stride="16">
                            <param type="float4x4"/>
                        </accessor>
                    </technique_common>
                </source>
                <source id="jnt_spine1-Interpolations">
                    <Name_array id="jnt_spine1-Interpolations-array" count="6">
 LINEAR LINEAR LINEAR LINEAR LINEAR LINEAR</Name_array>
                    <technique_common>
                        <accessor source="#jnt_spine1-Interpolations-array" count="6">
                            <param type="name"/>
                        </accessor>
                    </technique_common>
                </source>
                <sampler id="jnt_spine1-Matrix-animation-transform">
                    <input semantic="INPUT" source="#jnt_spine1-Matrix-animation-input"/>
                    <input semantic="OUTPUT" source="#jnt_spine1-Matrix-animation-output-transform"/>
                    <input semantic="INTERPOLATION" source="#jnt_spine1-Interpolations"/>
                </sampler>
                <channel source="#jnt_spine1-Matrix-animation-transform" target="jnt_spine1/matrix"/>
            </animation>
        </animation>
        <animation id="jnt_spine2-anim" name="jnt_spine2">
            <animation>
                <source id="jnt_spine2-Matrix-animation-input">
                    <float_array id="jnt_spine2-Matrix-animation-input-array" count="6">

0.000000 0.033333 0.066667 0.100000 0.133333 0.166667</float_array>
                    <technique_common>
                        <accessor source="#jnt_spine2-Matrix-animation-input-array" count="6">
                            <param name="TIME" type="float"/>
                        </accessor>
                    </technique_common>
                </source>
                <source id="jnt_spine2-Matrix-animation-output-transform">
                    <float_array id="jnt_spine2-Matrix-animation-output-transform-array" count="96">

0.976587 -0.214154 0.020384 0.354983 0.214765 0.976035 -0.035083 0.078525 -0.012382 0.038639 0.999176 0.012378 0.000000 0.000000 0.000000 1.000000
0.976272 -0.215482 0.021445 0.354983 0.216131 0.975742 -0.034847 0.078525 -0.013416 0.038656 0.999162 0.012378 0.000000 0.000000 0.000000 1.000000
0.976587 -0.214154 0.020384 0.354983 0.214766 0.976035 -0.035083 0.078525 -0.012382 0.038639 0.999176 0.012378 0.000000 0.000000 0.000000 1.000000
0.972553 -0.229380 0.039077 0.354983 0.230537 0.972654 -0.028201 0.078525 -0.031540 0.036436 0.998838 0.012378 0.000000 0.000000 0.000000 1.000000
0.976849 -0.211130 0.034493 0.354984 0.212045 0.976929 -0.025426 0.078525 -0.028329 0.032151 0.999081 0.012378 0.000000 0.000000 0.000000 1.000000
0.978693 -0.203182 0.029618 0.354983 0.203955 0.978637 -0.025933 0.078525 -0.023716 0.031421 0.999225 0.012378 0.000000 0.000000 0.000000 1.000000</float_array>
                    <technique_common>
                        <accessor source="#jnt_spine2-Matrix-animation-output-transform-array" count="6" stride="16">
                            <param type="float4x4"/>
                        </accessor>
                    </technique_common>
                </source>
                <source id="jnt_spine2-Interpolations">
                    <Name_array id="jnt_spine2-Interpolations-array" count="6">
 LINEAR LINEAR LINEAR LINEAR LINEAR LINEAR</Name_array>
                    <technique_common>
                        <accessor source="#jnt_spine2-Interpolations-array" count="6">
                            <param type="name"/>
                        </accessor>
                    </technique_common>
                </source>
                <sampler id="jnt_spine2-Matrix-animation-transform">
                    <input semantic="INPUT" source="#jnt_spine2-Matrix-animation-input"/>
                    <input semantic="OUTPUT" source="#jnt_spine2-Matrix-animation-output-transform"/>
                    <input semantic="INTERPOLATION" source="#jnt_spine2-Interpolations"/>
                </sampler>
                <channel source="#jnt_spine2-Matrix-animation-transform" target="jnt_spine2/matrix"/>
            </animation>
        </animation>
        <animation id="jnt_spine3-anim" name="jnt_spine3">
            <animation>
                <source id="jnt_spine3-Matrix-animation-input">
                    <float_array id="jnt_spine3-Matrix-animation-input-array" count="6">

0.000000 0.033333 0.066667 0.100000 0.133333 0.166667</float_array>
                    <technique_common>
                        <accessor source="#jnt_spine3-Matrix-animation-input-array" count="6">
                            <param name="TIME" type="float"/>
                        </accessor>
                    </technique_common>
                </source>
                <source id="jnt_spine3-Matrix-animation-output-transform">
                    <float_array id="jnt_spine3-Matrix-animation-output-transform-array" count="96">

0.993319 -0.026898 -0.112229 0.727646 0.083754 0.837057 0.540667 0.078479 0.079400 -0.546454 0.833717 -0.093513 0.000000 0.000000 0.000000 1.000000
0.993224 -0.030222 -0.112213 0.727645 0.086508 0.837030 0.540274 0.078480 0.077597 -0.546321 0.833973 -0.093513 0.000000 0.000000 0.000000 1.000000
0.993319 -0.026899 -0.112229 0.727645 0.083754 0.837057 0.540667 0.078480 0.079399 -0.546454 0.833717 -0.093513 0.000000 0.000000 0.000000 1.000000
0.990458 -0.080922 -0.111552 0.727645 0.128536 0.834394 0.535971 0.078480 0.049706 -0.545195 0.836834 -0.093513 0.000000 0.000000 0.000000 1.000000
0.991899 -0.060980 -0.111430 0.727646 0.112007 0.833637 0.540835 0.078479 0.059912 -0.548935 0.833715 -0.093513 0.000000 0.000000 0.000000 1.000000
0.992743 -0.045052 -0.111494 0.727645 0.098832 0.833857 0.543060 0.078480 0.068504 -0.550138 0.832259 -0.093513 0.000000 0.000000 0.000000 1.000000</float_array>
                    <technique_common>
                        <accessor source="#jnt_spine3-Matrix-animation-output-transform-array" count="6" stride="16">
                            <param type="float4x4"/>
                        </accessor>
                    </technique_common>
                </source>
                <source id="jnt_spine3-Interpolations">
                    <Name_array id="jnt_spine3-Interpolations-array" count="6">
 LINEAR LINEAR LINEAR LINEAR LINEAR LINEAR</Name_array>
                    <technique_common>
                        <accessor source="#jnt_spine3-Interpolations-array" count="6">
                            <param type="name"/>
                        </accessor>
                    </technique_common>
                </source>
                <sampler id="jnt_spine3-Matrix-animation-transform">
                    <input semantic="INPUT" source="#jnt_spine3-Matrix-animation-input"/>
                    <input semantic="OUTPUT" source="#jnt_spine3-Matrix-animation-output-transform"/>
                    <input semantic="INTERPOLATION" source="#jnt_spine3-Interpolations"/>
                </sampler>
                <channel source="#jnt_spine3-Matrix-animation-transform" target="jnt_spine3/matrix"/>
            </animation>
        </animation>
        <animation id="jnt_neck-anim" name="jnt_neck">
            <animation>
                <source id="jnt_neck-Matrix-animation-input">
                    <float_array id="jnt_neck-Matrix-animation-input-array" count="6">

0.000000 0.033333 0.066667 0.100000 0.133333 0.166667</float_array>
                    <technique_common>
                        <accessor source="#jnt_neck-Matrix-animation-input-array" count="6">
                            <param name="TIME" type="float"/>
                        </accessor>
                    </technique_common>
                </source>
                <source id="jnt_neck-Matrix-animation-output-transform">
                    <float_array id="jnt_neck-Matrix-animation-output-transform-array" count="96">

0.850894 0.499285 0.163381 0.680426 -0.259764 0.670198 -0.695238 0.270155 -0.456620 0.549133 0.699964 -0.297846 0.000000 0.000000 0.000000 1.000000
0.803297 0.572484 0.164246 0.680426 -0.318200 0.645653 -0.694176 0.270155 -0.503451 0.505367 0.700814 -0.297846 0.000000 0.000000 0.000000 1.000000
0.754562 0.633324 0.171864 0.680426 -0.363838 0.621712 -0.693610 0.270155 -0.546130 0.460841 0.699547 -0.297846 0.000000 0.000000 0.000000 1.000000
0.869255 0.483762 0.101834 0.680426 -0.284569 0.658076 -0.697106 0.270155 -0.404248 0.576984 0.709698 -0.297846 0.000000 0.000000 0.000000 1.000000
0.991959 0.072732 0.103582 0.680426 0.023692 0.697231 -0.716455 0.270155 -0.124330 0.713148 0.689900 -0.297846 0.000000 0.000000 0.000000 1.000000
0.992247 0.025475 0.121645 0.680426 0.070536 0.690440 -0.719942 0.270155 -0.102329 0.722941 0.683289 -0.297846 0.000000 0.000000 0.000000 1.000000</float_array>
                    <technique_common>
                        <accessor source="#jnt_neck-Matrix-animation-output-transform-array" count="6" stride="16">
                            <param type="float4x4"/>
                        </accessor>
                    </technique_common>
                </source>
                <source id="jnt_neck-Interpolations">
                    <Name_array id="jnt_neck-Interpolations-array" count="6">
 LINEAR LINEAR LINEAR LINEAR LINEAR LINEAR</Name_array>
                    <technique_common>
                        <accessor source="#jnt_neck-Interpolations-array" count="6">
                            <param type="name"/>
                        </accessor>
                    </technique_common>
                </source>
                <sampler id="jnt_neck-Matrix-animation-transform">
                    <input semantic="INPUT" source="#jnt_neck-Matrix-animation-input"/>
                    <input semantic="OUTPUT" source="#jnt_neck-Matrix-animation-output-transform"/>
                    <input semantic="INTERPOLATION" source="#jnt_neck-Interpolations"/>
                </sampler>
                <channel source="#jnt_neck-Matrix-animation-transform" target="jnt_neck/matrix"/>
            </animation>
        </animation>
        <animation id="jnt_head-anim" name="jnt_head">
            <animation>
                <source id="jnt_head-Matrix-animation-input">
                    <float_array id="jnt_head-Matrix-animation-input-array" count="6">

0.000000 0.033333 0.066667 0.100000 0.133333 0.166667</float_array>
                    <technique_common>
                        <accessor source="#jnt_head-Matrix-animation-input-array" count="6">
                            <param name="TIME" type="float"/>
                        </accessor>
                    </technique_common>
                </source>
                <source id="jnt_head-Matrix-animation-output-transform">
                    <float_array id="jnt_head-Matrix-animation-output-transform-array" count="96">

0.988450 -0.133452 0.071806 0.273591 0.135052 0.990677 -0.017891 0.000002 -0.068749 0.027382 0.997258 0.000000 0.000000 0.000000 0.000000 1.000000
0.981875 -0.175739 0.070964 0.273591 0.177195 0.984066 -0.014724 0.000002 -0.067245 0.027032 0.997370 0.000000 0.000000 0.000000 0.000000 1.000000
0.974552 -0.213625 0.067913 0.273591 0.214865 0.976577 -0.011426 0.000001 -0.063882 0.025727 0.997626 0.000000 0.000000 0.000000 0.000000 1.000000
0.990364 -0.105393 0.089837 0.273592 0.108045 0.993828 -0.025171 0.000002 -0.086629 0.034635 0.995638 -0.000000 0.000000 0.000000 0.000000 1.000000
0.989270 0.118134 0.085952 0.273591 -0.114588 0.992389 -0.045100 0.000002 -0.090625 0.034767 0.995278 0.000000 0.000000 0.000000 0.000000 1.000000
0.987062 0.138946 0.080017 0.273590 -0.135753 0.989763 -0.044067 0.000002 -0.085321 0.032634 0.995819 0.000000 0.000000 0.000000 0.000000 1.000000</float_array>
                    <technique_common>
                        <accessor source="#jnt_head-Matrix-animation-output-transform-array" count="6" stride="16">
                            <param type="float4x4"/>
                        </accessor>
                    </technique_common>
                </source>
                <source id="jnt_head-Interpolations">
                    <Name_array id="jnt_head-Interpolations-array" count="6">
 LINEAR LINEAR LINEAR LINEAR LINEAR LINEAR</Name_array>
                    <technique_common>
                        <accessor source="#jnt_head-Interpolations-array" count="6">
                            <param type="name"/>
                        </accessor>
                    </technique_common>
                </source>
                <sampler id="jnt_head-Matrix-animation-transform">
                    <input semantic="INPUT" source="#jnt_head-Matrix-animation-input"/>
                    <input semantic="OUTPUT" source="#jnt_head-Matrix-animation-output-transform"/>
                    <input semantic="INTERPOLATION" source="#jnt_head-Interpolations"/>
                </sampler>
                <channel source="#jnt_head-Matrix-animation-transform" target="jnt_head/matrix"/>
            </animation>
        </animation>
        <animation id="jnt_headappend-anim" name="jnt_headappend">
            <animation>
                <source id="jnt_headappend-Matrix-animation-input">
                    <float_array id="jnt_headappend-Matrix-animation-input-array" count="6">

0.000000 0.033333 0.066667 0.100000 0.133333 0.166667</float_array>
                    <technique_common>
                        <accessor source="#jnt_headappend-Matrix-animation-input-array" count="6">
                            <param name="TIME" type="float"/>
                        </accessor>
                    </technique_common>
                </source>
                <source id="jnt_headappend-Matrix-animation-output-transform">
                    <float_array id="jnt_headappend-Matrix-animation-output-transform-array" count="96">

1.000000 0.000000 -0.000000 0.000000 -0.000000 1.000000 0.000000 -0.000000 0.000000 -0.000000 1.000000 0.000000 0.000000 0.000000 0.000000 1.000000
1.000000 0.000000 -0.000000 0.000000 -0.000000 1.000000 -0.000000 -0.000000 0.000000 0.000000 1.000000 -0.000000 0.000000 0.000000 0.000000 1.000000
1.000000 0.000000 -0.000000 -0.000000 -0.000000 1.000000 -0.000000 -0.000000 0.000000 0.000000 1.000000 0.000000 0.000000 0.000000 0.000000 1.000000
1.000000 0.000000 -0.000000 -0.000000 -0.000000 1.000000 -0.000000 -0.000000 0.000000 0.000000 1.000000 0.000000 0.000000 0.000000 0.000000 1.000000
1.000000 0.000000 -0.000000 0.000000 -0.000000 1.000000 -0.000000 -0.000000 0.000000 0.000000 1.000000 0.000000 0.000000 0.000000 0.000000 1.000000
1.000000 0.000000 -0.000000 0.000000 -0.000000 1.000000 -0.000000 0.000000 0.000000 0.000000 1.000000 0.000000 0.000000 0.000000 0.000000 1.000000</float_array>
                    <technique_common>
                        <accessor source="#jnt_headappend-Matrix-animation-output-transform-array" count="6" stride="16">
                            <param type="float4x4"/>
                        </accessor>
                    </technique_common>
                </source>
                <source id="jnt_headappend-Interpolations">
                    <Name_array id="jnt_headappend-Interpolations-array" count="6">
 LINEAR LINEAR LINEAR LINEAR LINEAR LINEAR</Name_array>
                    <technique_common>
                        <accessor source="#jnt_headappend-Interpolations-array" count="6">
                            <param type="name"/>
                        </accessor>
                    </technique_common>
                </source>
                <sampler id="jnt_headappend-Matrix-animation-transform">
                    <input semantic="INPUT" source="#jnt_headappend-Matrix-animation-input"/>
                    <input semantic="OUTPUT" source="#jnt_headappend-Matrix-animation-output-transform"/>
                    <input semantic="INTERPOLATION" source="#jnt_headappend-Interpolations"/>
                </sampler>
                <channel source="#jnt_headappend-Matrix-animation-transform" target="jnt_headappend/matrix"/>
            </animation>
        </animation>
        <animation id="jnt_left_armroot-anim" name="jnt_left_armroot">
            <animation>
                <source id="jnt_left_armroot-Matrix-animation-input">
                    <float_array id="jnt_left_armroot-Matrix-animation-input-array" count="6">

0.000000 0.033333 0.066667 0.100000 0.133333 0.166667</float_array>
                    <technique_common>
                        <accessor source="#jnt_left_armroot-Matrix-animation-input-array" count="6">
                            <param name="TIME" type="float"/>
                        </accessor>
                    </technique_common>
                </source>
                <source id="jnt_left_armroot-Matrix-animation-output-transform">
                    <float_array id="jnt_left_armroot-Matrix-animation-output-transform-array" count="96">

1.000000 -0.000004 -0.000000 0.075080 0.000004 1.000000 0.000000 -0.051343 0.000000 -0.000000 1.000000 -0.327614 0.000000 0.000000 0.000000 1.000000
1.000000 -0.000004 -0.000000 0.075080 0.000004 1.000000 -0.000000 -0.051343 0.000000 0.000000 1.000000 -0.327614 0.000000 0.000000 0.000000 1.000000
1.000000 -0.000004 -0.000000 0.075080 0.000004 1.000000 -0.000000 -0.051343 0.000000 0.000000 1.000000 -0.327614 0.000000 0.000000 0.000000 1.000000
1.000000 -0.000004 -0.000000 0.075080 0.000004 1.000000 0.000000 -0.051343 0.000000 -0.000000 1.000000 -0.327614 0.000000 0.000000 0.000000 1.000000
1.000000 -0.000004 -0.000000 0.075080 0.000004 1.000000 0.000000 -0.051343 0.000000 -0.000000 1.000000 -0.327614 0.000000 0.000000 0.000000 1.000000
1.000000 -0.000004 -0.000000 0.075080 0.000004 1.000000 0.000000 -0.051343 0.000000 -0.000000 1.000000 -0.327614 0.000000 0.000000 0.000000 1.000000</float_array>
                    <technique_common>
                        <accessor source="#jnt_left_armroot-Matrix-animation-output-transform-array" count="6" stride="16">
                            <param type="float4x4"/>
                        </accessor>
                    </technique_common>
                </source>
                <source id="jnt_left_armroot-Interpolations">
                    <Name_array id="jnt_left_armroot-Interpolations-array" count="6">
 LINEAR LINEAR LINEAR LINEAR LINEAR LINEAR</Name_array>
                    <technique_common>
                        <accessor source="#jnt_left_armroot-Interpolations-array" count="6">
                            <param type="name"/>
                        </accessor>
                    </technique_common>
                </source>
                <sampler id="jnt_left_armroot-Matrix-animation-transform">
                    <input semantic="INPUT" source="#jnt_left_armroot-Matrix-animation-input"/>
                    <input semantic="OUTPUT" source="#jnt_left_armroot-Matrix-animation-output-transform"/>
                    <input semantic="INTERPOLATION" source="#jnt_left_armroot-Interpolations"/>
                </sampler>
                <channel source="#jnt_left_armroot-Matrix-animation-transform" target="jnt_left_armroot/matrix"/>
            </animation>
        </animation>
        <animation id="jnt_left_shoulder-anim" name="jnt_left_shoulder">
            <animation>
                <source id="jnt_left_shoulder-Matrix-animation-input">
                    <float_array id="jnt_left_shoulder-Matrix-animation-input-array" count="6">

0.000000 0.033333 0.066667 0.100000 0.133333 0.166667</float_array>
                    <technique_common>
                        <accessor source="#jnt_left_shoulder-Matrix-animation-input-array" count="6">
                            <param name="TIME" type="float"/>
                        </accessor>
                    </technique_common>
                </source>
                <source id="jnt_left_shoulder-Matrix-animation-output-transform">
                    <float_array id="jnt_left_shoulder-Matrix-animation-output-transform-array" count="96">

-0.021963 0.045191 -0.998737 0.433146 0.336997 -0.940180 -0.049952 0.291624 -0.941250 -0.337668 0.005420 0.391172 0.000000 0.000000 0.000000 1.000000
-0.021963 0.045191 -0.998737 0.433146 0.336997 -0.940180 -0.049952 0.291623 -0.941250 -0.337668 0.005420 0.391172 0.000000 0.000000 0.000000 1.000000
-0.021963 0.045191 -0.998737 0.433146 0.336997 -0.940180 -0.049952 0.291624 -0.941250 -0.337668 0.005420 0.391172 0.000000 0.000000 0.000000 1.000000
-0.021963 0.045191 -0.998737 0.433146 0.336997 -0.940180 -0.049952 0.291624 -0.941250 -0.337668 0.005420 0.391172 0.000000 0.000000 0.000000 1.000000
-0.021963 0.045191 -0.998737 0.433146 0.336997 -0.940180 -0.049952 0.291624 -0.941250 -0.337668 0.005420 0.391172 0.000000 0.000000 0.000000 1.000000
-0.021963 0.045191 -0.998737 0.433146 0.336997 -0.940180 -0.049952 0.291624 -0.941250 -0.337668 0.005420 0.391172 0.000000 0.000000 0.000000 1.000000</float_array>
                    <technique_common>
                        <accessor source="#jnt_left_shoulder-Matrix-animation-output-transform-array" count="6" stride="16">
                            <param type="float4x4"/>
                        </accessor>
                    </technique_common>
                </source>
                <source id="jnt_left_shoulder-Interpolations">
                    <Name_array id="jnt_left_shoulder-Interpolations-array" count="6">
 LINEAR LINEAR LINEAR LINEAR LINEAR LINEAR</Name_array>
                    <technique_common>
                        <accessor source="#jnt_left_shoulder-Interpolations-array" count="6">
                            <param type="name"/>
                        </accessor>
                    </technique_common>
                </source>
                <sampler id="jnt_left_shoulder-Matrix-animation-transform">
                    <input semantic="INPUT" source="#jnt_left_shoulder-Matrix-animation-input"/>
                    <input semantic="OUTPUT" source="#jnt_left_shoulder-Matrix-animation-output-transform"/>
                    <input semantic="INTERPOLATION" source="#jnt_left_shoulder-Interpolations"/>
                </sampler>
                <channel source="#jnt_left_shoulder-Matrix-animation-transform" target="jnt_left_shoulder/matrix"/>
            </animation>
        </animation>
        <animation id="jnt_left_arm-anim" name="jnt_left_arm">
            <animation>
                <source id="jnt_left_arm-Matrix-animation-input">
                    <float_array id="jnt_left_arm-Matrix-animation-input-array" count="6">

0.000000 0.033333 0.066667 0.100000 0.133333 0.166667</float_array>
                    <technique_common>
