<?xml version="1.0" encoding="utf-8"?>
<COLLADA xmlns="http://www.collada.org/2005/11/COLLADASchema" version="1.4.1">
    <asset>
        <contributor>
            <author></author>
            <authoring_tool>FBX COLLADA exporter</authoring_tool>
            <comments></comments>
        </contributor>
        <created>2022-09-21T18:24:43Z</created>
        <keywords></keywords>
        <modified>2022-09-21T18:24:43Z</modified>
        <revision></revision>
        <subject></subject>
        <title></title>
        <unit meter="0.010000" name="centimeter"></unit>
        <up_axis>Y_UP</up_axis>
    </asset>
    <library_animations>
        <animation id="Character-anim" name="Character">
            <animation>
                <source id="Character-Matrix-animation-input">
                    <float_array id="Character-Matrix-animation-input-array" count="12">

0.000000 0.033333 0.066667 0.100000 0.133333 0.166667 0.200000 0.233333 0.266667 0.300000 0.333333 0.366667</float_array>
                    <technique_common>
                        <accessor source="#Character-Matrix-animation-input-array" count="12">
                            <param name="TIME" type="float"/>
                        </accessor>
                    </technique_common>
                </source>
                <source id="Character-Matrix-animation-output-transform">
                    <float_array id="Character-Matrix-animation-output-transform-array" count="192">

1.000000 0.000000 0.000000 0.000000 0.000000 1.000000 -0.000000 0.000000 0.000000 0.000000 1.000000 0.000000 0.000000 0.000000 0.000000 1.000000
1.000000 0.000000 0.000000 0.000000 0.000000 1.000000 -0.000000 0.000000 0.000000 0.000000 1.000000 0.000000 0.000000 0.000000 0.000000 1.000000
1.000000 0.000000 0.000000 0.000000 0.000000 1.000000 -0.000000 0.000000 0.000000 0.000000 1.000000 0.000000 0.000000 0.000000 0.000000 1.000000
1.000000 0.000000 0.000000 0.000000 0.000000 1.000000 -0.000000 0.000000 0.000000 0.000000 1.000000 0.000000 0.000000 0.000000 0.000000 1.000000
1.000000 0.000000 0.000000 0.000000 0.000000 1.000000 -0.000000 0.000000 0.000000 0.000000 1.000000 0.000000 0.000000 0.000000 0.000000 1.000000
1.000000 0.000000 0.000000 0.000000 0.000000 1.000000 -0.000000 0.000000 0.000000 0.000000 1.000000 0.000000 0.000000 0.000000 0.000000 1.000000
1.000000 0.000000 0.000000 0.000000 0.000000 1.000000 -0.000000 0.000000 0.000000 0.000000 1.000000 0.000000 0.000000 0.000000 0.000000 1.000000
1.000000 0.000000 0.000000 0.000000 0.000000 1.000000 -0.000000 0.000000 0.000000 0.000000 1.000000 0.000000 0.000000 0.000000 0.000000 1.000000
1.000000 0.000000 0.000000 0.000000 0.000000 1.000000 -0.000000 0.000000 0.000000 0.000000 1.000000 0.000000 0.000000 0.000000 0.000000 1.000000
1.000000 0.000000 0.000000 0.000000 0.000000 1.000000 -0.000000 0.000000 0.000000 0.000000 1.000000 0.000000 0.000000 0.000000 0.000000 1.000000
1.000000 0.000000 0.000000 0.000000 0.000000 1.000000 -0.000000 0.000000 0.000000 0.000000 1.000000 0.000000 0.000000 0.000000 0.000000 1.000000
1.000000 0.000000 0.000000 0.000000 0.000000 1.000000 -0.000000 0.000000 0.000000 0.000000 1.000000 0.000000 0.000000 0.000000 0.000000 1.000000</float_array>
                    <technique_common>
                        <accessor source="#Character-Matrix-animation-output-transform-array" count="12" stride="16">
                            <param type="float4x4"/>
                        </accessor>
                    </technique_common>
                </source>
                <source id="Character-Interpolations">
                    <Name_array id="Character-Interpolations-array" count="12">
 LINEAR LINEAR LINEAR LINEAR LINEAR LINEAR LINEAR LINEAR LINEAR LINEAR LINEAR
LINEAR</Name_array>
                    <technique_common>
                        <accessor source="#Character-Interpolations-array" count="12">
                            <param type="name"/>
                        </accessor>
                    </technique_common>
                </source>
                <sampler id="Character-Matrix-animation-transform">
                    <input semantic="INPUT" source="#Character-Matrix-animation-input"/>
                    <input semantic="OUTPUT" source="#Character-Matrix-animation-output-transform"/>
                    <input semantic="INTERPOLATION" source="#Character-Interpolations"/>
                </sampler>
                <channel source="#Character-Matrix-animation-transform" target="Character/matrix"/>
            </animation>
        </animation>
        <animation id="HIK_root_jnt-anim" name="HIK_root_jnt">
            <animation>
                <source id="HIK_root_jnt-Matrix-animation-input">
                    <float_array id="HIK_root_jnt-Matrix-animation-input-array" count="12">

0.000000 0.033333 0.066667 0.100000 0.133333 0.166667 0.200000 0.233333 0.266667 0.300000 0.333333 0.366667</float_array>
                    <technique_common>
                        <accessor source="#HIK_root_jnt-Matrix-animation-input-array" count="12">
                            <param name="TIME" type="float"/>
                        </accessor>
                    </technique_common>
                </source>
                <source id="HIK_root_jnt-Matrix-animation-output-transform">
                    <float_array id="HIK_root_jnt-Matrix-animation-output-transform-array" count="192">

1.000000 0.000000 0.000000 0.000000 0.000000 1.000000 -0.000000 0.000000 0.000000 0.000000 1.000000 0.000000 0.000000 0.000000 0.000000 1.000000
1.000000 0.000000 0.000000 0.000000 0.000000 1.000000 -0.000000 0.000000 0.000000 0.000000 1.000000 0.000000 0.000000 0.000000 0.000000 1.000000
1.000000 0.000000 0.000000 0.000000 0.000000 1.000000 -0.000000 0.000000 0.000000 0.000000 1.000000 0.000000 0.000000 0.000000 0.000000 1.000000
1.000000 0.000000 0.000000 0.000000 0.000000 1.000000 -0.000000 0.000000 0.000000 0.000000 1.000000 0.000000 0.000000 0.000000 0.000000 1.000000
1.000000 0.000000 0.000000 0.000000 0.000000 1.000000 -0.000000 0.000000 0.000000 0.000000 1.000000 0.000000 0.000000 0.000000 0.000000 1.000000
1.000000 0.000000 0.000000 0.000000 0.000000 1.000000 -0.000000 0.000000 0.000000 0.000000 1.000000 0.000000 0.000000 0.000000 0.000000 1.000000
1.000000 0.000000 0.000000 0.000000 0.000000 1.000000 -0.000000 0.000000 0.000000 0.000000 1.000000 0.000000 0.000000 0.000000 0.000000 1.000000
1.000000 0.000000 0.000000 0.000000 0.000000 1.000000 -0.000000 0.000000 0.000000 0.000000 1.000000 0.000000 0.000000 0.000000 0.000000 1.000000
1.000000 0.000000 0.000000 0.000000 0.000000 1.000000 -0.000000 0.000000 0.000000 0.000000 1.000000 0.000000 0.000000 0.000000 0.000000 1.000000
1.000000 0.000000 0.000000 0.000000 0.000000 1.000000 -0.000000 0.000000 0.000000 0.000000 1.000000 0.000000 0.000000 0.000000 0.000000 1.000000
1.000000 0.000000 0.000000 0.000000 0.000000 1.000000 -0.000000 0.000000 0.000000 0.000000 1.000000 0.000000 0.000000 0.000000 0.000000 1.000000
1.000000 0.000000 0.000000 0.000000 0.000000 1.000000 -0.000000 0.000000 0.000000 0.000000 1.000000 0.000000 0.000000 0.000000 0.000000 1.000000</float_array>
                    <technique_common>
                        <accessor source="#HIK_root_jnt-Matrix-animation-output-transform-array" count="12" stride="16">
                            <param type="float4x4"/>
                        </accessor>
                    </technique_common>
                </source>
                <source id="HIK_root_jnt-Interpolations">
                    <Name_array id="HIK_root_jnt-Interpolations-array" count="12">
 LINEAR LINEAR LINEAR LINEAR LINEAR LINEAR LINEAR LINEAR LINEAR LINEAR LINEAR
LINEAR</Name_array>
                    <technique_common>
                        <accessor source="#HIK_root_jnt-Interpolations-array" count="12">
                            <param type="name"/>
                        </accessor>
                    </technique_common>
                </source>
                <sampler id="HIK_root_jnt-Matrix-animation-transform">
                    <input semantic="INPUT" source="#HIK_root_jnt-Matrix-animation-input"/>
                    <input semantic="OUTPUT" source="#HIK_root_jnt-Matrix-animation-output-transform"/>
                    <input semantic="INTERPOLATION" source="#HIK_root_jnt-Interpolations"/>
                </sampler>
                <channel source="#HIK_root_jnt-Matrix-animation-transform" target="HIK_root_jnt/matrix"/>
            </animation>
        </animation>
        <animation id="root_jnt-anim" name="root_jnt">
            <animation>
                <source id="root_jnt-Matrix-animation-input">
                    <float_array id="root_jnt-Matrix-animation-input-array" count="12">

0.000000 0.033333 0.066667 0.100000 0.133333 0.166667 0.200000 0.233333 0.266667 0.300000 0.333333 0.366667</float_array>
                    <technique_common>
                        <accessor source="#root_jnt-Matrix-animation-input-array" count="12">
                            <param name="TIME" type="float"/>
                        </accessor>
                    </technique_common>
                </source>
                <source id="root_jnt-Matrix-animation-output-transform">
                    <float_array id="root_jnt-Matrix-animation-output-transform-array" count="192">

1.000000 0.000000 0.000000 0.000000 0.000000 1.000000 -0.000000 0.000000 0.000000 0.000000 1.000000 0.000000 0.000000 0.000000 0.000000 1.000000
1.000000 0.000000 0.000000 0.000000 0.000000 1.000000 -0.000000 0.000000 0.000000 0.000000 1.000000 0.000000 0.000000 0.000000 0.000000 1.000000
1.000000 0.000000 0.000000 0.000000 0.000000 1.000000 -0.000000 0.000000 0.000000 0.000000 1.000000 0.000000 0.000000 0.000000 0.000000 1.000000
1.000000 0.000000 0.000000 0.000000 0.000000 1.000000 -0.000000 0.000000 0.000000 0.000000 1.000000 0.000000 0.000000 0.000000 0.000000 1.000000
1.000000 0.000000 0.000000 0.000000 0.000000 1.000000 -0.000000 0.000000 0.000000 0.000000 1.000000 0.000000 0.000000 0.000000 0.000000 1.000000
1.000000 0.000000 0.000000 0.000000 0.000000 1.000000 -0.000000 0.000000 0.000000 0.000000 1.000000 0.000000 0.000000 0.000000 0.000000 1.000000
1.000000 0.000000 0.000000 0.000000 0.000000 1.000000 -0.000000 0.000000 0.000000 0.000000 1.000000 0.000000 0.000000 0.000000 0.000000 1.000000
1.000000 0.000000 0.000000 0.000000 0.000000 1.000000 -0.000000 0.000000 0.000000 0.000000 1.000000 0.000000 0.000000 0.000000 0.000000 1.000000
1.000000 0.000000 0.000000 0.000000 0.000000 1.000000 -0.000000 0.000000 0.000000 0.000000 1.000000 0.000000 0.000000 0.000000 0.000000 1.000000
1.000000 0.000000 0.000000 0.000000 0.000000 1.000000 -0.000000 0.000000 0.000000 0.000000 1.000000 0.000000 0.000000 0.000000 0.000000 1.000000
1.000000 0.000000 0.000000 0.000000 0.000000 1.000000 -0.000000 0.000000 0.000000 0.000000 1.000000 0.000000 0.000000 0.000000 0.000000 1.000000
1.000000 0.000000 0.000000 0.000000 0.000000 1.000000 -0.000000 0.000000 0.000000 0.000000 1.000000 0.000000 0.000000 0.000000 0.000000 1.000000</float_array>
                    <technique_common>
                        <accessor source="#root_jnt-Matrix-animation-output-transform-array" count="12" stride="16">
                            <param type="float4x4"/>
                        </accessor>
                    </technique_common>
                </source>
                <source id="root_jnt-Interpolations">
                    <Name_array id="root_jnt-Interpolations-array" count="12">
 LINEAR LINEAR LINEAR LINEAR LINEAR LINEAR LINEAR LINEAR LINEAR LINEAR LINEAR
LINEAR</Name_array>
                    <technique_common>
                        <accessor source="#root_jnt-Interpolations-array" count="12">
                            <param type="name"/>
                        </accessor>
                    </technique_common>
                </source>
                <sampler id="root_jnt-Matrix-animation-transform">
                    <input semantic="INPUT" source="#root_jnt-Matrix-animation-input"/>
                    <input semantic="OUTPUT" source="#root_jnt-Matrix-animation-output-transform"/>
                    <input semantic="INTERPOLATION" source="#root_jnt-Interpolations"/>
                </sampler>
                <channel source="#root_jnt-Matrix-animation-transform" target="root_jnt/matrix"/>
            </animation>
        </animation>
        <animation id="jnt_hips-anim" name="jnt_hips">
            <animation>
                <source id="jnt_hips-Matrix-animation-input">
                    <float_array id="jnt_hips-Matrix-animation-input-array" count="12">

0.000000 0.033333 0.066667 0.100000 0.133333 0.166667 0.200000 0.233333 0.266667 0.300000 0.333333 0.366667</float_array>
                    <technique_common>
                        <accessor source="#jnt_hips-Matrix-animation-input-array" count="12">
                            <param name="TIME" type="float"/>
                        </accessor>
                    </technique_common>
                </source>
                <source id="jnt_hips-Matrix-animation-output-transform">
                    <float_array id="jnt_hips-Matrix-animation-output-transform-array" count="192">

0.952804 0.100914 -0.286323 -0.000000 -0.100093 0.994824 0.017543 1.733227 0.286611 0.011944 0.957973 -0.128626 0.000000 0.000000 0.000000 1.000000
0.963052 0.101534 -0.249444 -0.000000 -0.108266 0.994032 -0.013377 1.513157 0.246597 0.039889 0.968297 -0.128626 0.000000 0.000000 0.000000 1.000000
0.985220 0.082787 -0.149962 -0.000000 -0.088118 0.995681 -0.029251 1.663719 0.146893 0.042033 0.988259 -0.130098 0.000000 0.000000 0.000000 1.000000
0.998265 0.058828 0.002371 -0.000000 -0.058682 0.997434 -0.040999 1.943335 -0.004777 0.040788 0.999156 -0.134286 0.000000 0.000000 0.000000 1.000000
0.983268 0.034550 0.178861 0.000000 -0.025997 0.998414 -0.049946 2.093898 -0.180302 0.044461 0.982606 -0.140852 0.000000 0.000000 0.000000 1.000000
0.953547 0.048863 0.297255 0.000000 -0.024444 0.996054 -0.085322 1.971863 -0.300251 0.074093 0.950978 -0.149003 0.000000 0.000000 0.000000 1.000000
0.959384 0.085519 0.268828 0.000000 -0.046159 0.987689 -0.149468 1.745227 -0.278301 0.130988 0.951520 -0.156135 0.000000 0.000000 0.000000 1.000000
0.973737 0.103729 0.202672 -0.000000 -0.066029 0.980587 -0.184632 1.623192 -0.217890 0.166401 0.961683 -0.159191 0.000000 0.000000 0.000000 1.000000
0.987596 0.099090 0.121802 -0.000000 -0.078176 0.983044 -0.165872 1.776818 -0.136173 0.154293 0.978596 -0.155751 0.000000 0.000000 0.000000 1.000000
0.995861 0.087600 0.024240 -0.000000 -0.084172 0.989472 -0.117726 2.062123 -0.034298 0.115198 0.992750 -0.147725 0.000000 0.000000 0.000000 1.000000
0.991506 0.089149 -0.094703 0.000000 -0.094542 0.994051 -0.054068 2.215748 0.089319 0.062562 0.994036 -0.138555 0.000000 0.000000 0.000000 1.000000
0.969771 0.098745 -0.223144 0.000000 -0.101497 0.994836 -0.000868 1.974488 0.221906 0.023490 0.974785 -0.131442 0.000000 0.000000 0.000000 1.000000</float_array>
                    <technique_common>
                        <accessor source="#jnt_hips-Matrix-animation-output-transform-array" count="12" stride="16">
                            <param type="float4x4"/>
                        </accessor>
                    </technique_common>
                </source>
                <source id="jnt_hips-Interpolations">
                    <Name_array id="jnt_hips-Interpolations-array" count="12">
 LINEAR LINEAR LINEAR LINEAR LINEAR LINEAR LINEAR LINEAR LINEAR LINEAR LINEAR
LINEAR</Name_array>
                    <technique_common>
                        <accessor source="#jnt_hips-Interpolations-array" count="12">
                            <param type="name"/>
                        </accessor>
                    </technique_common>
                </source>
                <sampler id="jnt_hips-Matrix-animation-transform">
                    <input semantic="INPUT" source="#jnt_hips-Matrix-animation-input"/>
                    <input semantic="OUTPUT" source="#jnt_hips-Matrix-animation-output-transform"/>
                    <input semantic="INTERPOLATION" source="#jnt_hips-Interpolations"/>
                </sampler>
                <channel source="#jnt_hips-Matrix-animation-transform" target="jnt_hips/matrix"/>
            </animation>
        </animation>
        <animation id="jnt_height-anim" name="jnt_height">
            <animation>
                <source id="jnt_height-Matrix-animation-input">
                    <float_array id="jnt_height-Matrix-animation-input-array" count="12">

0.000000 0.033333 0.066667 0.100000 0.133333 0.166667 0.200000 0.233333 0.266667 0.300000 0.333333 0.366667</float_array>
                    <technique_common>
                        <accessor source="#jnt_height-Matrix-animation-input-array" count="12">
                            <param name="TIME" type="float"/>
                        </accessor>
                    </technique_common>
                </source>
                <source id="jnt_height-Matrix-animation-output-transform">
                    <float_array id="jnt_height-Matrix-animation-output-transform-array" count="192">

0.995542 0.086902 0.036647 -0.000000 -0.087682 0.995943 0.020236 -0.000000 -0.034740 -0.023359 0.999123 -0.000000 0.000000 0.000000 0.000000 1.000000
0.994942 0.092505 0.039156 -0.000000 -0.093520 0.995306 0.024917 0.000000 -0.036667 -0.028452 0.998923 0.000000 0.000000 0.000000 0.000000 1.000000
0.996647 0.075588 0.031312 -0.000000 -0.075943 0.997058 0.010309 -0.000000 -0.030440 -0.012652 0.999457 0.000000 0.000000 0.000000 0.000000 1.000000
0.998566 0.049600 0.020151 0.000000 -0.049598 0.998769 -0.000604 -0.000000 -0.020156 -0.000396 0.999797 -0.000000 0.000000 0.000000 0.000000 1.000000
0.999749 0.020441 0.009171 0.000000 -0.020362 0.999755 -0.008643 -0.000000 -0.009345 0.008454 0.999921 -0.000000 0.000000 0.000000 0.000000 1.000000
0.999933 0.010546 0.004802 0.000000 -0.010521 0.999931 -0.005239 0.000000 -0.004857 0.005189 0.999975 0.000000 0.000000 0.000000 0.000000 1.000000
0.999721 0.022321 0.007762 -0.000000 -0.022334 0.999749 0.001556 -0.000000 -0.007726 -0.001729 0.999969 0.000000 0.000000 0.000000 0.000000 1.000000
0.999336 0.034490 0.011705 -0.000000 -0.034538 0.999395 0.003897 -0.000000 -0.011564 -0.004299 0.999924 0.000000 0.000000 0.000000 0.000000 1.000000
0.998687 0.048464 0.016644 -0.000000 -0.048586 0.998794 0.007027 -0.000000 -0.016283 -0.007826 0.999837 0.000000 0.000000 0.000000 0.000000 1.000000
0.997689 0.064173 0.022313 -0.000000 -0.064556 0.997770 0.016918 -0.000000 -0.021178 -0.018319 0.999608 0.000000 0.000000 0.000000 0.000000 1.000000
0.996475 0.078689 0.029092 0.000000 -0.079515 0.996428 0.028419 0.000000 -0.026752 -0.030632 0.999173 -0.000000 0.000000 0.000000 0.000000 1.000000
0.995708 0.085790 0.034710 -0.000000 -0.086761 0.995849 0.027504 0.000000 -0.032206 -0.030398 0.999019 -0.000000 0.000000 0.000000 0.000000 1.000000</float_array>
                    <technique_common>
                        <accessor source="#jnt_height-Matrix-animation-output-transform-array" count="12" stride="16">
                            <param type="float4x4"/>
                        </accessor>
                    </technique_common>
                </source>
                <source id="jnt_height-Interpolations">
                    <Name_array id="jnt_height-Interpolations-array" count="12">
 LINEAR LINEAR LINEAR LINEAR LINEAR LINEAR LINEAR LINEAR LINEAR LINEAR LINEAR
LINEAR</Name_array>
                    <technique_common>
                        <accessor source="#jnt_height-Interpolations-array" count="12">
                            <param type="name"/>
                        </accessor>
                    </technique_common>
                </source>
                <sampler id="jnt_height-Matrix-animation-transform">
                    <input semantic="INPUT" source="#jnt_height-Matrix-animation-input"/>
                    <input semantic="OUTPUT" source="#jnt_height-Matrix-animation-output-transform"/>
                    <input semantic="INTERPOLATION" source="#jnt_height-Interpolations"/>
                </sampler>
                <channel source="#jnt_height-Matrix-animation-transform" target="jnt_height/matrix"/>
            </animation>
        </animation>
        <animation id="jnt_spine1-anim" name="jnt_spine1">
            <animation>
                <source id="jnt_spine1-Matrix-animation-input">
                    <float_array id="jnt_spine1-Matrix-animation-input-array" count="12">

0.000000 0.033333 0.066667 0.100000 0.133333 0.166667 0.200000 0.233333 0.266667 0.300000 0.333333 0.366667</float_array>
                    <technique_common>
                        <accessor source="#jnt_spine1-Matrix-animation-input-array" count="12">
                            <param name="TIME" type="float"/>
                        </accessor>
                    </technique_common>
                </source>
                <source id="jnt_spine1-Matrix-animation-output-transform">
                    <float_array id="jnt_spine1-Matrix-animation-output-transform-array" count="192">

0.050991 0.028472 0.998294 -0.005844 0.997773 -0.044507 -0.049695 0.209026 0.043016 0.998604 -0.030678 0.038786 0.000000 0.000000 0.000000 1.000000
0.052596 0.029788 0.998172 -0.005844 0.997478 -0.049261 -0.051089 0.209027 0.047649 0.998342 -0.032304 0.038786 0.000000 0.000000 0.000000 1.000000
0.039602 0.023834 0.998932 -0.005844 0.998022 -0.049799 -0.038377 0.209026 0.048831 0.998475 -0.025759 0.038786 0.000000 0.000000 0.000000 1.000000
0.020052 0.014840 0.999689 -0.005844 0.998741 -0.046279 -0.019346 0.209026 0.045977 0.998818 -0.015749 0.038786 0.000000 0.000000 0.000000 1.000000
-0.001078 0.005890 0.999983 -0.005844 0.999092 -0.042590 0.001328 0.209026 0.042597 0.999076 -0.005839 0.038786 0.000000 0.000000 0.000000 1.000000
-0.012947 0.001460 0.999915 -0.005844 0.999077 -0.040954 0.012996 0.209027 0.040970 0.999160 -0.000928 0.038786 0.000000 0.000000 0.000000 1.000000
-0.010644 0.002715 0.999940 -0.005844 0.999070 -0.041772 0.010749 0.209026 0.041799 0.999124 -0.002268 0.038786 0.000000 0.000000 0.000000 1.000000
-0.003588 0.005506 0.999979 -0.005844 0.999058 -0.043231 0.003823 0.209026 0.043251 0.999050 -0.005346 0.038786 0.000000 0.000000 0.000000 1.000000
0.010599 0.009967 0.999894 -0.005844 0.999084 -0.041553 -0.010176 0.209026 0.041447 0.999087 -0.010398 0.038786 0.000000 0.000000 0.000000 1.000000
0.026836 0.015030 0.999527 -0.005844 0.999007 -0.035993 -0.026281 0.209026 0.035581 0.999239 -0.015981 0.038786 0.000000 0.000000 0.000000 1.000000
0.038743 0.020553 0.999038 -0.005844 0.998624 -0.036171 -0.037983 0.209027 0.035355 0.999135 -0.021926 0.038786 0.000000 0.000000 0.000000 1.000000
0.046866 0.025922 0.998565 -0.005844 0.998061 -0.042215 -0.045747 0.209027 0.040968 0.998772 -0.027850 0.038786 0.000000 0.000000 0.000000 1.000000</float_array>
                    <technique_common>
                        <accessor source="#jnt_spine1-Matrix-animation-output-transform-array" count="12" stride="16">
                            <param type="float4x4"/>
                        </accessor>
                    </technique_common>
                </source>
                <source id="jnt_spine1-Interpolations">
                    <Name_array id="jnt_spine1-Interpolations-array" count="12">
 LINEAR LINEAR LINEAR LINEAR LINEAR LINEAR LINEAR LINEAR LINEAR LINEAR LINEAR
LINEAR</Name_array>
                    <technique_common>
                        <accessor source="#jnt_spine1-Interpolations-array" count="12">
                            <param type="name"/>
                        </accessor>
                    </technique_common>
                </source>
                <sampler id="jnt_spine1-Matrix-animation-transform">
                    <input semantic="INPUT" source="#jnt_spine1-Matrix-animation-input"/>
                    <input semantic="OUTPUT" source="#jnt_spine1-Matrix-animation-output-transform"/>
                    <input semantic="INTERPOLATION" source="#jnt_spine1-Interpolations"/>
                </sampler>
                <channel source="#jnt_spine1-Matrix-animation-transform" target="jnt_spine1/matrix"/>
            </animation>
        </animation>
        <animation id="jnt_spine2-anim" name="jnt_spine2">
            <animation>
                <source id="jnt_spine2-Matrix-animation-input">
                    <float_array id="jnt_spine2-Matrix-animation-input-array" count="12">

0.000000 0.033333 0.066667 0.100000 0.133333 0.166667 0.200000 0.233333 0.266667 0.300000 0.333333 0.366667</float_array>
                    <technique_common>
                        <accessor source="#jnt_spine2-Matrix-animation-input-array" count="12">
                            <param name="TIME" type="float"/>
                        </accessor>
                    </technique_common>
                </source>
                <source id="jnt_spine2-Matrix-animation-output-transform">
                    <float_array id="jnt_spine2-Matrix-animation-output-transform-array" count="192">

0.976587 -0.214154 0.020384 0.354983 0.214765 0.976035 -0.035083 0.078525 -0.012382 0.038639 0.999176 0.012378 0.000000 0.000000 0.000000 1.000000
0.974015 -0.224015 0.033342 0.354984 0.225052 0.973838 -0.031478 0.078525 -0.025418 0.038163 0.998948 0.012378 0.000000 0.000000 0.000000 1.000000
0.981432 -0.189291 0.030965 0.354983 0.190109 0.981418 -0.025997 0.078525 -0.025468 0.031401 0.999182 0.012378 0.000000 0.000000 0.000000 1.000000
0.988938 -0.144919 0.031619 0.354984 0.145504 0.989211 -0.017048 0.078525 -0.028807 0.021460 0.999354 0.012378 0.000000 0.000000 0.000000 1.000000
0.994160 -0.102083 0.034988 0.354983 0.102413 0.994712 -0.007771 0.078525 -0.034010 0.011309 0.999358 0.012378 0.000000 0.000000 0.000000 1.000000
0.995363 -0.080121 0.053230 0.354983 0.080098 0.996783 0.002571 0.078525 -0.053265 0.001705 0.998579 0.012378 0.000000 0.000000 0.000000 1.000000
0.994617 -0.073610 0.072931 0.354983 0.073079 0.997277 0.009932 0.078525 -0.073463 -0.004548 0.997287 0.012378 0.000000 0.000000 0.000000 1.000000
0.994227 -0.073010 0.078626 0.354983 0.072341 0.997316 0.011328 0.078525 -0.079242 -0.005575 0.996840 0.012378 0.000000 0.000000 0.000000 1.000000
0.994203 -0.085666 0.064976 0.354984 0.085564 0.996323 0.004358 0.078525 -0.065111 0.001227 0.997878 0.012378 0.000000 0.000000 0.000000 1.000000
0.992140 -0.115825 0.047365 0.354983 0.116253 0.993200 -0.006354 0.078525 -0.046307 0.011810 0.998858 0.012378 0.000000 0.000000 0.000000 1.000000
0.985161 -0.166194 0.042859 0.354984 0.167000 0.985828 -0.015934 0.078525 -0.039604 0.022856 0.998954 0.012378 0.000000 0.000000 0.000000 1.000000
0.977805 -0.206831 0.033442 0.354983 0.207766 0.977795 -0.027395 0.078525 -0.027033 0.033735 0.999065 0.012378 0.000000 0.000000 0.000000 1.000000</float_array>
                    <technique_common>
                        <accessor source="#jnt_spine2-Matrix-animation-output-transform-array" count="12" stride="16">
                            <param type="float4x4"/>
                        </accessor>
                    </technique_common>
                </source>
                <source id="jnt_spine2-Interpolations">
                    <Name_array id="jnt_spine2-Interpolations-array" count="12">
 LINEAR LINEAR LINEAR LINEAR LINEAR LINEAR LINEAR LINEAR LINEAR LINEAR LINEAR
LINEAR</Name_array>
                    <technique_common>
                        <accessor source="#jnt_spine2-Interpolations-array" count="12">
                            <param type="name"/>
                        </accessor>
                    </technique_common>
                </source>
                <sampler id="jnt_spine2-Matrix-animation-transform">
                    <input semantic="INPUT" source="#jnt_spine2-Matrix-animation-input"/>
                    <input semantic="OUTPUT" source="#jnt_spine2-Matrix-animation-output-transform"/>
                    <input semantic="INTERPOLATION" source="#jnt_spine2-Interpolations"/>
                </sampler>
                <channel source="#jnt_spine2-Matrix-animation-transform" target="jnt_spine2/matrix"/>
            </animation>
        </animation>
        <animation id="jnt_spine3-anim" name="jnt_spine3">
            <animation>
                <source id="jnt_spine3-Matrix-animation-input">
                    <float_array id="jnt_spine3-Matrix-animation-input-array" count="12">

0.000000 0.033333 0.066667 0.100000 0.133333 0.166667 0.200000 0.233333 0.266667 0.300000 0.333333 0.366667</float_array>
                    <technique_common>
                        <accessor source="#jnt_spine3-Matrix-animation-input-array" count="12">
                            <param name="TIME" type="float"/>
                        </accessor>
                    </technique_common>
                </source>
                <source id="jnt_spine3-Matrix-animation-output-transform">
                    <float_array id="jnt_spine3-Matrix-animation-output-transform-array" count="192">

0.993319 -0.026898 -0.112229 0.727645 0.083753 0.837057 0.540667 0.078479 0.079400 -0.546454 0.833717 -0.093513 0.000000 0.000000 0.000000 1.000000
0.991373 -0.068183 -0.111944 0.727646 0.117992 0.836154 0.535653 0.078480 0.057080 -0.544240 0.836986 -0.093513 0.000000 0.000000 0.000000 1.000000
0.993442 -0.023729 -0.111844 0.727645 0.081191 0.835158 0.543985 0.078480 0.080499 -0.549498 0.831608 -0.093513 0.000000 0.000000 0.000000 1.000000
0.993404 0.028228 -0.111139 0.727645 0.038416 0.831284 0.554518 0.078480 0.108041 -0.555129 0.824717 -0.093513 0.000000 0.000000 0.000000 1.000000
0.991239 0.073069 -0.110028 0.727645 0.001709 0.825871 0.563855 0.078479 0.132069 -0.559103 0.818512 -0.093513 0.000000 0.000000 0.000000 1.000000
0.992523 0.053765 -0.109577 0.727645 0.017758 0.824595 0.565444 0.078480 0.120758 -0.563162 0.817475 -0.093513 0.000000 0.000000 0.000000 1.000000
0.993967 0.000688 -0.109677 0.727646 0.061403 0.825098 0.561644 0.078479 0.090881 -0.564990 0.820078 -0.093513 0.000000 0.000000 0.000000 1.000000
0.993585 -0.026977 -0.109826 0.727645 0.084132 0.825290 0.558407 0.078479 0.075574 -0.564064 0.822265 -0.093513 0.000000 0.000000 0.000000 1.000000
0.993616 -0.023718 -0.110292 0.727646 0.081406 0.827580 0.555414 0.078480 0.078102 -0.560846 0.824228 -0.093513 0.000000 0.000000 0.000000 1.000000
0.993608 -0.021252 -0.110864 0.727645 0.079299 0.830374 0.551534 0.078479 0.080337 -0.556800 0.826752 -0.093513 0.000000 0.000000 0.000000 1.000000
0.992490 -0.050828 -0.111269 0.727645 0.103662 0.832403 0.544389 0.078480 0.064950 -0.551835 0.831420 -0.093513 0.000000 0.000000 0.000000 1.000000
0.992299 -0.053379 -0.111778 0.727646 0.105727 0.835146 0.539770 0.078479 0.064538 -0.547431 0.834358 -0.093513 0.000000 0.000000 0.000000 1.000000</float_array>
                    <technique_common>
                        <accessor source="#jnt_spine3-Matrix-animation-output-transform-array" count="12" stride="16">
                            <param type="float4x4"/>
                        </accessor>
                    </technique_common>
                </source>
                <source id="jnt_spine3-Interpolations">
                    <Name_array id="jnt_spine3-Interpolations-array" count="12">
 LINEAR LINEAR LINEAR LINEAR LINEAR LINEAR LINEAR LINEAR LINEAR LINEAR LINEAR
LINEAR</Name_array>
                    <technique_common>
                        <accessor source="#jnt_spine3-Interpolations-array" count="12">
                            <param type="name"/>
                        </accessor>
                    </technique_common>
                </source>
                <sampler id="jnt_spine3-Matrix-animation-transform">
                    <input semantic="INPUT" source="#jnt_spine3-Matrix-animation-input"/>
                    <input semantic="OUTPUT" source="#jnt_spine3-Matrix-animation-output-transform"/>
                    <input semantic="INTERPOLATION" source="#jnt_spine3-Interpolations"/>
                </sampler>
                <channel source="#jnt_spine3-Matrix-animation-transform" target="jnt_spine3/matrix"/>
            </animation>
        </animation>
        <animation id="jnt_neck-anim" name="jnt_neck">
            <animation>
                <source id="jnt_neck-Matrix-animation-input">
                    <float_array id="jnt_neck-Matrix-animation-input-array" count="12">

0.000000 0.033333 0.066667 0.100000 0.133333 0.166667 0.200000 0.233333 0.266667 0.300000 0.333333 0.366667</float_array>
                    <technique_common>
                        <accessor source="#jnt_neck-Matrix-animation-input-array" count="12">
                            <param name="TIME" type="float"/>
                        </accessor>
                    </technique_common>
                </source>
                <source id="jnt_neck-Matrix-animation-output-transform">
                    <float_array id="jnt_neck-Matrix-animation-output-transform-array" count="192">

0.754562 0.633323 0.171866 0.680426 -0.363837 0.621713 -0.693609 0.270155 -0.546131 0.460840 0.699547 -0.297846 0.000000 0.000000 0.000000 1.000000
0.713242 0.683207 0.156572 0.680426 -0.429181 0.602301 -0.673080 0.270155 -0.554156 0.412872 0.722805 -0.297846 0.000000 0.000000 0.000000 1.000000
0.747814 0.642633 0.166723 0.680426 -0.443449 0.670378 -0.594933 0.270155 -0.494091 0.370967 0.786292 -0.297846 0.000000 0.000000 0.000000 1.000000
0.798875 0.585474 0.137912 0.680426 -0.469491 0.750266 -0.465489 0.270155 -0.376002 0.307119 0.874242 -0.297846 0.000000 0.000000 0.000000 1.000000
0.845406 0.530149 0.065040 0.680426 -0.489092 0.817307 -0.304626 0.270155 -0.214655 0.225723 0.950248 -0.297846 0.000000 0.000000 0.000000 1.000000
0.833570 0.549461 0.057033 0.680426 -0.526958 0.821889 -0.216367 0.270155 -0.165760 0.150303 0.974644 -0.297846 0.000000 0.000000 0.000000 1.000000
0.775484 0.623968 0.096376 0.680425 -0.582957 0.766251 -0.270223 0.270155 -0.242459 0.153371 0.957962 -0.297846 0.000000 0.000000 0.000000 1.000000
0.736419 0.665720 0.120434 0.680426 -0.599269 0.724513 -0.340525 0.270155 -0.313951 0.178597 0.932490 -0.297846 0.000000 0.000000 0.000000 1.000000
0.729886 0.666530 0.151672 0.680426 -0.569164 0.715464 -0.405172 0.270155 -0.378575 0.209403 0.901571 -0.297846 0.000000 0.000000 0.000000 1.000000
0.720637 0.670505 0.176368 0.680426 -0.534614 0.699373 -0.474411 0.270154 -0.441442 0.247589 0.862455 -0.297846 0.000000 0.000000 0.000000 1.000000
0.694195 0.701681 0.160428 0.680427 -0.522982 0.644839 -0.557379 0.270155 -0.494553 0.303029 0.814611 -0.297846 0.000000 0.000000 0.000000 1.000000
0.723416 0.673647 0.151228 0.680426 -0.441424 0.619714 -0.648921 0.270155 -0.530862 0.402685 0.745674 -0.297846 0.000000 0.000000 0.000000 1.000000</float_array>
                    <technique_common>
                        <accessor source="#jnt_neck-Matrix-animation-output-transform-array" count="12" stride="16">
                            <param type="float4x4"/>
                        </accessor>
                    </technique_common>
                </source>
                <source id="jnt_neck-Interpolations">
                    <Name_array id="jnt_neck-Interpolations-array" count="12">
 LINEAR LINEAR LINEAR LINEAR LINEAR LINEAR LINEAR LINEAR LINEAR LINEAR LINEAR
LINEAR</Name_array>
                    <technique_common>
                        <accessor source="#jnt_neck-Interpolations-array" count="12">
                            <param type="name"/>
                        </accessor>
                    </technique_common>
                </source>
                <sampler id="jnt_neck-Matrix-animation-transform">
                    <input semantic="INPUT" source="#jnt_neck-Matrix-animation-input"/>
                    <input semantic="OUTPUT" source="#jnt_neck-Matrix-animation-output-transform"/>
                    <input semantic="INTERPOLATION" source="#jnt_neck-Interpolations"/>
                </sampler>
                <channel source="#jnt_neck-Matrix-animation-transform" target="jnt_neck/matrix"/>
            </animation>
        </animation>
        <animation id="jnt_head-anim" name="jnt_head">
            <animation>
                <source id="jnt_head-Matrix-animation-input">
                    <float_array id="jnt_head-Matrix-animation-input-array" count="12">

0.000000 0.033333 0.066667 0.100000 0.133333 0.166667 0.200000 0.233333 0.266667 0.300000 0.333333 0.366667</float_array>
                    <technique_common>
                        <accessor source="#jnt_head-Matrix-animation-input-array" count="12">
                            <param name="TIME" type="float"/>
                        </accessor>
                    </technique_common>
                </source>
                <source id="jnt_head-Matrix-animation-output-transform">
                    <float_array id="jnt_head-Matrix-animation-output-transform-array" count="192">

0.974552 -0.213626 0.067912 0.273592 0.214866 0.976577 -0.011427 0.000002 -0.063880 0.025728 0.997626 -0.000000 0.000000 0.000000 0.000000 1.000000
0.950161 -0.305904 0.060128 0.273592 0.306923 0.951698 -0.008290 0.000001 -0.054688 0.026331 0.998156 -0.000000 0.000000 0.000000 0.000000 1.000000
0.949085 -0.307709 0.067460 0.273591 0.309008 0.951012 -0.009499 0.000002 -0.061233 0.029861 0.997677 -0.000000 0.000000 0.000000 0.000000 1.000000
0.947459 -0.305597 0.094514 0.273591 0.308116 0.951261 -0.012969 0.000002 -0.085944 0.041409 0.995439 -0.000000 0.000000 0.000000 0.000000 1.000000
0.946834 -0.292829 0.133252 0.273592 0.297704 0.954492 -0.017816 0.000002 -0.121971 0.056538 0.990922 -0.000000 0.000000 0.000000 0.000000 1.000000
0.952917 -0.281309 0.113203 0.273591 0.284862 0.958432 -0.016209 0.000001 -0.103937 0.047693 0.993440 -0.000000 0.000000 0.000000 0.000000 1.000000
0.935441 -0.343115 0.084979 0.273591 0.345049 0.938544 -0.008760 0.000001 -0.076751 0.037516 0.996344 0.000000 0.000000 0.000000 0.000000 1.000000
0.930824 -0.358302 0.072007 0.273591 0.359649 0.933067 -0.006260 0.000002 -0.064945 0.031724 0.997385 -0.000000 0.000000 0.000000 0.000000 1.000000
0.935028 -0.348652 0.064522 0.273591 0.349688 0.936852 -0.005178 0.000002 -0.058642 0.027404 0.997903 0.000000 0.000000 0.000000 0.000000 1.000000
0.935797 -0.346764 0.063546 0.273592 0.347701 0.937598 -0.003985 0.000001 -0.058198 0.025824 0.997971 0.000000 0.000000 0.000000 0.000000 1.000000
0.938561 -0.336570 0.076312 0.273590 0.337885 0.941177 -0.004640 0.000001 -0.070262 0.030139 0.997073 0.000000 0.000000 0.000000 0.000000 1.000000
0.961826 -0.262571 0.077122 0.273591 0.264079 0.964451 -0.009868 0.000001 -0.071789 0.029858 0.996973 0.000000 0.000000 0.000000 0.000000 1.000000</float_array>
                    <technique_common>
                        <accessor source="#jnt_head-Matrix-animation-output-transform-array" count="12" stride="16">
                            <param type="float4x4"/>
                        </accessor>
                    </technique_common>
                </source>
                <source id="jnt_head-Interpolations">
                    <Name_array id="jnt_head-Interpolations-array" count="12">
 LINEAR LINEAR LINEAR LINEAR LINEAR LINEAR LINEAR LINEAR LINEAR LINEAR LINEAR
LINEAR</Name_array>
                    <technique_common>
                        <accessor source="#jnt_head-Interpolations-array" count="12">
                            <param type="name"/>
                        </accessor>
                    </technique_common>
                </source>
                <sampler id="jnt_head-Matrix-animation-transform">
                    <input semantic="INPUT" source="#jnt_head-Matrix-animation-input"/>
                    <input semantic="OUTPUT" source="#jnt_head-Matrix-animation-output-transform"/>
