<?xml version="1.0" encoding="utf-8"?>
<COLLADA xmlns="http://www.collada.org/2005/11/COLLADASchema" version="1.4.1">
    <asset>
        <contributor>
            <author></author>
            <authoring_tool>FBX COLLADA exporter</authoring_tool>
            <comments></comments>
        </contributor>
        <created>2022-09-21T16:46:13Z</created>
        <keywords></keywords>
        <modified>2022-09-21T16:46:13Z</modified>
        <revision></revision>
        <subject></subject>
        <title></title>
        <unit meter="0.010000" name="centimeter"></unit>
        <up_axis>Y_UP</up_axis>
    </asset>
    <library_animations>
        <animation id="Character-anim" name="Character">
            <animation>
                <source id="Character-Matrix-animation-input">
                    <float_array id="Character-Matrix-animation-input-array" count="18">

0.000000 0.033333 0.066667 0.100000 0.133333 0.166667 0.200000 0.233333 0.266667 0.300000 0.333333 0.366667 0.400000 0.433333 0.466667 0.500000
0.533333 0.566667</float_array>
                    <technique_common>
                        <accessor source="#Character-Matrix-animation-input-array" count="18">
                            <param name="TIME" type="float"/>
                        </accessor>
                    </technique_common>
                </source>
                <source id="Character-Matrix-animation-output-transform">
                    <float_array id="Character-Matrix-animation-output-transform-array" count="288">

1.000000 0.000000 0.000000 0.000000 0.000000 1.000000 -0.000000 0.000000 0.000000 0.000000 1.000000 0.000000 0.000000 0.000000 0.000000 1.000000
1.000000 0.000000 0.000000 0.000000 0.000000 1.000000 -0.000000 0.000000 0.000000 0.000000 1.000000 0.000000 0.000000 0.000000 0.000000 1.000000
1.000000 0.000000 0.000000 0.000000 0.000000 1.000000 -0.000000 0.000000 0.000000 0.000000 1.000000 0.000000 0.000000 0.000000 0.000000 1.000000
1.000000 0.000000 0.000000 0.000000 0.000000 1.000000 -0.000000 0.000000 0.000000 0.000000 1.000000 0.000000 0.000000 0.000000 0.000000 1.000000
1.000000 0.000000 0.000000 0.000000 0.000000 1.000000 -0.000000 0.000000 0.000000 0.000000 1.000000 0.000000 0.000000 0.000000 0.000000 1.000000
1.000000 0.000000 0.000000 0.000000 0.000000 1.000000 -0.000000 0.000000 0.000000 0.000000 1.000000 0.000000 0.000000 0.000000 0.000000 1.000000
1.000000 0.000000 0.000000 0.000000 0.000000 1.000000 -0.000000 0.000000 0.000000 0.000000 1.000000 0.000000 0.000000 0.000000 0.000000 1.000000
1.000000 0.000000 0.000000 0.000000 0.000000 1.000000 -0.000000 0.000000 0.000000 0.000000 1.000000 0.000000 0.000000 0.000000 0.000000 1.000000
1.000000 0.000000 0.000000 0.000000 0.000000 1.000000 -0.000000 0.000000 0.000000 0.000000 1.000000 0.000000 0.000000 0.000000 0.000000 1.000000
1.000000 0.000000 0.000000 0.000000 0.000000 1.000000 -0.000000 0.000000 0.000000 0.000000 1.000000 0.000000 0.000000 0.000000 0.000000 1.000000
1.000000 0.000000 0.000000 0.000000 0.000000 1.000000 -0.000000 0.000000 0.000000 0.000000 1.000000 0.000000 0.000000 0.000000 0.000000 1.000000
1.000000 0.000000 0.000000 0.000000 0.000000 1.000000 -0.000000 0.000000 0.000000 0.000000 1.000000 0.000000 0.000000 0.000000 0.000000 1.000000
1.000000 0.000000 0.000000 0.000000 0.000000 1.000000 -0.000000 0.000000 0.000000 0.000000 1.000000 0.000000 0.000000 0.000000 0.000000 1.000000
1.000000 0.000000 0.000000 0.000000 0.000000 1.000000 -0.000000 0.000000 0.000000 0.000000 1.000000 0.000000 0.000000 0.000000 0.000000 1.000000
1.000000 0.000000 0.000000 0.000000 0.000000 1.000000 -0.000000 0.000000 0.000000 0.000000 1.000000 0.000000 0.000000 0.000000 0.000000 1.000000
1.000000 0.000000 0.000000 0.000000 0.000000 1.000000 -0.000000 0.000000 0.000000 0.000000 1.000000 0.000000 0.000000 0.000000 0.000000 1.000000
1.000000 0.000000 0.000000 0.000000 0.000000 1.000000 -0.000000 0.000000 0.000000 0.000000 1.000000 0.000000 0.000000 0.000000 0.000000 1.000000
1.000000 0.000000 0.000000 0.000000 0.000000 1.000000 -0.000000 0.000000 0.000000 0.000000 1.000000 0.000000 0.000000 0.000000 0.000000 1.000000</float_array>
                    <technique_common>
                        <accessor source="#Character-Matrix-animation-output-transform-array" count="18" stride="16">
                            <param type="float4x4"/>
                        </accessor>
                    </technique_common>
                </source>
                <source id="Character-Interpolations">
                    <Name_array id="Character-Interpolations-array" count="18">
 LINEAR LINEAR LINEAR LINEAR LINEAR LINEAR LINEAR LINEAR LINEAR LINEAR LINEAR
LINEAR LINEAR LINEAR LINEAR LINEAR LINEAR LINEAR</Name_array>
                    <technique_common>
                        <accessor source="#Character-Interpolations-array" count="18">
                            <param type="name"/>
                        </accessor>
                    </technique_common>
                </source>
                <sampler id="Character-Matrix-animation-transform">
                    <input semantic="INPUT" source="#Character-Matrix-animation-input"/>
                    <input semantic="OUTPUT" source="#Character-Matrix-animation-output-transform"/>
                    <input semantic="INTERPOLATION" source="#Character-Interpolations"/>
                </sampler>
                <channel source="#Character-Matrix-animation-transform" target="Character/matrix"/>
            </animation>
        </animation>
        <animation id="HIK_root_jnt-anim" name="HIK_root_jnt">
            <animation>
                <source id="HIK_root_jnt-Matrix-animation-input">
                    <float_array id="HIK_root_jnt-Matrix-animation-input-array" count="18">

0.000000 0.033333 0.066667 0.100000 0.133333 0.166667 0.200000 0.233333 0.266667 0.300000 0.333333 0.366667 0.400000 0.433333 0.466667 0.500000
0.533333 0.566667</float_array>
                    <technique_common>
                        <accessor source="#HIK_root_jnt-Matrix-animation-input-array" count="18">
                            <param name="TIME" type="float"/>
                        </accessor>
                    </technique_common>
                </source>
                <source id="HIK_root_jnt-Matrix-animation-output-transform">
                    <float_array id="HIK_root_jnt-Matrix-animation-output-transform-array" count="288">

1.000000 0.000000 0.000000 0.000000 0.000000 1.000000 -0.000000 0.000000 0.000000 0.000000 1.000000 0.000000 0.000000 0.000000 0.000000 1.000000
1.000000 0.000000 0.000000 0.000000 0.000000 1.000000 -0.000000 0.000000 0.000000 0.000000 1.000000 0.000000 0.000000 0.000000 0.000000 1.000000
1.000000 0.000000 0.000000 0.000000 0.000000 1.000000 -0.000000 0.000000 0.000000 0.000000 1.000000 0.000000 0.000000 0.000000 0.000000 1.000000
1.000000 0.000000 0.000000 0.000000 0.000000 1.000000 -0.000000 0.000000 0.000000 0.000000 1.000000 0.000000 0.000000 0.000000 0.000000 1.000000
1.000000 0.000000 0.000000 0.000000 0.000000 1.000000 -0.000000 0.000000 0.000000 0.000000 1.000000 0.000000 0.000000 0.000000 0.000000 1.000000
1.000000 0.000000 0.000000 0.000000 0.000000 1.000000 -0.000000 0.000000 0.000000 0.000000 1.000000 0.000000 0.000000 0.000000 0.000000 1.000000
1.000000 0.000000 0.000000 0.000000 0.000000 1.000000 -0.000000 0.000000 0.000000 0.000000 1.000000 0.000000 0.000000 0.000000 0.000000 1.000000
1.000000 0.000000 0.000000 0.000000 0.000000 1.000000 -0.000000 0.000000 0.000000 0.000000 1.000000 0.000000 0.000000 0.000000 0.000000 1.000000
1.000000 0.000000 0.000000 0.000000 0.000000 1.000000 -0.000000 0.000000 0.000000 0.000000 1.000000 0.000000 0.000000 0.000000 0.000000 1.000000
1.000000 0.000000 0.000000 0.000000 0.000000 1.000000 -0.000000 0.000000 0.000000 0.000000 1.000000 0.000000 0.000000 0.000000 0.000000 1.000000
1.000000 0.000000 0.000000 0.000000 0.000000 1.000000 -0.000000 0.000000 0.000000 0.000000 1.000000 0.000000 0.000000 0.000000 0.000000 1.000000
1.000000 0.000000 0.000000 0.000000 0.000000 1.000000 -0.000000 0.000000 0.000000 0.000000 1.000000 0.000000 0.000000 0.000000 0.000000 1.000000
1.000000 0.000000 0.000000 0.000000 0.000000 1.000000 -0.000000 0.000000 0.000000 0.000000 1.000000 0.000000 0.000000 0.000000 0.000000 1.000000
1.000000 0.000000 0.000000 0.000000 0.000000 1.000000 -0.000000 0.000000 0.000000 0.000000 1.000000 0.000000 0.000000 0.000000 0.000000 1.000000
1.000000 0.000000 0.000000 0.000000 0.000000 1.000000 -0.000000 0.000000 0.000000 0.000000 1.000000 0.000000 0.000000 0.000000 0.000000 1.000000
1.000000 0.000000 0.000000 0.000000 0.000000 1.000000 -0.000000 0.000000 0.000000 0.000000 1.000000 0.000000 0.000000 0.000000 0.000000 1.000000
1.000000 0.000000 0.000000 0.000000 0.000000 1.000000 -0.000000 0.000000 0.000000 0.000000 1.000000 0.000000 0.000000 0.000000 0.000000 1.000000
1.000000 0.000000 0.000000 0.000000 0.000000 1.000000 -0.000000 0.000000 0.000000 0.000000 1.000000 0.000000 0.000000 0.000000 0.000000 1.000000</float_array>
                    <technique_common>
                        <accessor source="#HIK_root_jnt-Matrix-animation-output-transform-array" count="18" stride="16">
                            <param type="float4x4"/>
                        </accessor>
                    </technique_common>
                </source>
                <source id="HIK_root_jnt-Interpolations">
                    <Name_array id="HIK_root_jnt-Interpolations-array" count="18">
 LINEAR LINEAR LINEAR LINEAR LINEAR LINEAR LINEAR LINEAR LINEAR LINEAR LINEAR
LINEAR LINEAR LINEAR LINEAR LINEAR LINEAR LINEAR</Name_array>
                    <technique_common>
                        <accessor source="#HIK_root_jnt-Interpolations-array" count="18">
                            <param type="name"/>
                        </accessor>
                    </technique_common>
                </source>
                <sampler id="HIK_root_jnt-Matrix-animation-transform">
                    <input semantic="INPUT" source="#HIK_root_jnt-Matrix-animation-input"/>
                    <input semantic="OUTPUT" source="#HIK_root_jnt-Matrix-animation-output-transform"/>
                    <input semantic="INTERPOLATION" source="#HIK_root_jnt-Interpolations"/>
                </sampler>
                <channel source="#HIK_root_jnt-Matrix-animation-transform" target="HIK_root_jnt/matrix"/>
            </animation>
        </animation>
        <animation id="root_jnt-anim" name="root_jnt">
            <animation>
                <source id="root_jnt-Matrix-animation-input">
                    <float_array id="root_jnt-Matrix-animation-input-array" count="18">

0.000000 0.033333 0.066667 0.100000 0.133333 0.166667 0.200000 0.233333 0.266667 0.300000 0.333333 0.366667 0.400000 0.433333 0.466667 0.500000
0.533333 0.566667</float_array>
                    <technique_common>
                        <accessor source="#root_jnt-Matrix-animation-input-array" count="18">
                            <param name="TIME" type="float"/>
                        </accessor>
                    </technique_common>
                </source>
                <source id="root_jnt-Matrix-animation-output-transform">
                    <float_array id="root_jnt-Matrix-animation-output-transform-array" count="288">

1.000000 0.000000 0.000000 0.000000 0.000000 1.000000 -0.000000 0.000000 0.000000 0.000000 1.000000 0.000000 0.000000 0.000000 0.000000 1.000000
1.000000 0.000000 0.000000 0.000000 0.000000 1.000000 -0.000000 0.000000 0.000000 0.000000 1.000000 0.000000 0.000000 0.000000 0.000000 1.000000
1.000000 0.000000 0.000000 0.000000 0.000000 1.000000 -0.000000 0.000000 0.000000 0.000000 1.000000 0.000000 0.000000 0.000000 0.000000 1.000000
1.000000 0.000000 0.000000 0.000000 0.000000 1.000000 -0.000000 0.000000 0.000000 0.000000 1.000000 0.000000 0.000000 0.000000 0.000000 1.000000
1.000000 0.000000 0.000000 0.000000 0.000000 1.000000 -0.000000 0.000000 0.000000 0.000000 1.000000 0.000000 0.000000 0.000000 0.000000 1.000000
1.000000 0.000000 0.000000 0.000000 0.000000 1.000000 -0.000000 0.000000 0.000000 0.000000 1.000000 0.000000 0.000000 0.000000 0.000000 1.000000
1.000000 0.000000 0.000000 0.000000 0.000000 1.000000 -0.000000 0.000000 0.000000 0.000000 1.000000 0.000000 0.000000 0.000000 0.000000 1.000000
1.000000 0.000000 0.000000 0.000000 0.000000 1.000000 -0.000000 0.000000 0.000000 0.000000 1.000000 0.000000 0.000000 0.000000 0.000000 1.000000
1.000000 0.000000 0.000000 0.000000 0.000000 1.000000 -0.000000 0.000000 0.000000 0.000000 1.000000 0.000000 0.000000 0.000000 0.000000 1.000000
1.000000 0.000000 0.000000 0.000000 0.000000 1.000000 -0.000000 0.000000 0.000000 0.000000 1.000000 0.000000 0.000000 0.000000 0.000000 1.000000
1.000000 0.000000 0.000000 0.000000 0.000000 1.000000 -0.000000 0.000000 0.000000 0.000000 1.000000 0.000000 0.000000 0.000000 0.000000 1.000000
1.000000 0.000000 0.000000 0.000000 0.000000 1.000000 -0.000000 0.000000 0.000000 0.000000 1.000000 0.000000 0.000000 0.000000 0.000000 1.000000
1.000000 0.000000 0.000000 0.000000 0.000000 1.000000 -0.000000 0.000000 0.000000 0.000000 1.000000 0.000000 0.000000 0.000000 0.000000 1.000000
1.000000 0.000000 0.000000 0.000000 0.000000 1.000000 -0.000000 0.000000 0.000000 0.000000 1.000000 0.000000 0.000000 0.000000 0.000000 1.000000
1.000000 0.000000 0.000000 0.000000 0.000000 1.000000 -0.000000 0.000000 0.000000 0.000000 1.000000 0.000000 0.000000 0.000000 0.000000 1.000000
1.000000 0.000000 0.000000 0.000000 0.000000 1.000000 -0.000000 0.000000 0.000000 0.000000 1.000000 0.000000 0.000000 0.000000 0.000000 1.000000
1.000000 0.000000 0.000000 0.000000 0.000000 1.000000 -0.000000 0.000000 0.000000 0.000000 1.000000 0.000000 0.000000 0.000000 0.000000 1.000000
1.000000 0.000000 0.000000 0.000000 0.000000 1.000000 -0.000000 0.000000 0.000000 0.000000 1.000000 0.000000 0.000000 0.000000 0.000000 1.000000</float_array>
                    <technique_common>
                        <accessor source="#root_jnt-Matrix-animation-output-transform-array" count="18" stride="16">
                            <param type="float4x4"/>
                        </accessor>
                    </technique_common>
                </source>
                <source id="root_jnt-Interpolations">
                    <Name_array id="root_jnt-Interpolations-array" count="18">
 LINEAR LINEAR LINEAR LINEAR LINEAR LINEAR LINEAR LINEAR LINEAR LINEAR LINEAR
LINEAR LINEAR LINEAR LINEAR LINEAR LINEAR LINEAR</Name_array>
                    <technique_common>
                        <accessor source="#root_jnt-Interpolations-array" count="18">
                            <param type="name"/>
                        </accessor>
                    </technique_common>
                </source>
                <sampler id="root_jnt-Matrix-animation-transform">
                    <input semantic="INPUT" source="#root_jnt-Matrix-animation-input"/>
                    <input semantic="OUTPUT" source="#root_jnt-Matrix-animation-output-transform"/>
                    <input semantic="INTERPOLATION" source="#root_jnt-Interpolations"/>
                </sampler>
                <channel source="#root_jnt-Matrix-animation-transform" target="root_jnt/matrix"/>
            </animation>
        </animation>
        <animation id="jnt_hips-anim" name="jnt_hips">
            <animation>
                <source id="jnt_hips-Matrix-animation-input">
                    <float_array id="jnt_hips-Matrix-animation-input-array" count="18">

0.000000 0.033333 0.066667 0.100000 0.133333 0.166667 0.200000 0.233333 0.266667 0.300000 0.333333 0.366667 0.400000 0.433333 0.466667 0.500000
0.533333 0.566667</float_array>
                    <technique_common>
                        <accessor source="#jnt_hips-Matrix-animation-input-array" count="18">
                            <param name="TIME" type="float"/>
                        </accessor>
                    </technique_common>
                </source>
                <source id="jnt_hips-Matrix-animation-output-transform">
                    <float_array id="jnt_hips-Matrix-animation-output-transform-array" count="288">

0.952804 0.100914 -0.286323 -0.000000 0.003970 0.938913 0.344131 1.733227 0.303560 -0.329026 0.894200 -0.128626 0.000000 0.000000 0.000000 1.000000
0.961731 0.096937 -0.256275 -0.000000 -0.006361 0.942972 0.332813 1.858325 0.273922 -0.318446 0.907501 -0.129927 0.000000 0.000000 0.000000 1.000000
0.978841 0.090606 -0.183470 -0.000000 -0.030074 0.950589 0.308991 2.090650 0.202401 -0.296936 0.933200 -0.133434 0.000000 0.000000 0.000000 1.000000
0.991506 0.089149 -0.094703 0.000000 -0.058291 0.955501 0.289173 2.215748 0.116268 -0.281196 0.952581 -0.138555 0.000000 0.000000 0.000000 1.000000
0.995428 0.094645 -0.012885 0.000000 -0.087422 0.957082 0.276316 2.140968 0.038484 -0.273926 0.960980 -0.144626 0.000000 0.000000 0.000000 1.000000
0.992985 0.102869 0.058293 0.000000 -0.114656 0.958174 0.262215 1.968647 -0.028881 -0.267059 0.963247 -0.150698 0.000000 0.000000 0.000000 1.000000
0.986702 0.108969 0.120600 0.000000 -0.136376 0.958720 0.249514 1.776818 -0.088432 -0.262643 0.960832 -0.155751 0.000000 0.000000 0.000000 1.000000
0.978351 0.108192 0.176421 0.000000 -0.149502 0.958946 0.240983 1.643513 -0.143106 -0.262141 0.954360 -0.158766 0.000000 0.000000 0.000000 1.000000
0.968835 0.097081 0.227891 -0.000000 -0.151988 0.959442 0.237425 1.639334 -0.195598 -0.264662 0.944296 -0.158814 0.000000 0.000000 0.000000 1.000000
0.959268 0.080750 0.270711 -0.000000 -0.146800 0.961221 0.233463 1.745227 -0.241361 -0.263694 0.933922 -0.156135 0.000000 0.000000 0.000000 1.000000
0.953552 0.060480 0.295095 -0.000000 -0.134422 0.962122 0.237173 1.897609 -0.269573 -0.265824 0.925564 -0.151644 0.000000 0.000000 0.000000 1.000000
0.959609 0.039010 0.278619 0.000000 -0.113733 0.959600 0.257359 2.034495 -0.257323 -0.278652 0.925277 -0.146248 0.000000 0.000000 0.000000 1.000000
0.983268 0.034550 0.178861 0.000000 -0.086096 0.953408 0.289137 2.093898 -0.160537 -0.299698 0.940430 -0.140852 0.000000 0.000000 0.000000 1.000000
0.997063 0.044502 0.062327 0.000000 -0.062440 0.943609 0.325122 2.020608 -0.044344 -0.328058 0.943616 -0.136227 0.000000 0.000000 0.000000 1.000000
0.996984 0.059509 -0.049813 0.000000 -0.037816 0.933037 0.357788 1.851723 0.067769 -0.354825 0.932473 -0.132609 0.000000 0.000000 0.000000 1.000000
0.985992 0.077228 -0.147838 0.000000 -0.015012 0.923845 0.382473 1.663719 0.166117 -0.374896 0.912063 -0.130098 0.000000 0.000000 0.000000 1.000000
0.970277 0.094341 -0.222850 0.000000 0.001594 0.918369 0.395723 1.533073 0.241992 -0.384316 0.890922 -0.128794 0.000000 0.000000 0.000000 1.000000
0.957470 0.104475 -0.268955 -0.000000 0.006903 0.923581 0.383340 1.570212 0.288451 -0.368893 0.883580 -0.128626 0.000000 0.000000 0.000000 1.000000</float_array>
                    <technique_common>
                        <accessor source="#jnt_hips-Matrix-animation-output-transform-array" count="18" stride="16">
                            <param type="float4x4"/>
                        </accessor>
                    </technique_common>
                </source>
                <source id="jnt_hips-Interpolations">
                    <Name_array id="jnt_hips-Interpolations-array" count="18">
 LINEAR LINEAR LINEAR LINEAR LINEAR LINEAR LINEAR LINEAR LINEAR LINEAR LINEAR
LINEAR LINEAR LINEAR LINEAR LINEAR LINEAR LINEAR</Name_array>
                    <technique_common>
                        <accessor source="#jnt_hips-Interpolations-array" count="18">
                            <param type="name"/>
                        </accessor>
                    </technique_common>
                </source>
                <sampler id="jnt_hips-Matrix-animation-transform">
                    <input semantic="INPUT" source="#jnt_hips-Matrix-animation-input"/>
                    <input semantic="OUTPUT" source="#jnt_hips-Matrix-animation-output-transform"/>
                    <input semantic="INTERPOLATION" source="#jnt_hips-Interpolations"/>
                </sampler>
                <channel source="#jnt_hips-Matrix-animation-transform" target="jnt_hips/matrix"/>
            </animation>
        </animation>
        <animation id="jnt_height-anim" name="jnt_height">
            <animation>
                <source id="jnt_height-Matrix-animation-input">
                    <float_array id="jnt_height-Matrix-animation-input-array" count="18">

0.000000 0.033333 0.066667 0.100000 0.133333 0.166667 0.200000 0.233333 0.266667 0.300000 0.333333 0.366667 0.400000 0.433333 0.466667 0.500000
0.533333 0.566667</float_array>
                    <technique_common>
                        <accessor source="#jnt_height-Matrix-animation-input-array" count="18">
                            <param name="TIME" type="float"/>
                        </accessor>
                    </technique_common>
                </source>
                <source id="jnt_height-Matrix-animation-output-transform">
                    <float_array id="jnt_height-Matrix-animation-output-transform-array" count="288">

0.995542 0.086902 0.036647 0.000000 -0.087682 0.995943 0.020236 0.000000 -0.034740 -0.023359 0.999124 0.000000 0.000000 0.000000 0.000000 1.000000
0.995643 0.086199 0.035551 0.000000 -0.087058 0.995929 0.023369 -0.000000 -0.033392 -0.026363 0.999095 0.000000 0.000000 0.000000 0.000000 1.000000
0.995948 0.083748 0.032786 0.000000 -0.084680 0.996010 0.028148 0.000000 -0.030298 -0.030810 0.999066 0.000000 0.000000 0.000000 0.000000 1.000000
0.996475 0.078688 0.029092 -0.000000 -0.079514 0.996429 0.028419 -0.000000 -0.026752 -0.030632 0.999173 0.000000 0.000000 0.000000 0.000000 1.000000
0.997240 0.069993 0.024766 -0.000000 -0.070556 0.997251 0.022651 0.000000 -0.023113 -0.024336 0.999437 0.000000 0.000000 0.000000 0.000000 1.000000
0.998072 0.058693 0.020194 -0.000000 -0.058997 0.998148 0.014794 0.000000 -0.019288 -0.015956 0.999686 0.000000 0.000000 0.000000 0.000000 1.000000
0.998769 0.046942 0.016048 -0.000000 -0.047070 0.998862 0.007694 0.000000 -0.015668 -0.008440 0.999842 0.000000 0.000000 0.000000 0.000000 1.000000
0.999215 0.037470 0.012839 0.000000 -0.037523 0.999288 0.003903 0.000000 -0.012683 -0.004381 0.999910 -0.000000 0.000000 0.000000 0.000000 1.000000
0.999445 0.031571 0.010679 -0.000000 -0.031612 0.999493 0.003713 0.000000 -0.010556 -0.004049 0.999936 -0.000000 0.000000 0.000000 0.000000 1.000000
0.999707 0.022764 0.008251 -0.000000 -0.022763 0.999741 -0.000249 -0.000000 -0.008255 0.000061 0.999966 -0.000000 0.000000 0.000000 0.000000 1.000000
0.999890 0.013649 0.005794 0.000000 -0.013622 0.999896 -0.004597 0.000000 -0.005856 0.004517 0.999973 -0.000000 0.000000 0.000000 0.000000 1.000000
0.999941 0.009767 0.004665 -0.000000 -0.009739 0.999935 -0.005996 -0.000000 -0.004723 0.005950 0.999971 -0.000000 0.000000 0.000000 0.000000 1.000000
0.999749 0.020441 0.009171 0.000000 -0.020362 0.999755 -0.008643 0.000000 -0.009345 0.008454 0.999920 -0.000000 0.000000 0.000000 0.000000 1.000000
0.998948 0.042371 0.017541 0.000000 -0.042292 0.999094 -0.004820 -0.000000 -0.017730 0.004073 0.999834 0.000000 0.000000 0.000000 0.000000 1.000000
0.997660 0.063287 0.025851 0.000000 -0.063407 0.997980 0.003840 0.000000 -0.025556 -0.005470 0.999658 -0.000000 0.000000 0.000000 0.000000 1.000000
0.996257 0.079892 0.033014 -0.000000 -0.080396 0.996661 0.014240 -0.000000 -0.031766 -0.016841 0.999353 -0.000000 0.000000 0.000000 0.000000 1.000000
0.995206 0.090156 0.037915 -0.000000 -0.091056 0.995587 0.022713 0.000000 -0.035700 -0.026057 0.999023 0.000000 0.000000 0.000000 0.000000 1.000000
0.995027 0.091704 0.038870 0.000000 -0.092691 0.995395 0.024412 -0.000000 -0.036452 -0.027893 0.998946 0.000000 0.000000 0.000000 0.000000 1.000000</float_array>
                    <technique_common>
                        <accessor source="#jnt_height-Matrix-animation-output-transform-array" count="18" stride="16">
                            <param type="float4x4"/>
                        </accessor>
                    </technique_common>
                </source>
                <source id="jnt_height-Interpolations">
                    <Name_array id="jnt_height-Interpolations-array" count="18">
 LINEAR LINEAR LINEAR LINEAR LINEAR LINEAR LINEAR LINEAR LINEAR LINEAR LINEAR
LINEAR LINEAR LINEAR LINEAR LINEAR LINEAR LINEAR</Name_array>
                    <technique_common>
                        <accessor source="#jnt_height-Interpolations-array" count="18">
                            <param type="name"/>
                        </accessor>
                    </technique_common>
                </source>
                <sampler id="jnt_height-Matrix-animation-transform">
                    <input semantic="INPUT" source="#jnt_height-Matrix-animation-input"/>
                    <input semantic="OUTPUT" source="#jnt_height-Matrix-animation-output-transform"/>
                    <input semantic="INTERPOLATION" source="#jnt_height-Interpolations"/>
                </sampler>
                <channel source="#jnt_height-Matrix-animation-transform" target="jnt_height/matrix"/>
            </animation>
        </animation>
        <animation id="jnt_spine1-anim" name="jnt_spine1">
            <animation>
                <source id="jnt_spine1-Matrix-animation-input">
                    <float_array id="jnt_spine1-Matrix-animation-input-array" count="18">

0.000000 0.033333 0.066667 0.100000 0.133333 0.166667 0.200000 0.233333 0.266667 0.300000 0.333333 0.366667 0.400000 0.433333 0.466667 0.500000
0.533333 0.566667</float_array>
                    <technique_common>
                        <accessor source="#jnt_spine1-Matrix-animation-input-array" count="18">
                            <param name="TIME" type="float"/>
                        </accessor>
                    </technique_common>
                </source>
                <source id="jnt_spine1-Matrix-animation-output-transform">
                    <float_array id="jnt_spine1-Matrix-animation-output-transform-array" count="288">

0.050991 0.028472 0.998293 -0.005844 0.997772 -0.044507 -0.049695 0.209026 0.043016 0.998603 -0.030678 0.038786 0.000000 0.000000 0.000000 1.000000
0.049567 0.027239 0.998400 -0.005844 0.997941 -0.042089 -0.048396 0.209026 0.040704 0.998743 -0.029270 0.038786 0.000000 0.000000 0.000000 1.000000
0.045496 0.024261 0.998670 -0.005844 0.998289 -0.037846 -0.044560 0.209027 0.036714 0.998989 -0.025941 0.038786 0.000000 0.000000 0.000000 1.000000
0.038743 0.020553 0.999038 -0.005844 0.998624 -0.036171 -0.037983 0.209026 0.035355 0.999134 -0.021926 0.038786 0.000000 0.000000 0.000000 1.000000
0.029158 0.016593 0.999437 -0.005844 0.998868 -0.038091 -0.028509 0.209026 0.037596 0.999137 -0.017685 0.038786 0.000000 0.000000 0.000000 1.000000
0.018088 0.012645 0.999757 -0.005844 0.999014 -0.040779 -0.017559 0.209027 0.040547 0.999088 -0.013370 0.038786 0.000000 0.000000 0.000000 1.000000
0.007414 0.009184 0.999931 -0.005844 0.999052 -0.042981 -0.007013 0.209026 0.042913 0.999034 -0.009494 0.038786 0.000000 0.000000 0.000000 1.000000
-0.000928 0.006495 0.999979 -0.005844 0.999044 -0.043711 0.001211 0.209027 0.043718 0.999023 -0.006448 0.038786 0.000000 0.000000 0.000000 1.000000
-0.005649 0.004704 0.999973 -0.005844 0.999068 -0.042763 0.005845 0.209027 0.042789 0.999074 -0.004458 0.038786 0.000000 0.000000 0.000000 1.000000
-0.009662 0.003277 0.999948 -0.005844 0.999034 -0.042847 0.009794 0.209026 0.042877 0.999076 -0.002860 0.038786 0.000000 0.000000 0.000000 1.000000
-0.012478 0.001998 0.999920 -0.005844 0.999030 -0.042200 0.012551 0.209026 0.042222 0.999108 -0.001469 0.038786 0.000000 0.000000 0.000000 1.000000
-0.011600 0.001641 0.999931 -0.005844 0.999129 -0.040058 0.011657 0.209026 0.040075 0.999196 -0.001175 0.038786 0.000000 0.000000 0.000000 1.000000
-0.001078 0.005890 0.999983 -0.005844 0.999092 -0.042590 0.001328 0.209027 0.042597 0.999075 -0.005839 0.038786 0.000000 0.000000 0.000000 1.000000
0.014658 0.012769 0.999812 -0.005844 0.998801 -0.046887 -0.014045 0.209026 0.046699 0.998819 -0.013441 0.038786 0.000000 0.000000 0.000000 1.000000
0.029532 0.019348 0.999377 -0.005844 0.998366 -0.049505 -0.028543 0.209026 0.048922 0.998587 -0.020778 0.038786 0.000000 0.000000 0.000000 1.000000
0.041890 0.024912 0.998812 -0.005844 0.997904 -0.050411 -0.040595 0.209026 0.049340 0.998418 -0.026971 0.038786 0.000000 0.000000 0.000000 1.000000
0.050273 0.028744 0.998322 -0.005844 0.997560 -0.049932 -0.048797 0.209026 0.048446 0.998339 -0.031184 0.038786 0.000000 0.000000 0.000000 1.000000
0.052872 0.029769 0.998158 -0.005844 0.997535 -0.047747 -0.051415 0.209026 0.046128 0.998416 -0.032220 0.038786 0.000000 0.000000 0.000000 1.000000</float_array>
                    <technique_common>
                        <accessor source="#jnt_spine1-Matrix-animation-output-transform-array" count="18" stride="16">
                            <param type="float4x4"/>
                        </accessor>
                    </technique_common>
                </source>
                <source id="jnt_spine1-Interpolations">
                    <Name_array id="jnt_spine1-Interpolations-array" count="18">
 LINEAR LINEAR LINEAR LINEAR LINEAR LINEAR LINEAR LINEAR LINEAR LINEAR LINEAR
LINEAR LINEAR LINEAR LINEAR LINEAR LINEAR LINEAR</Name_array>
                    <technique_common>
                        <accessor source="#jnt_spine1-Interpolations-array" count="18">
                            <param type="name"/>
                        </accessor>
                    </technique_common>
                </source>
                <sampler id="jnt_spine1-Matrix-animation-transform">
                    <input semantic="INPUT" source="#jnt_spine1-Matrix-animation-input"/>
                    <input semantic="OUTPUT" source="#jnt_spine1-Matrix-animation-output-transform"/>
                    <input semantic="INTERPOLATION" source="#jnt_spine1-Interpolations"/>
                </sampler>
                <channel source="#jnt_spine1-Matrix-animation-transform" target="jnt_spine1/matrix"/>
            </animation>
        </animation>
        <animation id="jnt_spine2-anim" name="jnt_spine2">
            <animation>
                <source id="jnt_spine2-Matrix-animation-input">
                    <float_array id="jnt_spine2-Matrix-animation-input-array" count="18">

0.000000 0.033333 0.066667 0.100000 0.133333 0.166667 0.200000 0.233333 0.266667 0.300000 0.333333 0.366667 0.400000 0.433333 0.466667 0.500000
0.533333 0.566667</float_array>
                    <technique_common>
                        <accessor source="#jnt_spine2-Matrix-animation-input-array" count="18">
                            <param name="TIME" type="float"/>
                        </accessor>
                    </technique_common>
                </source>
                <source id="jnt_spine2-Matrix-animation-output-transform">
                    <float_array id="jnt_spine2-Matrix-animation-output-transform-array" count="288">

0.976587 -0.214154 0.020384 0.354983 0.214765 0.976035 -0.035083 0.078525 -0.012382 0.038639 0.999176 0.012378 0.000000 0.000000 0.000000 1.000000
0.977945 -0.207498 0.023824 0.354984 0.208197 0.977561 -0.032048 0.078525 -0.016640 0.036301 0.999202 0.012378 0.000000 0.000000 0.000000 1.000000
0.981251 -0.190037 0.032137 0.354984 0.190860 0.981304 -0.024791 0.078525 -0.026825 0.030460 0.999176 0.012378 0.000000 0.000000 0.000000 1.000000
0.985161 -0.166194 0.042859 0.354983 0.166999 0.985828 -0.015935 0.078525 -0.039603 0.022856 0.998954 0.012378 0.000000 0.000000 0.000000 1.000000
0.988769 -0.139390 0.053909 0.354984 0.139977 0.990128 -0.007242 0.078525 -0.052367 0.014707 0.998520 0.012378 0.000000 0.000000 0.000000 1.000000
0.991627 -0.112316 0.063730 0.354984 0.112518 0.993650 0.000427 0.078525 -0.063373 0.006747 0.997967 0.012378 0.000000 0.000000 0.000000 1.000000
0.993414 -0.089507 0.071540 0.354984 0.089280 0.995986 0.006371 0.078525 -0.071823 0.000058 0.997417 0.012378 0.000000 0.000000 0.000000 1.000000
0.994170 -0.075505 0.076972 0.354983 0.074937 0.997136 0.010253 0.078525 -0.077525 -0.004425 0.996981 0.012378 0.000000 0.000000 0.000000 1.000000
0.994276 -0.072600 0.078390 0.354984 0.071918 0.997344 0.011484 0.078525 -0.079016 -0.005780 0.996857 0.012378 0.000000 0.000000 0.000000 1.000000
0.994759 -0.073606 0.070964 0.354983 0.073149 0.997280 0.009026 0.078525 -0.071435 -0.003788 0.997438 0.012378 0.000000 0.000000 0.000000 1.000000
0.995271 -0.077125 0.059063 0.354984 0.076979 0.997021 0.004754 0.078525 -0.059254 -0.000185 0.998243 0.012378 0.000000 0.000000 0.000000 1.000000
0.995343 -0.084364 0.046649 0.354984 0.084467 0.996426 -0.000228 0.078525 -0.046463 0.004167 0.998911 0.012378 0.000000 0.000000 0.000000 1.000000
0.994161 -0.102083 0.034988 0.354983 0.102413 0.994712 -0.007771 0.078525 -0.034009 0.011309 0.999358 0.012378 0.000000 0.000000 0.000000 1.000000
0.990626 -0.132613 0.032769 0.354983 0.133141 0.990991 -0.014500 0.078525 -0.030551 0.018727 0.999357 0.012378 0.000000 0.000000 0.000000 1.000000
0.985627 -0.165511 0.033852 0.354984 0.166250 0.985874 -0.020307 0.078525 -0.030013 0.025643 0.999221 0.012378 0.000000 0.000000 0.000000 1.000000
0.980028 -0.195707 0.035263 0.354983 0.196644 0.980146 -0.025383 0.078525 -0.029595 0.031811 0.999055 0.012378 0.000000 0.000000 0.000000 1.000000
0.975349 -0.217893 0.034879 0.354983 0.218940 0.975287 -0.029672 0.078525 -0.027551 0.036577 0.998951 0.012378 0.000000 0.000000 0.000000 1.000000
0.974233 -0.223630 0.029321 0.354983 0.224550 0.973899 -0.033111 0.078525 -0.021152 0.038842 0.999021 0.012378 0.000000 0.000000 0.000000 1.000000</float_array>
                    <technique_common>
                        <accessor source="#jnt_spine2-Matrix-animation-output-transform-array" count="18" stride="16">
                            <param type="float4x4"/>
                        </accessor>
                    </technique_common>
                </source>
                <source id="jnt_spine2-Interpolations">
                    <Name_array id="jnt_spine2-Interpolations-array" count="18">
 LINEAR LINEAR LINEAR LINEAR LINEAR LINEAR LINEAR LINEAR LINEAR LINEAR LINEAR
LINEAR LINEAR LINEAR LINEAR LINEAR LINEAR LINEAR</Name_array>
                    <technique_common>
                        <accessor source="#jnt_spine2-Interpolations-array" count="18">
                            <param type="name"/>
                        </accessor>
                    </technique_common>
                </source>
                <sampler id="jnt_spine2-Matrix-animation-transform">
                    <input semantic="INPUT" source="#jnt_spine2-Matrix-animation-input"/>
                    <input semantic="OUTPUT" source="#jnt_spine2-Matrix-animation-output-transform"/>
                    <input semantic="INTERPOLATION" source="#jnt_spine2-Interpolations"/>
                </sampler>
                <channel source="#jnt_spine2-Matrix-animation-transform" target="jnt_spine2/matrix"/>
            </animation>
        </animation>
        <animation id="jnt_spine3-anim" name="jnt_spine3">
            <animation>
                <source id="jnt_spine3-Matrix-animation-input">
                    <float_array id="jnt_spine3-Matrix-animation-input-array" count="18">

0.000000 0.033333 0.066667 0.100000 0.133333 0.166667 0.200000 0.233333 0.266667 0.300000 0.333333 0.366667 0.400000 0.433333 0.466667 0.500000
0.533333 0.566667</float_array>
                    <technique_common>
                        <accessor source="#jnt_spine3-Matrix-animation-input-array" count="18">
                            <param name="TIME" type="float"/>
                        </accessor>
                    </technique_common>
                </source>
                <source id="jnt_spine3-Matrix-animation-output-transform">
                    <float_array id="jnt_spine3-Matrix-animation-output-transform-array" count="288">

0.993318 -0.026897 -0.112229 0.727646 0.083753 0.837057 0.540667 0.078480 0.079400 -0.546454 0.833717 -0.093513 0.000000 0.000000 0.000000 1.000000
0.993175 -0.032324 -0.112068 0.727645 0.088269 0.836359 0.541028 0.078480 0.076241 -0.547228 0.833504 -0.093513 0.000000 0.000000 0.000000 1.000000
0.992822 -0.042774 -0.111695 0.727645 0.096962 0.834603 0.542251 0.078479 0.070026 -0.549189 0.832759 -0.093513 0.000000 0.000000 0.000000 1.000000
0.992490 -0.050827 -0.111269 0.727645 0.103661 0.832403 0.544389 0.078479 0.064951 -0.551835 0.831420 -0.093513 0.000000 0.000000 0.000000 1.000000
0.992505 -0.051384 -0.110876 0.727646 0.104151 0.830284 0.547523 0.078480 0.063924 -0.554967 0.829413 -0.093513 0.000000 0.000000 0.000000 1.000000
0.992849 -0.045154 -0.110508 0.727645 0.099037 0.828402 0.551308 0.078479 0.066652 -0.558310 0.826951 -0.093513 0.000000 0.000000 0.000000 1.000000
0.993255 -0.036119 -0.110175 0.727645 0.091620 0.826851 0.554908 0.078479 0.071056 -0.561259 0.824584 -0.093513 0.000000 0.000000 0.000000 1.000000
0.993529 -0.028611 -0.109916 0.727646 0.085468 0.825685 0.557619 0.078480 0.074802 -0.563405 0.822788 -0.093513 0.000000 0.000000 0.000000 1.000000
0.993704 -0.022372 -0.109776 0.727645 0.080349 0.825154 0.559165 0.078479 0.078072 -0.564465 0.821756 -0.093513 0.000000 0.000000 0.000000 1.000000
0.993952 0.004231 -0.109730 0.727645 0.058482 0.825360 0.561570 0.078480 0.092943 -0.564591 0.820121 -0.093513 0.000000 0.000000 0.000000 1.000000
0.993204 0.039039 -0.109639 0.727646 0.029867 0.825015 0.564321 0.078480 0.112484 -0.563761 0.818243 -0.093513 0.000000 0.000000 0.000000 1.000000
0.991727 0.066867 -0.109573 0.727645 0.006965 0.824319 0.566083 0.078479 0.128176 -0.562163 0.817034 -0.093513 0.000000 0.000000 0.000000 1.000000
0.991239 0.073070 -0.110028 0.727645 0.001708 0.825871 0.563855 0.078480 0.132070 -0.559103 0.818511 -0.093513 0.000000 0.000000 0.000000 1.000000
0.993028 0.039974 -0.110899 0.727646 0.028778 0.830080 0.556901 0.078480 0.114316 -0.556209 0.823143 -0.093513 0.000000 0.000000 0.000000 1.000000
0.993756 -0.003157 -0.111528 0.727645 0.064249 0.833425 0.548886 0.078480 0.091218 -0.552624 0.828424 -0.093513 0.000000 0.000000 0.000000 1.000000
0.992837 -0.042135 -0.111802 0.727645 0.096426 0.835110 0.541565 0.078480 0.070548 -0.548466 0.833191 -0.093513 0.000000 0.000000 0.000000 1.000000
0.991561 -0.065473 -0.111892 0.727645 0.115749 0.835819 0.536664 0.078480 0.058385 -0.545086 0.836344 -0.093513 0.000000 0.000000 0.000000 1.000000
0.992015 -0.057865 -0.112064 0.727645 0.109429 0.836665 0.536672 0.078480 0.062705 -0.544650 0.836316 -0.093513 0.000000 0.000000 0.000000 1.000000</float_array>
                    <technique_common>
                        <accessor source="#jnt_spine3-Matrix-animation-output-transform-array" count="18" stride="16">
                            <param type="float4x4"/>
                        </accessor>
                    </technique_common>
                </source>
                <source id="jnt_spine3-Interpolations">
                    <Name_array id="jnt_spine3-Interpolations-array" count="18">
 LINEAR LINEAR LINEAR LINEAR LINEAR LINEAR LINEAR LINEAR LINEAR LINEAR LINEAR
LINEAR LINEAR LINEAR LINEAR LINEAR LINEAR LINEAR</Name_array>
                    <technique_common>
                        <accessor source="#jnt_spine3-Interpolations-array" count="18">
                            <param type="name"/>
                        </accessor>
                    </technique_common>
                </source>
                <sampler id="jnt_spine3-Matrix-animation-transform">
                    <input semantic="INPUT" source="#jnt_spine3-Matrix-animation-input"/>
                    <input semantic="OUTPUT" source="#jnt_spine3-Matrix-animation-output-transform"/>
                    <input semantic="INTERPOLATION" source="#jnt_spine3-Interpolations"/>
                </sampler>
