<?xml version="1.0" encoding="utf-8"?>
<COLLADA xmlns="http://www.collada.org/2005/11/COLLADASchema" version="1.4.1">
    <asset>
        <contributor>
            <author></author>
            <authoring_tool>FBX COLLADA exporter</authoring_tool>
            <comments></comments>
        </contributor>
        <created>2022-09-17T21:35:33Z</created>
        <keywords></keywords>
        <modified>2022-09-17T21:35:33Z</modified>
        <revision></revision>
        <subject></subject>
        <title></title>
        <unit meter="0.010000" name="centimeter"></unit>
        <up_axis>Y_UP</up_axis>
    </asset>
    <library_animations>
        <animation id="Character-anim" name="Character">
            <animation>
                <source id="Character-Matrix-animation-input">
                    <float_array id="Character-Matrix-animation-input-array" count="18">

0.000000 0.033333 0.066667 0.100000 0.133333 0.166667 0.200000 0.233333 0.266667 0.300000 0.333333 0.366667 0.400000 0.433333 0.466667 0.500000
0.533333 0.566667</float_array>
                    <technique_common>
                        <accessor source="#Character-Matrix-animation-input-array" count="18">
                            <param name="TIME" type="float"/>
                        </accessor>
                    </technique_common>
                </source>
                <source id="Character-Matrix-animation-output-transform">
                    <float_array id="Character-Matrix-animation-output-transform-array" count="288">

1.000000 0.000000 0.000000 0.000000 0.000000 1.000000 -0.000000 0.000000 0.000000 0.000000 1.000000 0.000000 0.000000 0.000000 0.000000 1.000000
1.000000 0.000000 0.000000 0.000000 0.000000 1.000000 -0.000000 0.000000 0.000000 0.000000 1.000000 0.000000 0.000000 0.000000 0.000000 1.000000
1.000000 0.000000 0.000000 0.000000 0.000000 1.000000 -0.000000 0.000000 0.000000 0.000000 1.000000 0.000000 0.000000 0.000000 0.000000 1.000000
1.000000 0.000000 0.000000 0.000000 0.000000 1.000000 -0.000000 0.000000 0.000000 0.000000 1.000000 0.000000 0.000000 0.000000 0.000000 1.000000
1.000000 0.000000 0.000000 0.000000 0.000000 1.000000 -0.000000 0.000000 0.000000 0.000000 1.000000 0.000000 0.000000 0.000000 0.000000 1.000000
1.000000 0.000000 0.000000 0.000000 0.000000 1.000000 -0.000000 0.000000 0.000000 0.000000 1.000000 0.000000 0.000000 0.000000 0.000000 1.000000
1.000000 0.000000 0.000000 0.000000 0.000000 1.000000 -0.000000 0.000000 0.000000 0.000000 1.000000 0.000000 0.000000 0.000000 0.000000 1.000000
1.000000 0.000000 0.000000 0.000000 0.000000 1.000000 -0.000000 0.000000 0.000000 0.000000 1.000000 0.000000 0.000000 0.000000 0.000000 1.000000
1.000000 0.000000 0.000000 0.000000 0.000000 1.000000 -0.000000 0.000000 0.000000 0.000000 1.000000 0.000000 0.000000 0.000000 0.000000 1.000000
1.000000 0.000000 0.000000 0.000000 0.000000 1.000000 -0.000000 0.000000 0.000000 0.000000 1.000000 0.000000 0.000000 0.000000 0.000000 1.000000
1.000000 0.000000 0.000000 0.000000 0.000000 1.000000 -0.000000 0.000000 0.000000 0.000000 1.000000 0.000000 0.000000 0.000000 0.000000 1.000000
1.000000 0.000000 0.000000 0.000000 0.000000 1.000000 -0.000000 0.000000 0.000000 0.000000 1.000000 0.000000 0.000000 0.000000 0.000000 1.000000
1.000000 0.000000 0.000000 0.000000 0.000000 1.000000 -0.000000 0.000000 0.000000 0.000000 1.000000 0.000000 0.000000 0.000000 0.000000 1.000000
1.000000 0.000000 0.000000 0.000000 0.000000 1.000000 -0.000000 0.000000 0.000000 0.000000 1.000000 0.000000 0.000000 0.000000 0.000000 1.000000
1.000000 0.000000 0.000000 0.000000 0.000000 1.000000 -0.000000 0.000000 0.000000 0.000000 1.000000 0.000000 0.000000 0.000000 0.000000 1.000000
1.000000 0.000000 0.000000 0.000000 0.000000 1.000000 -0.000000 0.000000 0.000000 0.000000 1.000000 0.000000 0.000000 0.000000 0.000000 1.000000
1.000000 0.000000 0.000000 0.000000 0.000000 1.000000 -0.000000 0.000000 0.000000 0.000000 1.000000 0.000000 0.000000 0.000000 0.000000 1.000000
1.000000 0.000000 0.000000 0.000000 0.000000 1.000000 -0.000000 0.000000 0.000000 0.000000 1.000000 0.000000 0.000000 0.000000 0.000000 1.000000</float_array>
                    <technique_common>
                        <accessor source="#Character-Matrix-animation-output-transform-array" count="18" stride="16">
                            <param type="float4x4"/>
                        </accessor>
                    </technique_common>
                </source>
                <source id="Character-Interpolations">
                    <Name_array id="Character-Interpolations-array" count="18">
 LINEAR LINEAR LINEAR LINEAR LINEAR LINEAR LINEAR LINEAR LINEAR LINEAR LINEAR
LINEAR LINEAR LINEAR LINEAR LINEAR LINEAR LINEAR</Name_array>
                    <technique_common>
                        <accessor source="#Character-Interpolations-array" count="18">
                            <param type="name"/>
                        </accessor>
                    </technique_common>
                </source>
                <sampler id="Character-Matrix-animation-transform">
                    <input semantic="INPUT" source="#Character-Matrix-animation-input"/>
                    <input semantic="OUTPUT" source="#Character-Matrix-animation-output-transform"/>
                    <input semantic="INTERPOLATION" source="#Character-Interpolations"/>
                </sampler>
                <channel source="#Character-Matrix-animation-transform" target="Character/matrix"/>
            </animation>
        </animation>
        <animation id="HIK_root_jnt-anim" name="HIK_root_jnt">
            <animation>
                <source id="HIK_root_jnt-Matrix-animation-input">
                    <float_array id="HIK_root_jnt-Matrix-animation-input-array" count="18">

0.000000 0.033333 0.066667 0.100000 0.133333 0.166667 0.200000 0.233333 0.266667 0.300000 0.333333 0.366667 0.400000 0.433333 0.466667 0.500000
0.533333 0.566667</float_array>
                    <technique_common>
                        <accessor source="#HIK_root_jnt-Matrix-animation-input-array" count="18">
                            <param name="TIME" type="float"/>
                        </accessor>
                    </technique_common>
                </source>
                <source id="HIK_root_jnt-Matrix-animation-output-transform">
                    <float_array id="HIK_root_jnt-Matrix-animation-output-transform-array" count="288">

1.000000 0.000000 0.000000 0.000000 0.000000 1.000000 -0.000000 0.000000 0.000000 0.000000 1.000000 0.000000 0.000000 0.000000 0.000000 1.000000
1.000000 0.000000 0.000000 0.000000 0.000000 1.000000 -0.000000 0.000000 0.000000 0.000000 1.000000 0.000000 0.000000 0.000000 0.000000 1.000000
1.000000 0.000000 0.000000 0.000000 0.000000 1.000000 -0.000000 0.000000 0.000000 0.000000 1.000000 0.000000 0.000000 0.000000 0.000000 1.000000
1.000000 0.000000 0.000000 0.000000 0.000000 1.000000 -0.000000 0.000000 0.000000 0.000000 1.000000 0.000000 0.000000 0.000000 0.000000 1.000000
1.000000 0.000000 0.000000 0.000000 0.000000 1.000000 -0.000000 0.000000 0.000000 0.000000 1.000000 0.000000 0.000000 0.000000 0.000000 1.000000
1.000000 0.000000 0.000000 0.000000 0.000000 1.000000 -0.000000 0.000000 0.000000 0.000000 1.000000 0.000000 0.000000 0.000000 0.000000 1.000000
1.000000 0.000000 0.000000 0.000000 0.000000 1.000000 -0.000000 0.000000 0.000000 0.000000 1.000000 0.000000 0.000000 0.000000 0.000000 1.000000
1.000000 0.000000 0.000000 0.000000 0.000000 1.000000 -0.000000 0.000000 0.000000 0.000000 1.000000 0.000000 0.000000 0.000000 0.000000 1.000000
1.000000 0.000000 0.000000 0.000000 0.000000 1.000000 -0.000000 0.000000 0.000000 0.000000 1.000000 0.000000 0.000000 0.000000 0.000000 1.000000
1.000000 0.000000 0.000000 0.000000 0.000000 1.000000 -0.000000 0.000000 0.000000 0.000000 1.000000 0.000000 0.000000 0.000000 0.000000 1.000000
1.000000 0.000000 0.000000 0.000000 0.000000 1.000000 -0.000000 0.000000 0.000000 0.000000 1.000000 0.000000 0.000000 0.000000 0.000000 1.000000
1.000000 0.000000 0.000000 0.000000 0.000000 1.000000 -0.000000 0.000000 0.000000 0.000000 1.000000 0.000000 0.000000 0.000000 0.000000 1.000000
1.000000 0.000000 0.000000 0.000000 0.000000 1.000000 -0.000000 0.000000 0.000000 0.000000 1.000000 0.000000 0.000000 0.000000 0.000000 1.000000
1.000000 0.000000 0.000000 0.000000 0.000000 1.000000 -0.000000 0.000000 0.000000 0.000000 1.000000 0.000000 0.000000 0.000000 0.000000 1.000000
1.000000 0.000000 0.000000 0.000000 0.000000 1.000000 -0.000000 0.000000 0.000000 0.000000 1.000000 0.000000 0.000000 0.000000 0.000000 1.000000
1.000000 0.000000 0.000000 0.000000 0.000000 1.000000 -0.000000 0.000000 0.000000 0.000000 1.000000 0.000000 0.000000 0.000000 0.000000 1.000000
1.000000 0.000000 0.000000 0.000000 0.000000 1.000000 -0.000000 0.000000 0.000000 0.000000 1.000000 0.000000 0.000000 0.000000 0.000000 1.000000
1.000000 0.000000 0.000000 0.000000 0.000000 1.000000 -0.000000 0.000000 0.000000 0.000000 1.000000 0.000000 0.000000 0.000000 0.000000 1.000000</float_array>
                    <technique_common>
                        <accessor source="#HIK_root_jnt-Matrix-animation-output-transform-array" count="18" stride="16">
                            <param type="float4x4"/>
                        </accessor>
                    </technique_common>
                </source>
                <source id="HIK_root_jnt-Interpolations">
                    <Name_array id="HIK_root_jnt-Interpolations-array" count="18">
 LINEAR LINEAR LINEAR LINEAR LINEAR LINEAR LINEAR LINEAR LINEAR LINEAR LINEAR
LINEAR LINEAR LINEAR LINEAR LINEAR LINEAR LINEAR</Name_array>
                    <technique_common>
                        <accessor source="#HIK_root_jnt-Interpolations-array" count="18">
                            <param type="name"/>
                        </accessor>
                    </technique_common>
                </source>
                <sampler id="HIK_root_jnt-Matrix-animation-transform">
                    <input semantic="INPUT" source="#HIK_root_jnt-Matrix-animation-input"/>
                    <input semantic="OUTPUT" source="#HIK_root_jnt-Matrix-animation-output-transform"/>
                    <input semantic="INTERPOLATION" source="#HIK_root_jnt-Interpolations"/>
                </sampler>
                <channel source="#HIK_root_jnt-Matrix-animation-transform" target="HIK_root_jnt/matrix"/>
            </animation>
        </animation>
        <animation id="root_jnt-anim" name="root_jnt">
            <animation>
                <source id="root_jnt-Matrix-animation-input">
                    <float_array id="root_jnt-Matrix-animation-input-array" count="18">

0.000000 0.033333 0.066667 0.100000 0.133333 0.166667 0.200000 0.233333 0.266667 0.300000 0.333333 0.366667 0.400000 0.433333 0.466667 0.500000
0.533333 0.566667</float_array>
                    <technique_common>
                        <accessor source="#root_jnt-Matrix-animation-input-array" count="18">
                            <param name="TIME" type="float"/>
                        </accessor>
                    </technique_common>
                </source>
                <source id="root_jnt-Matrix-animation-output-transform">
                    <float_array id="root_jnt-Matrix-animation-output-transform-array" count="288">

1.000000 0.000000 0.000000 0.000000 0.000000 1.000000 -0.000000 0.000000 0.000000 0.000000 1.000000 0.000000 0.000000 0.000000 0.000000 1.000000
1.000000 0.000000 0.000000 0.000000 0.000000 1.000000 -0.000000 0.000000 0.000000 0.000000 1.000000 0.000000 0.000000 0.000000 0.000000 1.000000
1.000000 0.000000 0.000000 0.000000 0.000000 1.000000 -0.000000 0.000000 0.000000 0.000000 1.000000 0.000000 0.000000 0.000000 0.000000 1.000000
1.000000 0.000000 0.000000 0.000000 0.000000 1.000000 -0.000000 0.000000 0.000000 0.000000 1.000000 0.000000 0.000000 0.000000 0.000000 1.000000
1.000000 0.000000 0.000000 0.000000 0.000000 1.000000 -0.000000 0.000000 0.000000 0.000000 1.000000 0.000000 0.000000 0.000000 0.000000 1.000000
1.000000 0.000000 0.000000 0.000000 0.000000 1.000000 -0.000000 0.000000 0.000000 0.000000 1.000000 0.000000 0.000000 0.000000 0.000000 1.000000
1.000000 0.000000 0.000000 0.000000 0.000000 1.000000 -0.000000 0.000000 0.000000 0.000000 1.000000 0.000000 0.000000 0.000000 0.000000 1.000000
1.000000 0.000000 0.000000 0.000000 0.000000 1.000000 -0.000000 0.000000 0.000000 0.000000 1.000000 0.000000 0.000000 0.000000 0.000000 1.000000
1.000000 0.000000 0.000000 0.000000 0.000000 1.000000 -0.000000 0.000000 0.000000 0.000000 1.000000 0.000000 0.000000 0.000000 0.000000 1.000000
1.000000 0.000000 0.000000 0.000000 0.000000 1.000000 -0.000000 0.000000 0.000000 0.000000 1.000000 0.000000 0.000000 0.000000 0.000000 1.000000
1.000000 0.000000 0.000000 0.000000 0.000000 1.000000 -0.000000 0.000000 0.000000 0.000000 1.000000 0.000000 0.000000 0.000000 0.000000 1.000000
1.000000 0.000000 0.000000 0.000000 0.000000 1.000000 -0.000000 0.000000 0.000000 0.000000 1.000000 0.000000 0.000000 0.000000 0.000000 1.000000
1.000000 0.000000 0.000000 0.000000 0.000000 1.000000 -0.000000 0.000000 0.000000 0.000000 1.000000 0.000000 0.000000 0.000000 0.000000 1.000000
1.000000 0.000000 0.000000 0.000000 0.000000 1.000000 -0.000000 0.000000 0.000000 0.000000 1.000000 0.000000 0.000000 0.000000 0.000000 1.000000
1.000000 0.000000 0.000000 0.000000 0.000000 1.000000 -0.000000 0.000000 0.000000 0.000000 1.000000 0.000000 0.000000 0.000000 0.000000 1.000000
1.000000 0.000000 0.000000 0.000000 0.000000 1.000000 -0.000000 0.000000 0.000000 0.000000 1.000000 0.000000 0.000000 0.000000 0.000000 1.000000
1.000000 0.000000 0.000000 0.000000 0.000000 1.000000 -0.000000 0.000000 0.000000 0.000000 1.000000 0.000000 0.000000 0.000000 0.000000 1.000000
1.000000 0.000000 0.000000 0.000000 0.000000 1.000000 -0.000000 0.000000 0.000000 0.000000 1.000000 0.000000 0.000000 0.000000 0.000000 1.000000</float_array>
                    <technique_common>
                        <accessor source="#root_jnt-Matrix-animation-output-transform-array" count="18" stride="16">
                            <param type="float4x4"/>
                        </accessor>
                    </technique_common>
                </source>
                <source id="root_jnt-Interpolations">
                    <Name_array id="root_jnt-Interpolations-array" count="18">
 LINEAR LINEAR LINEAR LINEAR LINEAR LINEAR LINEAR LINEAR LINEAR LINEAR LINEAR
LINEAR LINEAR LINEAR LINEAR LINEAR LINEAR LINEAR</Name_array>
                    <technique_common>
                        <accessor source="#root_jnt-Interpolations-array" count="18">
                            <param type="name"/>
                        </accessor>
                    </technique_common>
                </source>
                <sampler id="root_jnt-Matrix-animation-transform">
                    <input semantic="INPUT" source="#root_jnt-Matrix-animation-input"/>
                    <input semantic="OUTPUT" source="#root_jnt-Matrix-animation-output-transform"/>
                    <input semantic="INTERPOLATION" source="#root_jnt-Interpolations"/>
                </sampler>
                <channel source="#root_jnt-Matrix-animation-transform" target="root_jnt/matrix"/>
            </animation>
        </animation>
        <animation id="jnt_hips-anim" name="jnt_hips">
            <animation>
                <source id="jnt_hips-Matrix-animation-input">
                    <float_array id="jnt_hips-Matrix-animation-input-array" count="18">

0.000000 0.033333 0.066667 0.100000 0.133333 0.166667 0.200000 0.233333 0.266667 0.300000 0.333333 0.366667 0.400000 0.433333 0.466667 0.500000
0.533333 0.566667</float_array>
                    <technique_common>
                        <accessor source="#jnt_hips-Matrix-animation-input-array" count="18">
                            <param name="TIME" type="float"/>
                        </accessor>
                    </technique_common>
                </source>
                <source id="jnt_hips-Matrix-animation-output-transform">
                    <float_array id="jnt_hips-Matrix-animation-output-transform-array" count="288">

0.979381 0.028973 -0.199932 -0.000000 -0.033623 0.999236 -0.019902 1.941480 0.199203 0.026214 0.979608 -0.247371 0.000000 0.000000 0.000000 1.000000
0.978819 0.061661 -0.195222 -0.000000 -0.062442 0.998046 0.002156 1.941480 0.194974 0.010080 0.980757 -0.247371 0.000000 0.000000 0.000000 1.000000
0.978442 0.081871 -0.189598 -0.000000 -0.085031 0.996341 -0.008581 1.941480 0.188202 0.024517 0.981824 -0.247371 0.000000 0.000000 0.000000 1.000000
0.978730 0.077534 -0.189937 -0.000000 -0.081045 0.996652 -0.010774 1.941480 0.188466 0.025939 0.981737 -0.247371 0.000000 0.000000 0.000000 1.000000
0.979122 0.069125 -0.191157 -0.000000 -0.072920 0.997255 -0.012883 1.941480 0.189742 0.026553 0.981475 -0.247371 0.000000 0.000000 0.000000 1.000000
0.979479 0.058500 -0.192870 -0.000000 -0.062608 0.997921 -0.015264 1.941480 0.191576 0.027026 0.981106 -0.247371 0.000000 0.000000 0.000000 1.000000
0.979674 0.047735 -0.194836 -0.000000 -0.052206 0.998476 -0.017878 1.941480 0.193686 0.027686 0.980673 -0.247371 0.000000 0.000000 0.000000 1.000000
0.979674 0.038895 -0.196791 -0.000000 -0.043686 0.998844 -0.020063 1.941480 0.195783 0.028252 0.980240 -0.247371 0.000000 0.000000 0.000000 1.000000
0.979567 0.033497 -0.198307 -0.000000 -0.038346 0.999051 -0.020664 1.941480 0.197426 0.027846 0.979922 -0.247371 0.000000 0.000000 0.000000 1.000000
0.979493 0.031579 -0.198986 -0.000000 -0.036341 0.999133 -0.020321 1.941480 0.198172 0.027136 0.979792 -0.247371 0.000000 0.000000 0.000000 1.000000
0.979448 0.030479 -0.199382 -0.000000 -0.035193 0.999178 -0.020138 1.941480 0.198605 0.026741 0.979715 -0.247371 0.000000 0.000000 0.000000 1.000000
0.979416 0.029744 -0.199650 -0.000000 -0.034426 0.999207 -0.020021 1.941480 0.198896 0.026482 0.979663 -0.247371 0.000000 0.000000 0.000000 1.000000
0.979396 0.029298 -0.199813 -0.000000 -0.033962 0.999224 -0.019952 1.941480 0.199073 0.026327 0.979631 -0.247371 0.000000 0.000000 0.000000 1.000000
0.979386 0.029069 -0.199897 -0.000000 -0.033724 0.999233 -0.019917 1.941480 0.199165 0.026248 0.979614 -0.247371 0.000000 0.000000 0.000000 1.000000
0.979382 0.028985 -0.199928 -0.000000 -0.033636 0.999236 -0.019904 1.941480 0.199198 0.026218 0.979608 -0.247371 0.000000 0.000000 0.000000 1.000000
0.979381 0.028973 -0.199932 -0.000000 -0.033623 0.999236 -0.019902 1.941480 0.199203 0.026214 0.979608 -0.247371 0.000000 0.000000 0.000000 1.000000
0.979381 0.028973 -0.199932 -0.000000 -0.033623 0.999236 -0.019902 1.941480 0.199203 0.026214 0.979608 -0.247371 0.000000 0.000000 0.000000 1.000000
0.979381 0.028973 -0.199932 -0.000000 -0.033623 0.999236 -0.019902 1.941480 0.199203 0.026214 0.979608 -0.247371 0.000000 0.000000 0.000000 1.000000</float_array>
                    <technique_common>
                        <accessor source="#jnt_hips-Matrix-animation-output-transform-array" count="18" stride="16">
                            <param type="float4x4"/>
                        </accessor>
                    </technique_common>
                </source>
                <source id="jnt_hips-Interpolations">
                    <Name_array id="jnt_hips-Interpolations-array" count="18">
 LINEAR LINEAR LINEAR LINEAR LINEAR LINEAR LINEAR LINEAR LINEAR LINEAR LINEAR
LINEAR LINEAR LINEAR LINEAR LINEAR LINEAR LINEAR</Name_array>
                    <technique_common>
                        <accessor source="#jnt_hips-Interpolations-array" count="18">
                            <param type="name"/>
                        </accessor>
                    </technique_common>
                </source>
                <sampler id="jnt_hips-Matrix-animation-transform">
                    <input semantic="INPUT" source="#jnt_hips-Matrix-animation-input"/>
                    <input semantic="OUTPUT" source="#jnt_hips-Matrix-animation-output-transform"/>
                    <input semantic="INTERPOLATION" source="#jnt_hips-Interpolations"/>
                </sampler>
                <channel source="#jnt_hips-Matrix-animation-transform" target="jnt_hips/matrix"/>
            </animation>
        </animation>
        <animation id="jnt_height-anim" name="jnt_height">
            <animation>
                <source id="jnt_height-Matrix-animation-input">
                    <float_array id="jnt_height-Matrix-animation-input-array" count="18">

0.000000 0.033333 0.066667 0.100000 0.133333 0.166667 0.200000 0.233333 0.266667 0.300000 0.333333 0.366667 0.400000 0.433333 0.466667 0.500000
0.533333 0.566667</float_array>
                    <technique_common>
                        <accessor source="#jnt_height-Matrix-animation-input-array" count="18">
                            <param name="TIME" type="float"/>
                        </accessor>
                    </technique_common>
                </source>
                <source id="jnt_height-Matrix-animation-output-transform">
                    <float_array id="jnt_height-Matrix-animation-output-transform-array" count="288">

0.999343 0.033759 0.013196 0.000000 -0.033492 0.999241 -0.019891 -0.000000 -0.013858 0.019436 0.999715 0.000000 0.000000 0.000000 0.000000 1.000000
0.997895 0.062219 0.018292 0.000000 -0.062269 0.998057 0.002204 -0.000000 -0.018119 -0.003339 0.999830 0.000000 0.000000 0.000000 0.000000 1.000000
0.996087 0.084890 0.024605 -0.000000 -0.084706 0.996370 -0.008432 -0.000000 -0.025231 0.006315 0.999662 0.000000 0.000000 0.000000 0.000000 1.000000
0.996423 0.080924 0.024338 -0.000000 -0.080686 0.996683 -0.010625 -0.000000 -0.025117 0.008623 0.999647 -0.000000 0.000000 0.000000 0.000000 1.000000
0.997078 0.072816 0.023114 0.000000 -0.072535 0.997284 -0.012755 -0.000000 -0.023980 0.011041 0.999652 0.000000 0.000000 0.000000 0.000000 1.000000
0.997816 0.062555 0.021226 0.000000 -0.062240 0.997946 -0.015166 -0.000000 -0.022131 0.013812 0.999660 -0.000000 0.000000 0.000000 0.000000 1.000000
0.998455 0.052236 0.018961 0.000000 -0.051899 0.998493 -0.017813 -0.000000 -0.019863 0.016801 0.999662 -0.000000 0.000000 0.000000 0.000000 1.000000
0.998901 0.043784 0.016719 0.000000 -0.043447 0.998855 -0.020024 -0.000000 -0.017577 0.019276 0.999660 0.000000 0.000000 0.000000 0.000000 1.000000
0.999147 0.038475 0.015003 -0.000000 -0.038162 0.999058 -0.020641 -0.000000 -0.015783 0.020050 0.999674 0.000000 0.000000 0.000000 0.000000 1.000000
0.999233 0.036473 0.014243 -0.000000 -0.036180 0.999139 -0.020304 0.000000 -0.014972 0.019773 0.999692 0.000000 0.000000 0.000000 0.000000 1.000000
0.999280 0.035327 0.013803 0.000000 -0.035045 0.999183 -0.020123 0.000000 -0.014503 0.019625 0.999702 0.000000 0.000000 0.000000 0.000000 1.000000
0.999311 0.034561 0.013507 -0.000000 -0.034287 0.999211 -0.020008 -0.000000 -0.014188 0.019531 0.999709 -0.000000 0.000000 0.000000 0.000000 1.000000
0.999330 0.034097 0.013328 0.000000 -0.033827 0.999229 -0.019940 -0.000000 -0.013997 0.019475 0.999712 0.000000 0.000000 0.000000 0.000000 1.000000
0.999339 0.033859 0.013235 0.000000 -0.033592 0.999237 -0.019905 -0.000000 -0.013899 0.019447 0.999714 0.000000 0.000000 0.000000 0.000000 1.000000
0.999342 0.033771 0.013201 -0.000000 -0.033505 0.999240 -0.019893 -0.000000 -0.013863 0.019437 0.999715 -0.000000 0.000000 0.000000 0.000000 1.000000
0.999343 0.033759 0.013196 0.000000 -0.033492 0.999241 -0.019891 -0.000000 -0.013858 0.019436 0.999715 0.000000 0.000000 0.000000 0.000000 1.000000
0.999343 0.033759 0.013196 0.000000 -0.033492 0.999241 -0.019891 -0.000000 -0.013858 0.019436 0.999715 0.000000 0.000000 0.000000 0.000000 1.000000
0.999343 0.033759 0.013196 0.000000 -0.033492 0.999241 -0.019891 -0.000000 -0.013858 0.019436 0.999715 0.000000 0.000000 0.000000 0.000000 1.000000</float_array>
                    <technique_common>
                        <accessor source="#jnt_height-Matrix-animation-output-transform-array" count="18" stride="16">
                            <param type="float4x4"/>
                        </accessor>
                    </technique_common>
                </source>
                <source id="jnt_height-Interpolations">
                    <Name_array id="jnt_height-Interpolations-array" count="18">
 LINEAR LINEAR LINEAR LINEAR LINEAR LINEAR LINEAR LINEAR LINEAR LINEAR LINEAR
LINEAR LINEAR LINEAR LINEAR LINEAR LINEAR LINEAR</Name_array>
                    <technique_common>
                        <accessor source="#jnt_height-Interpolations-array" count="18">
                            <param type="name"/>
                        </accessor>
                    </technique_common>
                </source>
                <sampler id="jnt_height-Matrix-animation-transform">
                    <input semantic="INPUT" source="#jnt_height-Matrix-animation-input"/>
                    <input semantic="OUTPUT" source="#jnt_height-Matrix-animation-output-transform"/>
                    <input semantic="INTERPOLATION" source="#jnt_height-Interpolations"/>
                </sampler>
                <channel source="#jnt_height-Matrix-animation-transform" target="jnt_height/matrix"/>
            </animation>
        </animation>
        <animation id="jnt_spine1-anim" name="jnt_spine1">
            <animation>
                <source id="jnt_spine1-Matrix-animation-input">
                    <float_array id="jnt_spine1-Matrix-animation-input-array" count="18">

0.000000 0.033333 0.066667 0.100000 0.133333 0.166667 0.200000 0.233333 0.266667 0.300000 0.333333 0.366667 0.400000 0.433333 0.466667 0.500000
0.533333 0.566667</float_array>
                    <technique_common>
                        <accessor source="#jnt_spine1-Matrix-animation-input-array" count="18">
                            <param name="TIME" type="float"/>
                        </accessor>
                    </technique_common>
                </source>
                <source id="jnt_spine1-Matrix-animation-output-transform">
                    <float_array id="jnt_spine1-Matrix-animation-output-transform-array" count="288">

0.041228 0.014011 0.999052 -0.005844 0.999108 -0.009800 -0.041093 0.209026 0.009215 0.999854 -0.014402 0.038786 0.000000 0.000000 0.000000 1.000000
0.062989 -0.104003 0.992581 -0.005844 0.997902 -0.008337 -0.064200 0.209026 0.014952 0.994542 0.103259 0.038786 0.000000 0.000000 0.000000 1.000000
0.083759 -0.218554 0.972224 -0.005844 0.995692 -0.020596 -0.090410 0.209026 0.039783 0.975608 0.215887 0.038786 0.000000 0.000000 0.000000 1.000000
0.082216 -0.205865 0.975121 -0.005844 0.995866 -0.020951 -0.088389 0.209026 0.038626 0.978356 0.203291 0.038786 0.000000 0.000000 0.000000 1.000000
0.077347 -0.174195 0.981669 -0.005844 0.996424 -0.020084 -0.082074 0.209026 0.034013 0.984507 0.172018 0.038786 0.000000 0.000000 0.000000 1.000000
0.070218 -0.131274 0.988857 -0.005844 0.997142 -0.018461 -0.073257 0.209026 0.027872 0.991175 0.129603 0.038786 0.000000 0.000000 0.000000 1.000000
0.061887 -0.085079 0.994451 -0.005844 0.997845 -0.016481 -0.063508 0.209026 0.021793 0.996238 0.083876 0.038786 0.000000 0.000000 0.000000 1.000000
0.053705 -0.043586 0.997606 -0.005844 0.998416 -0.014412 -0.054379 0.209026 0.016748 0.998946 0.042743 0.038786 0.000000 0.000000 0.000000 1.000000
0.047560 -0.014491 0.998764 -0.005844 0.998783 -0.012434 -0.047741 0.209026 0.013111 0.999818 0.013882 0.038786 0.000000 0.000000 0.000000 1.000000
0.044902 -0.002431 0.998989 -0.005844 0.998927 -0.011322 -0.044927 0.209026 0.011420 0.999933 0.001920 0.038786 0.000000 0.000000 0.000000 1.000000
0.043360 0.004501 0.999050 -0.005844 0.999005 -0.010681 -0.043310 0.209026 0.010476 0.999933 -0.004959 0.038786 0.000000 0.000000 0.000000 1.000000
0.042322 0.009143 0.999063 -0.005844 0.999056 -0.010251 -0.042227 0.209026 0.009856 0.999906 -0.009569 0.038786 0.000000 0.000000 0.000000 1.000000
0.041690 0.011958 0.999059 -0.005844 0.999086 -0.009990 -0.041572 0.209026 0.009484 0.999879 -0.012363 0.038786 0.000000 0.000000 0.000000 1.000000
0.041365 0.013402 0.999055 -0.005844 0.999101 -0.009857 -0.041235 0.209026 0.009295 0.999862 -0.013798 0.038786 0.000000 0.000000 0.000000 1.000000
0.041245 0.013935 0.999052 -0.005844 0.999106 -0.009807 -0.041111 0.209026 0.009225 0.999855 -0.014327 0.038786 0.000000 0.000000 0.000000 1.000000
0.041228 0.014011 0.999052 -0.005844 0.999108 -0.009800 -0.041093 0.209026 0.009215 0.999854 -0.014402 0.038786 0.000000 0.000000 0.000000 1.000000
0.041228 0.014011 0.999052 -0.005844 0.999108 -0.009800 -0.041093 0.209026 0.009215 0.999854 -0.014402 0.038786 0.000000 0.000000 0.000000 1.000000
0.041228 0.014011 0.999052 -0.005844 0.999108 -0.009800 -0.041093 0.209026 0.009215 0.999854 -0.014402 0.038786 0.000000 0.000000 0.000000 1.000000</float_array>
                    <technique_common>
                        <accessor source="#jnt_spine1-Matrix-animation-output-transform-array" count="18" stride="16">
                            <param type="float4x4"/>
                        </accessor>
                    </technique_common>
                </source>
                <source id="jnt_spine1-Interpolations">
                    <Name_array id="jnt_spine1-Interpolations-array" count="18">
 LINEAR LINEAR LINEAR LINEAR LINEAR LINEAR LINEAR LINEAR LINEAR LINEAR LINEAR
LINEAR LINEAR LINEAR LINEAR LINEAR LINEAR LINEAR</Name_array>
                    <technique_common>
                        <accessor source="#jnt_spine1-Interpolations-array" count="18">
                            <param type="name"/>
                        </accessor>
                    </technique_common>
                </source>
                <sampler id="jnt_spine1-Matrix-animation-transform">
                    <input semantic="INPUT" source="#jnt_spine1-Matrix-animation-input"/>
                    <input semantic="OUTPUT" source="#jnt_spine1-Matrix-animation-output-transform"/>
                    <input semantic="INTERPOLATION" source="#jnt_spine1-Interpolations"/>
                </sampler>
                <channel source="#jnt_spine1-Matrix-animation-transform" target="jnt_spine1/matrix"/>
            </animation>
        </animation>
        <animation id="jnt_spine2-anim" name="jnt_spine2">
            <animation>
                <source id="jnt_spine2-Matrix-animation-input">
                    <float_array id="jnt_spine2-Matrix-animation-input-array" count="18">

0.000000 0.033333 0.066667 0.100000 0.133333 0.166667 0.200000 0.233333 0.266667 0.300000 0.333333 0.366667 0.400000 0.433333 0.466667 0.500000
0.533333 0.566667</float_array>
                    <technique_common>
                        <accessor source="#jnt_spine2-Matrix-animation-input-array" count="18">
                            <param name="TIME" type="float"/>
                        </accessor>
                    </technique_common>
                </source>
                <source id="jnt_spine2-Matrix-animation-output-transform">
                    <float_array id="jnt_spine2-Matrix-animation-output-transform-array" count="288">

0.994144 0.078188 -0.074585 0.354983 -0.079948 0.996579 -0.020913 0.078525 0.072695 0.026753 0.996995 0.012378 0.000000 0.000000 0.000000 1.000000
0.993396 0.080680 -0.081574 0.354983 -0.082537 0.996394 -0.019648 0.078525 0.079695 0.026251 0.996474 0.012378 0.000000 0.000000 0.000000 1.000000
0.990319 0.084173 -0.110380 0.354983 -0.087435 0.995855 -0.025039 0.078525 0.107815 0.034448 0.993574 0.012378 0.000000 0.000000 0.000000 1.000000
0.990043 0.084407 -0.112650 0.354983 -0.087881 0.995786 -0.026229 0.078525 0.109962 0.035868 0.993288 0.012378 0.000000 0.000000 0.000000 1.000000
0.990123 0.084453 -0.111912 0.354983 -0.087994 0.995753 -0.027082 0.078525 0.109150 0.036662 0.993349 0.012378 0.000000 0.000000 0.000000 1.000000
0.990602 0.083959 -0.107972 0.354983 -0.087373 0.995802 -0.027274 0.078525 0.105229 0.036451 0.993780 0.012378 0.000000 0.000000 0.000000 1.000000
0.991407 0.082920 -0.101169 0.354983 -0.086012 0.995939 -0.026586 0.078525 0.098554 0.035060 0.994514 0.012378 0.000000 0.000000 0.000000 1.000000
0.992363 0.081526 -0.092572 0.354984 -0.084176 0.996135 -0.025084 0.078525 0.090169 0.032685 0.995390 0.012378 0.000000 0.000000 0.000000 1.000000
0.993202 0.080097 -0.084462 0.354983 -0.082332 0.996332 -0.023314 0.078525 0.082285 0.030109 0.996154 0.012378 0.000000 0.000000 0.000000 1.000000
0.993609 0.079317 -0.080313 0.354984 -0.081346 0.996436 -0.022317 0.078525 0.078257 0.028707 0.996520 0.012378 0.000000 0.000000 0.000000 1.000000
0.993838 0.078850 -0.077908 0.354984 -0.080765 0.996497 -0.021731 0.078525 0.075921 0.027889 0.996724 0.012378 0.000000 0.000000 0.000000 1.000000
0.993988 0.078530 -0.076289 0.354983 -0.080369 0.996537 -0.021333 0.078525 0.074349 0.027336 0.996857 0.012378 0.000000 0.000000 0.000000 1.000000
0.994079 0.078333 -0.075304 0.354984 -0.080126 0.996562 -0.021091 0.078525 0.073393 0.027000 0.996937 0.012378 0.000000 0.000000 0.000000 1.000000
0.994125 0.078231 -0.074799 0.354983 -0.080001 0.996574 -0.020965 0.078525 0.072902 0.026826 0.996978 0.012378 0.000000 0.000000 0.000000 1.000000
0.994143 0.078193 -0.074612 0.354983 -0.079955 0.996579 -0.020919 0.078525 0.072721 0.026762 0.996994 0.012378 0.000000 0.000000 0.000000 1.000000
0.994144 0.078188 -0.074585 0.354983 -0.079948 0.996579 -0.020913 0.078525 0.072695 0.026753 0.996995 0.012378 0.000000 0.000000 0.000000 1.000000
0.994144 0.078188 -0.074585 0.354983 -0.079948 0.996579 -0.020913 0.078525 0.072695 0.026753 0.996995 0.012378 0.000000 0.000000 0.000000 1.000000
0.994144 0.078188 -0.074585 0.354983 -0.079948 0.996579 -0.020913 0.078525 0.072695 0.026753 0.996995 0.012378 0.000000 0.000000 0.000000 1.000000</float_array>
                    <technique_common>
                        <accessor source="#jnt_spine2-Matrix-animation-output-transform-array" count="18" stride="16">
                            <param type="float4x4"/>
                        </accessor>
                    </technique_common>
                </source>
                <source id="jnt_spine2-Interpolations">
                    <Name_array id="jnt_spine2-Interpolations-array" count="18">
 LINEAR LINEAR LINEAR LINEAR LINEAR LINEAR LINEAR LINEAR LINEAR LINEAR LINEAR
LINEAR LINEAR LINEAR LINEAR LINEAR LINEAR LINEAR</Name_array>
                    <technique_common>
                        <accessor source="#jnt_spine2-Interpolations-array" count="18">
                            <param type="name"/>
                        </accessor>
                    </technique_common>
                </source>
                <sampler id="jnt_spine2-Matrix-animation-transform">
                    <input semantic="INPUT" source="#jnt_spine2-Matrix-animation-input"/>
                    <input semantic="OUTPUT" source="#jnt_spine2-Matrix-animation-output-transform"/>
                    <input semantic="INTERPOLATION" source="#jnt_spine2-Interpolations"/>
                </sampler>
                <channel source="#jnt_spine2-Matrix-animation-transform" target="jnt_spine2/matrix"/>
            </animation>
        </animation>
        <animation id="jnt_spine3-anim" name="jnt_spine3">
            <animation>
                <source id="jnt_spine3-Matrix-animation-input">
                    <float_array id="jnt_spine3-Matrix-animation-input-array" count="18">

0.000000 0.033333 0.066667 0.100000 0.133333 0.166667 0.200000 0.233333 0.266667 0.300000 0.333333 0.366667 0.400000 0.433333 0.466667 0.500000
0.533333 0.566667</float_array>
                    <technique_common>
                        <accessor source="#jnt_spine3-Matrix-animation-input-array" count="18">
                            <param name="TIME" type="float"/>
                        </accessor>
                    </technique_common>
                </source>
                <source id="jnt_spine3-Matrix-animation-output-transform">
                    <float_array id="jnt_spine3-Matrix-animation-output-transform-array" count="288">

0.977323 0.178800 0.113448 0.727646 -0.209865 0.889270 0.406393 0.078480 -0.028222 -0.420986 0.906628 -0.093513 0.000000 0.000000 0.000000 1.000000
0.990301 0.100375 0.096066 0.706083 -0.136001 0.841747 0.522461 0.086159 -0.028421 -0.530459 0.847234 -0.143278 0.000000 0.000000 0.000000 1.000000
0.992064 0.100173 0.075993 0.684521 -0.125685 0.772786 0.622096 0.093838 0.003591 -0.626710 0.779244 -0.193043 0.000000 0.000000 0.000000 1.000000
0.990612 0.112229 0.078061 0.686777 -0.136487 0.779480 0.611377 0.093034 0.007768 -0.616291 0.787480 -0.187838 0.000000 0.000000 0.000000 1.000000
0.987924 0.130589 0.083387 0.692576 -0.154631 0.796902 0.583983 0.090969 0.009810 -0.589824 0.807472 -0.174453 0.000000 0.000000 0.000000 1.000000
0.984386 0.151005 0.090450 0.700471 -0.175828 0.819433 0.545540 0.088158 0.008261 -0.552926 0.833190 -0.156233 0.000000 0.000000 0.000000 1.000000
0.980760 0.168934 0.097834 0.709009 -0.195202 0.842266 0.502478 0.085117 0.002484 -0.511907 0.859037 -0.136525 0.000000 0.000000 0.000000 1.000000
0.978026 0.180496 0.104331 0.716744 -0.208381 0.861774 0.462518 0.082362 -0.006427 -0.474095 0.880450 -0.118674 0.000000 0.000000 0.000000 1.000000
0.977063 0.183004 0.108895 0.722224 -0.212358 0.875468 0.434119 0.080410 -0.015889 -0.447286 0.894250 -0.106026 0.000000 0.000000 0.000000 1.000000
0.977150 0.181374 0.110827 0.724515 -0.211507 0.881382 0.422410 0.079594 -0.021066 -0.436198 0.899604 -0.100737 0.000000 0.000000 0.000000 1.000000
0.977215 0.180338 0.111933 0.725834 -0.210883 0.884732 0.415664 0.079125 -0.024071 -0.429798 0.902604 -0.097694 0.000000 0.000000 0.000000 1.000000
0.977265 0.179604 0.112673 0.726717 -0.210409 0.886956 0.411140 0.078810 -0.026093 -0.425500 0.904582 -0.095653 0.000000 0.000000 0.000000 1.000000
0.977298 0.179143 0.113121 0.727254 -0.210100 0.888296 0.408396 0.078619 -0.027324 -0.422891 0.905769 -0.094416 0.000000 0.000000 0.000000 1.000000
0.977315 0.178903 0.113351 0.727529 -0.209936 0.888982 0.406987 0.078521 -0.027956 -0.421551 0.906374 -0.093780 0.000000 0.000000 0.000000 1.000000
0.977322 0.178812 0.113435 0.727630 -0.209873 0.889234 0.406467 0.078485 -0.028189 -0.421057 0.906596 -0.093546 0.000000 0.000000 0.000000 1.000000
0.977323 0.178800 0.113448 0.727646 -0.209865 0.889270 0.406393 0.078480 -0.028222 -0.420986 0.906628 -0.093513 0.000000 0.000000 0.000000 1.000000
0.977323 0.178800 0.113448 0.727646 -0.209865 0.889270 0.406393 0.078480 -0.028222 -0.420986 0.906628 -0.093513 0.000000 0.000000 0.000000 1.000000
0.977323 0.178800 0.113448 0.727646 -0.209865 0.889270 0.406393 0.078480 -0.028222 -0.420986 0.906628 -0.093513 0.000000 0.000000 0.000000 1.000000</float_array>
                    <technique_common>
                        <accessor source="#jnt_spine3-Matrix-animation-output-transform-array" count="18" stride="16">
                            <param type="float4x4"/>
                        </accessor>
                    </technique_common>
                </source>
                <source id="jnt_spine3-Interpolations">
                    <Name_array id="jnt_spine3-Interpolations-array" count="18">
 LINEAR LINEAR LINEAR LINEAR LINEAR LINEAR LINEAR LINEAR LINEAR LINEAR LINEAR
LINEAR LINEAR LINEAR LINEAR LINEAR LINEAR LINEAR</Name_array>
                    <technique_common>
                        <accessor source="#jnt_spine3-Interpolations-array" count="18">
                            <param type="name"/>
                        </accessor>
                    </technique_common>
                </source>
                <sampler id="jnt_spine3-Matrix-animation-transform">
                    <input semantic="INPUT" source="#jnt_spine3-Matrix-animation-input"/>
                    <input semantic="OUTPUT" source="#jnt_spine3-Matrix-animation-output-transform"/>
                    <input semantic="INTERPOLATION" source="#jnt_spine3-Interpolations"/>
                </sampler>
