<?xml version="1.0" encoding="utf-8"?>
<COLLADA xmlns="http://www.collada.org/2005/11/COLLADASchema" version="1.4.1">
    <asset>
        <contributor>
            <author></author>
            <authoring_tool>FBX COLLADA exporter</authoring_tool>
            <comments></comments>
        </contributor>
        <created>2022-09-17T22:23:43Z</created>
        <keywords></keywords>
        <modified>2022-09-17T22:23:43Z</modified>
        <revision></revision>
        <subject></subject>
        <title></title>
        <unit meter="0.010000" name="centimeter"></unit>
        <up_axis>Y_UP</up_axis>
    </asset>
    <library_animations>
        <animation id="Character-anim" name="Character">
            <animation>
                <source id="Character-Matrix-animation-input">
                    <float_array id="Character-Matrix-animation-input-array" count="18">

0.000000 0.033333 0.066667 0.100000 0.133333 0.166667 0.200000 0.233333 0.266667 0.300000 0.333333 0.366667 0.400000 0.433333 0.466667 0.500000
0.533333 0.566667</float_array>
                    <technique_common>
                        <accessor source="#Character-Matrix-animation-input-array" count="18">
                            <param name="TIME" type="float"/>
                        </accessor>
                    </technique_common>
                </source>
                <source id="Character-Matrix-animation-output-transform">
                    <float_array id="Character-Matrix-animation-output-transform-array" count="288">

1.000000 0.000000 0.000000 0.000000 0.000000 1.000000 -0.000000 0.000000 0.000000 0.000000 1.000000 0.000000 0.000000 0.000000 0.000000 1.000000
1.000000 0.000000 0.000000 0.000000 0.000000 1.000000 -0.000000 0.000000 0.000000 0.000000 1.000000 0.000000 0.000000 0.000000 0.000000 1.000000
1.000000 0.000000 0.000000 0.000000 0.000000 1.000000 -0.000000 0.000000 0.000000 0.000000 1.000000 0.000000 0.000000 0.000000 0.000000 1.000000
1.000000 0.000000 0.000000 0.000000 0.000000 1.000000 -0.000000 0.000000 0.000000 0.000000 1.000000 0.000000 0.000000 0.000000 0.000000 1.000000
1.000000 0.000000 0.000000 0.000000 0.000000 1.000000 -0.000000 0.000000 0.000000 0.000000 1.000000 0.000000 0.000000 0.000000 0.000000 1.000000
1.000000 0.000000 0.000000 0.000000 0.000000 1.000000 -0.000000 0.000000 0.000000 0.000000 1.000000 0.000000 0.000000 0.000000 0.000000 1.000000
1.000000 0.000000 0.000000 0.000000 0.000000 1.000000 -0.000000 0.000000 0.000000 0.000000 1.000000 0.000000 0.000000 0.000000 0.000000 1.000000
1.000000 0.000000 0.000000 0.000000 0.000000 1.000000 -0.000000 0.000000 0.000000 0.000000 1.000000 0.000000 0.000000 0.000000 0.000000 1.000000
1.000000 0.000000 0.000000 0.000000 0.000000 1.000000 -0.000000 0.000000 0.000000 0.000000 1.000000 0.000000 0.000000 0.000000 0.000000 1.000000
1.000000 0.000000 0.000000 0.000000 0.000000 1.000000 -0.000000 0.000000 0.000000 0.000000 1.000000 0.000000 0.000000 0.000000 0.000000 1.000000
1.000000 0.000000 0.000000 0.000000 0.000000 1.000000 -0.000000 0.000000 0.000000 0.000000 1.000000 0.000000 0.000000 0.000000 0.000000 1.000000
1.000000 0.000000 0.000000 0.000000 0.000000 1.000000 -0.000000 0.000000 0.000000 0.000000 1.000000 0.000000 0.000000 0.000000 0.000000 1.000000
1.000000 0.000000 0.000000 0.000000 0.000000 1.000000 -0.000000 0.000000 0.000000 0.000000 1.000000 0.000000 0.000000 0.000000 0.000000 1.000000
1.000000 0.000000 0.000000 0.000000 0.000000 1.000000 -0.000000 0.000000 0.000000 0.000000 1.000000 0.000000 0.000000 0.000000 0.000000 1.000000
1.000000 0.000000 0.000000 0.000000 0.000000 1.000000 -0.000000 0.000000 0.000000 0.000000 1.000000 0.000000 0.000000 0.000000 0.000000 1.000000
1.000000 0.000000 0.000000 0.000000 0.000000 1.000000 -0.000000 0.000000 0.000000 0.000000 1.000000 0.000000 0.000000 0.000000 0.000000 1.000000
1.000000 0.000000 0.000000 0.000000 0.000000 1.000000 -0.000000 0.000000 0.000000 0.000000 1.000000 0.000000 0.000000 0.000000 0.000000 1.000000
1.000000 0.000000 0.000000 0.000000 0.000000 1.000000 -0.000000 0.000000 0.000000 0.000000 1.000000 0.000000 0.000000 0.000000 0.000000 1.000000</float_array>
                    <technique_common>
                        <accessor source="#Character-Matrix-animation-output-transform-array" count="18" stride="16">
                            <param type="float4x4"/>
                        </accessor>
                    </technique_common>
                </source>
                <source id="Character-Interpolations">
                    <Name_array id="Character-Interpolations-array" count="18">
 LINEAR LINEAR LINEAR LINEAR LINEAR LINEAR LINEAR LINEAR LINEAR LINEAR LINEAR
LINEAR LINEAR LINEAR LINEAR LINEAR LINEAR LINEAR</Name_array>
                    <technique_common>
                        <accessor source="#Character-Interpolations-array" count="18">
                            <param type="name"/>
                        </accessor>
                    </technique_common>
                </source>
                <sampler id="Character-Matrix-animation-transform">
                    <input semantic="INPUT" source="#Character-Matrix-animation-input"/>
                    <input semantic="OUTPUT" source="#Character-Matrix-animation-output-transform"/>
                    <input semantic="INTERPOLATION" source="#Character-Interpolations"/>
                </sampler>
                <channel source="#Character-Matrix-animation-transform" target="Character/matrix"/>
            </animation>
        </animation>
        <animation id="HIK_root_jnt-anim" name="HIK_root_jnt">
            <animation>
                <source id="HIK_root_jnt-Matrix-animation-input">
                    <float_array id="HIK_root_jnt-Matrix-animation-input-array" count="18">

0.000000 0.033333 0.066667 0.100000 0.133333 0.166667 0.200000 0.233333 0.266667 0.300000 0.333333 0.366667 0.400000 0.433333 0.466667 0.500000
0.533333 0.566667</float_array>
                    <technique_common>
                        <accessor source="#HIK_root_jnt-Matrix-animation-input-array" count="18">
                            <param name="TIME" type="float"/>
                        </accessor>
                    </technique_common>
                </source>
                <source id="HIK_root_jnt-Matrix-animation-output-transform">
                    <float_array id="HIK_root_jnt-Matrix-animation-output-transform-array" count="288">

1.000000 0.000000 0.000000 0.000000 0.000000 1.000000 -0.000000 0.000000 0.000000 0.000000 1.000000 0.000000 0.000000 0.000000 0.000000 1.000000
1.000000 0.000000 0.000000 0.000000 0.000000 1.000000 -0.000000 0.000000 0.000000 0.000000 1.000000 0.000000 0.000000 0.000000 0.000000 1.000000
1.000000 0.000000 0.000000 0.000000 0.000000 1.000000 -0.000000 0.000000 0.000000 0.000000 1.000000 0.000000 0.000000 0.000000 0.000000 1.000000
1.000000 0.000000 0.000000 0.000000 0.000000 1.000000 -0.000000 0.000000 0.000000 0.000000 1.000000 0.000000 0.000000 0.000000 0.000000 1.000000
1.000000 0.000000 0.000000 0.000000 0.000000 1.000000 -0.000000 0.000000 0.000000 0.000000 1.000000 0.000000 0.000000 0.000000 0.000000 1.000000
1.000000 0.000000 0.000000 0.000000 0.000000 1.000000 -0.000000 0.000000 0.000000 0.000000 1.000000 0.000000 0.000000 0.000000 0.000000 1.000000
1.000000 0.000000 0.000000 0.000000 0.000000 1.000000 -0.000000 0.000000 0.000000 0.000000 1.000000 0.000000 0.000000 0.000000 0.000000 1.000000
1.000000 0.000000 0.000000 0.000000 0.000000 1.000000 -0.000000 0.000000 0.000000 0.000000 1.000000 0.000000 0.000000 0.000000 0.000000 1.000000
1.000000 0.000000 0.000000 0.000000 0.000000 1.000000 -0.000000 0.000000 0.000000 0.000000 1.000000 0.000000 0.000000 0.000000 0.000000 1.000000
1.000000 0.000000 0.000000 0.000000 0.000000 1.000000 -0.000000 0.000000 0.000000 0.000000 1.000000 0.000000 0.000000 0.000000 0.000000 1.000000
1.000000 0.000000 0.000000 0.000000 0.000000 1.000000 -0.000000 0.000000 0.000000 0.000000 1.000000 0.000000 0.000000 0.000000 0.000000 1.000000
1.000000 0.000000 0.000000 0.000000 0.000000 1.000000 -0.000000 0.000000 0.000000 0.000000 1.000000 0.000000 0.000000 0.000000 0.000000 1.000000
1.000000 0.000000 0.000000 0.000000 0.000000 1.000000 -0.000000 0.000000 0.000000 0.000000 1.000000 0.000000 0.000000 0.000000 0.000000 1.000000
1.000000 0.000000 0.000000 0.000000 0.000000 1.000000 -0.000000 0.000000 0.000000 0.000000 1.000000 0.000000 0.000000 0.000000 0.000000 1.000000
1.000000 0.000000 0.000000 0.000000 0.000000 1.000000 -0.000000 0.000000 0.000000 0.000000 1.000000 0.000000 0.000000 0.000000 0.000000 1.000000
1.000000 0.000000 0.000000 0.000000 0.000000 1.000000 -0.000000 0.000000 0.000000 0.000000 1.000000 0.000000 0.000000 0.000000 0.000000 1.000000
1.000000 0.000000 0.000000 0.000000 0.000000 1.000000 -0.000000 0.000000 0.000000 0.000000 1.000000 0.000000 0.000000 0.000000 0.000000 1.000000
1.000000 0.000000 0.000000 0.000000 0.000000 1.000000 -0.000000 0.000000 0.000000 0.000000 1.000000 0.000000 0.000000 0.000000 0.000000 1.000000</float_array>
                    <technique_common>
                        <accessor source="#HIK_root_jnt-Matrix-animation-output-transform-array" count="18" stride="16">
                            <param type="float4x4"/>
                        </accessor>
                    </technique_common>
                </source>
                <source id="HIK_root_jnt-Interpolations">
                    <Name_array id="HIK_root_jnt-Interpolations-array" count="18">
 LINEAR LINEAR LINEAR LINEAR LINEAR LINEAR LINEAR LINEAR LINEAR LINEAR LINEAR
LINEAR LINEAR LINEAR LINEAR LINEAR LINEAR LINEAR</Name_array>
                    <technique_common>
                        <accessor source="#HIK_root_jnt-Interpolations-array" count="18">
                            <param type="name"/>
                        </accessor>
                    </technique_common>
                </source>
                <sampler id="HIK_root_jnt-Matrix-animation-transform">
                    <input semantic="INPUT" source="#HIK_root_jnt-Matrix-animation-input"/>
                    <input semantic="OUTPUT" source="#HIK_root_jnt-Matrix-animation-output-transform"/>
                    <input semantic="INTERPOLATION" source="#HIK_root_jnt-Interpolations"/>
                </sampler>
                <channel source="#HIK_root_jnt-Matrix-animation-transform" target="HIK_root_jnt/matrix"/>
            </animation>
        </animation>
        <animation id="root_jnt-anim" name="root_jnt">
            <animation>
                <source id="root_jnt-Matrix-animation-input">
                    <float_array id="root_jnt-Matrix-animation-input-array" count="18">

0.000000 0.033333 0.066667 0.100000 0.133333 0.166667 0.200000 0.233333 0.266667 0.300000 0.333333 0.366667 0.400000 0.433333 0.466667 0.500000
0.533333 0.566667</float_array>
                    <technique_common>
                        <accessor source="#root_jnt-Matrix-animation-input-array" count="18">
                            <param name="TIME" type="float"/>
                        </accessor>
                    </technique_common>
                </source>
                <source id="root_jnt-Matrix-animation-output-transform">
                    <float_array id="root_jnt-Matrix-animation-output-transform-array" count="288">

1.000000 0.000000 0.000000 0.000000 0.000000 1.000000 -0.000000 0.000000 0.000000 0.000000 1.000000 0.000000 0.000000 0.000000 0.000000 1.000000
1.000000 0.000000 0.000000 0.000000 0.000000 1.000000 -0.000000 0.000000 0.000000 0.000000 1.000000 0.000000 0.000000 0.000000 0.000000 1.000000
1.000000 0.000000 0.000000 0.000000 0.000000 1.000000 -0.000000 0.000000 0.000000 0.000000 1.000000 0.000000 0.000000 0.000000 0.000000 1.000000
1.000000 0.000000 0.000000 0.000000 0.000000 1.000000 -0.000000 0.000000 0.000000 0.000000 1.000000 0.000000 0.000000 0.000000 0.000000 1.000000
1.000000 0.000000 0.000000 0.000000 0.000000 1.000000 -0.000000 0.000000 0.000000 0.000000 1.000000 0.000000 0.000000 0.000000 0.000000 1.000000
1.000000 0.000000 0.000000 0.000000 0.000000 1.000000 -0.000000 0.000000 0.000000 0.000000 1.000000 0.000000 0.000000 0.000000 0.000000 1.000000
1.000000 0.000000 0.000000 0.000000 0.000000 1.000000 -0.000000 0.000000 0.000000 0.000000 1.000000 0.000000 0.000000 0.000000 0.000000 1.000000
1.000000 0.000000 0.000000 0.000000 0.000000 1.000000 -0.000000 0.000000 0.000000 0.000000 1.000000 0.000000 0.000000 0.000000 0.000000 1.000000
1.000000 0.000000 0.000000 0.000000 0.000000 1.000000 -0.000000 0.000000 0.000000 0.000000 1.000000 0.000000 0.000000 0.000000 0.000000 1.000000
1.000000 0.000000 0.000000 0.000000 0.000000 1.000000 -0.000000 0.000000 0.000000 0.000000 1.000000 0.000000 0.000000 0.000000 0.000000 1.000000
1.000000 0.000000 0.000000 0.000000 0.000000 1.000000 -0.000000 0.000000 0.000000 0.000000 1.000000 0.000000 0.000000 0.000000 0.000000 1.000000
1.000000 0.000000 0.000000 0.000000 0.000000 1.000000 -0.000000 0.000000 0.000000 0.000000 1.000000 0.000000 0.000000 0.000000 0.000000 1.000000
1.000000 0.000000 0.000000 0.000000 0.000000 1.000000 -0.000000 0.000000 0.000000 0.000000 1.000000 0.000000 0.000000 0.000000 0.000000 1.000000
1.000000 0.000000 0.000000 0.000000 0.000000 1.000000 -0.000000 0.000000 0.000000 0.000000 1.000000 0.000000 0.000000 0.000000 0.000000 1.000000
1.000000 0.000000 0.000000 0.000000 0.000000 1.000000 -0.000000 0.000000 0.000000 0.000000 1.000000 0.000000 0.000000 0.000000 0.000000 1.000000
1.000000 0.000000 0.000000 0.000000 0.000000 1.000000 -0.000000 0.000000 0.000000 0.000000 1.000000 0.000000 0.000000 0.000000 0.000000 1.000000
1.000000 0.000000 0.000000 0.000000 0.000000 1.000000 -0.000000 0.000000 0.000000 0.000000 1.000000 0.000000 0.000000 0.000000 0.000000 1.000000
1.000000 0.000000 0.000000 0.000000 0.000000 1.000000 -0.000000 0.000000 0.000000 0.000000 1.000000 0.000000 0.000000 0.000000 0.000000 1.000000</float_array>
                    <technique_common>
                        <accessor source="#root_jnt-Matrix-animation-output-transform-array" count="18" stride="16">
                            <param type="float4x4"/>
                        </accessor>
                    </technique_common>
                </source>
                <source id="root_jnt-Interpolations">
                    <Name_array id="root_jnt-Interpolations-array" count="18">
 LINEAR LINEAR LINEAR LINEAR LINEAR LINEAR LINEAR LINEAR LINEAR LINEAR LINEAR
LINEAR LINEAR LINEAR LINEAR LINEAR LINEAR LINEAR</Name_array>
                    <technique_common>
                        <accessor source="#root_jnt-Interpolations-array" count="18">
                            <param type="name"/>
                        </accessor>
                    </technique_common>
                </source>
                <sampler id="root_jnt-Matrix-animation-transform">
                    <input semantic="INPUT" source="#root_jnt-Matrix-animation-input"/>
                    <input semantic="OUTPUT" source="#root_jnt-Matrix-animation-output-transform"/>
                    <input semantic="INTERPOLATION" source="#root_jnt-Interpolations"/>
                </sampler>
                <channel source="#root_jnt-Matrix-animation-transform" target="root_jnt/matrix"/>
            </animation>
        </animation>
        <animation id="jnt_hips-anim" name="jnt_hips">
            <animation>
                <source id="jnt_hips-Matrix-animation-input">
                    <float_array id="jnt_hips-Matrix-animation-input-array" count="18">

0.000000 0.033333 0.066667 0.100000 0.133333 0.166667 0.200000 0.233333 0.266667 0.300000 0.333333 0.366667 0.400000 0.433333 0.466667 0.500000
0.533333 0.566667</float_array>
                    <technique_common>
                        <accessor source="#jnt_hips-Matrix-animation-input-array" count="18">
                            <param name="TIME" type="float"/>
                        </accessor>
                    </technique_common>
                </source>
                <source id="jnt_hips-Matrix-animation-output-transform">
                    <float_array id="jnt_hips-Matrix-animation-output-transform-array" count="288">

0.952804 0.100914 -0.286323 -0.000000 -0.100093 0.994824 0.017543 1.733227 0.286611 0.011944 0.957973 -0.128626 0.000000 0.000000 0.000000 1.000000
0.957610 0.103636 -0.268781 -0.000000 -0.108312 0.994114 -0.002583 1.570212 0.266931 0.031586 0.963198 -0.128626 0.000000 0.000000 0.000000 1.000000
0.969955 0.096151 -0.223477 -0.000000 -0.102964 0.994503 -0.019007 1.533073 0.220421 0.041446 0.974524 -0.128794 0.000000 0.000000 0.000000 1.000000
0.985216 0.082850 -0.149952 -0.000000 -0.088163 0.995681 -0.029121 1.663719 0.146892 0.041911 0.988264 -0.130098 0.000000 0.000000 0.000000 1.000000
0.996347 0.067212 -0.052675 -0.000000 -0.069220 0.996905 -0.037272 1.851723 0.050007 0.040782 0.997916 -0.132609 0.000000 0.000000 0.000000 1.000000
0.996904 0.050587 0.060200 -0.000000 -0.047981 0.997880 -0.043980 2.020608 -0.062297 0.040956 0.997217 -0.136227 0.000000 0.000000 0.000000 1.000000
0.983268 0.034550 0.178861 0.000000 -0.025997 0.998414 -0.049946 2.093898 -0.180303 0.044461 0.982606 -0.140852 0.000000 0.000000 0.000000 1.000000
0.959380 0.037326 0.279637 0.000000 -0.018994 0.997505 -0.067985 2.034495 -0.281477 0.059912 0.957696 -0.146248 0.000000 0.000000 0.000000 1.000000
0.953811 0.062397 0.293856 0.000000 -0.032392 0.993850 -0.105895 1.897609 -0.298656 0.091486 0.949966 -0.151644 0.000000 0.000000 0.000000 1.000000
0.959252 0.086318 0.269044 0.000000 -0.047456 0.987886 -0.147747 1.745227 -0.278538 0.128958 0.951728 -0.156135 0.000000 0.000000 0.000000 1.000000
0.968571 0.101152 0.227241 0.000000 -0.060735 0.982101 -0.178295 1.639334 -0.241208 0.158890 0.957378 -0.158814 0.000000 0.000000 0.000000 1.000000
0.978732 0.103943 0.176863 -0.000000 -0.070504 0.980051 -0.185820 1.643513 -0.192649 0.169399 0.966535 -0.158766 0.000000 0.000000 0.000000 1.000000
0.987390 0.101796 0.121234 -0.000000 -0.078748 0.980200 -0.181677 1.776818 -0.137327 0.169839 0.975857 -0.155751 0.000000 0.000000 0.000000 1.000000
0.993503 0.097571 0.058588 -0.000000 -0.086303 0.981477 -0.171042 1.968647 -0.074191 0.164874 0.983521 -0.150698 0.000000 0.000000 0.000000 1.000000
0.995596 0.092863 -0.012896 -0.000000 -0.093736 0.983235 -0.156406 2.140968 -0.001845 0.156926 0.987609 -0.144626 0.000000 0.000000 0.000000 1.000000
0.991506 0.089149 -0.094703 0.000000 -0.101967 0.984816 -0.140499 2.215748 0.080739 0.148962 0.985541 -0.138555 0.000000 0.000000 0.000000 1.000000
0.978939 0.090152 -0.183169 0.000000 -0.108305 0.989886 -0.091632 2.090650 0.173056 0.109540 0.978802 -0.133434 0.000000 0.000000 0.000000 1.000000
0.961797 0.096706 -0.256114 0.000000 -0.105009 0.994292 -0.018910 1.858325 0.252823 0.045082 0.966462 -0.129927 0.000000 0.000000 0.000000 1.000000</float_array>
                    <technique_common>
                        <accessor source="#jnt_hips-Matrix-animation-output-transform-array" count="18" stride="16">
                            <param type="float4x4"/>
                        </accessor>
                    </technique_common>
                </source>
                <source id="jnt_hips-Interpolations">
                    <Name_array id="jnt_hips-Interpolations-array" count="18">
 LINEAR LINEAR LINEAR LINEAR LINEAR LINEAR LINEAR LINEAR LINEAR LINEAR LINEAR
LINEAR LINEAR LINEAR LINEAR LINEAR LINEAR LINEAR</Name_array>
                    <technique_common>
                        <accessor source="#jnt_hips-Interpolations-array" count="18">
                            <param type="name"/>
                        </accessor>
                    </technique_common>
                </source>
                <sampler id="jnt_hips-Matrix-animation-transform">
                    <input semantic="INPUT" source="#jnt_hips-Matrix-animation-input"/>
                    <input semantic="OUTPUT" source="#jnt_hips-Matrix-animation-output-transform"/>
                    <input semantic="INTERPOLATION" source="#jnt_hips-Interpolations"/>
                </sampler>
                <channel source="#jnt_hips-Matrix-animation-transform" target="jnt_hips/matrix"/>
            </animation>
        </animation>
        <animation id="jnt_height-anim" name="jnt_height">
            <animation>
                <source id="jnt_height-Matrix-animation-input">
                    <float_array id="jnt_height-Matrix-animation-input-array" count="18">

0.000000 0.033333 0.066667 0.100000 0.133333 0.166667 0.200000 0.233333 0.266667 0.300000 0.333333 0.366667 0.400000 0.433333 0.466667 0.500000
0.533333 0.566667</float_array>
                    <technique_common>
                        <accessor source="#jnt_height-Matrix-animation-input-array" count="18">
                            <param name="TIME" type="float"/>
                        </accessor>
                    </technique_common>
                </source>
                <source id="jnt_height-Matrix-animation-output-transform">
                    <float_array id="jnt_height-Matrix-animation-output-transform-array" count="288">

0.995543 0.086903 0.036647 0.000000 -0.087682 0.995943 0.020236 0.000000 -0.034740 -0.023359 0.999123 0.000000 0.000000 0.000000 0.000000 1.000000
0.994926 0.092655 0.039202 0.000000 -0.093718 0.995253 0.026227 0.000000 -0.036586 -0.029768 0.998887 -0.000000 0.000000 0.000000 0.000000 1.000000
0.995403 0.088252 0.037203 0.000000 -0.089029 0.995832 0.019788 -0.000000 -0.035301 -0.023009 0.999112 0.000000 0.000000 0.000000 0.000000 1.000000
0.996644 0.075629 0.031318 0.000000 -0.075988 0.997054 0.010439 0.000000 -0.030436 -0.012783 0.999455 -0.000000 0.000000 0.000000 0.000000 1.000000
0.997971 0.058975 0.024012 0.000000 -0.059061 0.998250 0.002864 0.000000 -0.023801 -0.004277 0.999707 0.000000 0.000000 0.000000 0.000000 1.000000
0.999063 0.040066 0.016348 -0.000000 -0.040017 0.999193 -0.003320 0.000000 -0.016468 0.002663 0.999861 0.000000 0.000000 0.000000 0.000000 1.000000
0.999749 0.020441 0.009171 0.000000 -0.020362 0.999755 -0.008643 0.000000 -0.009345 0.008454 0.999921 -0.000000 0.000000 0.000000 0.000000 1.000000
0.999945 0.009291 0.004783 -0.000000 -0.009254 0.999928 -0.007656 0.000000 -0.004854 0.007612 0.999959 0.000000 0.000000 0.000000 0.000000 1.000000
0.999876 0.014620 0.005776 -0.000000 -0.014606 0.999890 -0.002521 0.000000 -0.005812 0.002437 0.999980 0.000000 0.000000 0.000000 0.000000 1.000000
0.999689 0.023642 0.007942 0.000000 -0.023669 0.999714 0.003279 -0.000000 -0.007862 -0.003466 0.999963 -0.000000 0.000000 0.000000 0.000000 1.000000
0.999446 0.031608 0.010387 0.000000 -0.031666 0.999483 0.005475 -0.000000 -0.010208 -0.005801 0.999931 -0.000000 0.000000 0.000000 0.000000 1.000000
0.999207 0.037581 0.013140 0.000000 -0.037614 0.999290 0.002279 -0.000000 -0.013045 -0.002772 0.999911 0.000000 0.000000 0.000000 0.000000 1.000000
0.998760 0.046975 0.016498 0.000000 -0.047058 0.998881 0.004725 0.000000 -0.016258 -0.005495 0.999852 -0.000000 0.000000 0.000000 0.000000 1.000000
0.998085 0.058388 0.020406 0.000000 -0.058644 0.998205 0.012141 0.000000 -0.019660 -0.013314 0.999718 0.000000 0.000000 0.000000 0.000000 1.000000
0.997274 0.069525 0.024706 -0.000000 -0.070055 0.997316 0.021304 0.000000 -0.023159 -0.022977 0.999468 0.000000 0.000000 0.000000 0.000000 1.000000
0.996475 0.078688 0.029092 0.000000 -0.079514 0.996429 0.028419 0.000000 -0.026752 -0.030632 0.999173 -0.000000 0.000000 0.000000 0.000000 1.000000
0.995834 0.084897 0.033257 0.000000 -0.085883 0.995869 0.029460 -0.000000 -0.030619 -0.032193 0.999012 0.000000 0.000000 0.000000 0.000000 1.000000
0.995557 0.087041 0.035913 0.000000 -0.087947 0.995824 0.024467 0.000000 -0.033634 -0.027517 0.999055 0.000000 0.000000 0.000000 0.000000 1.000000</float_array>
                    <technique_common>
                        <accessor source="#jnt_height-Matrix-animation-output-transform-array" count="18" stride="16">
                            <param type="float4x4"/>
                        </accessor>
                    </technique_common>
                </source>
                <source id="jnt_height-Interpolations">
                    <Name_array id="jnt_height-Interpolations-array" count="18">
 LINEAR LINEAR LINEAR LINEAR LINEAR LINEAR LINEAR LINEAR LINEAR LINEAR LINEAR
LINEAR LINEAR LINEAR LINEAR LINEAR LINEAR LINEAR</Name_array>
                    <technique_common>
                        <accessor source="#jnt_height-Interpolations-array" count="18">
                            <param type="name"/>
                        </accessor>
                    </technique_common>
                </source>
                <sampler id="jnt_height-Matrix-animation-transform">
                    <input semantic="INPUT" source="#jnt_height-Matrix-animation-input"/>
                    <input semantic="OUTPUT" source="#jnt_height-Matrix-animation-output-transform"/>
                    <input semantic="INTERPOLATION" source="#jnt_height-Interpolations"/>
                </sampler>
                <channel source="#jnt_height-Matrix-animation-transform" target="jnt_height/matrix"/>
            </animation>
        </animation>
        <animation id="jnt_spine1-anim" name="jnt_spine1">
            <animation>
                <source id="jnt_spine1-Matrix-animation-input">
                    <float_array id="jnt_spine1-Matrix-animation-input-array" count="18">

0.000000 0.033333 0.066667 0.100000 0.133333 0.166667 0.200000 0.233333 0.266667 0.300000 0.333333 0.366667 0.400000 0.433333 0.466667 0.500000
0.533333 0.566667</float_array>
                    <technique_common>
                        <accessor source="#jnt_spine1-Matrix-animation-input-array" count="18">
                            <param name="TIME" type="float"/>
                        </accessor>
                    </technique_common>
                </source>
                <source id="jnt_spine1-Matrix-animation-output-transform">
                    <float_array id="jnt_spine1-Matrix-animation-output-transform-array" count="288">

0.050991 0.028472 0.998294 -0.005844 0.997773 -0.044507 -0.049695 0.209026 0.043016 0.998603 -0.030678 0.038786 0.000000 0.000000 0.000000 1.000000
0.053294 0.029909 0.998131 -0.005844 0.997528 -0.047437 -0.051841 0.209027 0.045797 0.998426 -0.032363 0.038786 0.000000 0.000000 0.000000 1.000000
0.049384 0.028385 0.998377 -0.005844 0.997592 -0.050134 -0.047920 0.209026 0.048693 0.998339 -0.030792 0.038786 0.000000 0.000000 0.000000 1.000000
0.039593 0.023828 0.998932 -0.005844 0.998023 -0.049780 -0.038370 0.209027 0.048812 0.998476 -0.025752 0.038786 0.000000 0.000000 0.000000 1.000000
0.026918 0.017953 0.999477 -0.005844 0.998524 -0.047673 -0.026036 0.209027 0.047181 0.998702 -0.019209 0.038786 0.000000 0.000000 0.000000 1.000000
0.013034 0.011731 0.999846 -0.005844 0.998918 -0.044789 -0.012496 0.209026 0.044635 0.998928 -0.012302 0.038786 0.000000 0.000000 0.000000 1.000000
-0.001078 0.005890 0.999983 -0.005844 0.999092 -0.042590 0.001328 0.209026 0.042597 0.999075 -0.005839 0.038786 0.000000 0.000000 0.000000 1.000000
-0.011571 0.001846 0.999931 -0.005844 0.999092 -0.040988 0.011637 0.209027 0.041007 0.999158 -0.001370 0.038786 0.000000 0.000000 0.000000 1.000000
-0.012481 0.001810 0.999921 -0.005844 0.999068 -0.041299 0.012545 0.209027 0.041319 0.999146 -0.001293 0.038786 0.000000 0.000000 0.000000 1.000000
-0.010648 0.002660 0.999940 -0.005844 0.999082 -0.041472 0.010749 0.209026 0.041498 0.999136 -0.002216 0.038786 0.000000 0.000000 0.000000 1.000000
-0.006684 0.004248 0.999969 -0.005844 0.999085 -0.042209 0.006857 0.209026 0.042237 0.999100 -0.003962 0.038786 0.000000 0.000000 0.000000 1.000000
0.000247 0.006957 0.999976 -0.005844 0.999028 -0.044083 0.000060 0.209027 0.044082 0.999004 -0.006961 0.038786 0.000000 0.000000 0.000000 1.000000
0.009373 0.009943 0.999907 -0.005844 0.999013 -0.043503 -0.008932 0.209027 0.043410 0.999004 -0.010341 0.038786 0.000000 0.000000 0.000000 1.000000
0.019496 0.013166 0.999724 -0.005844 0.998980 -0.040981 -0.018942 0.209026 0.040720 0.999073 -0.013952 0.038786 0.000000 0.000000 0.000000 1.000000
0.029551 0.016714 0.999424 -0.005844 0.998859 -0.038019 -0.028899 0.209026 0.037514 0.999137 -0.017819 0.038786 0.000000 0.000000 0.000000 1.000000
0.038744 0.020553 0.999038 -0.005844 0.998623 -0.036171 -0.037983 0.209026 0.035355 0.999134 -0.021926 0.038786 0.000000 0.000000 0.000000 1.000000
0.045920 0.024514 0.998644 -0.005844 0.998258 -0.038206 -0.044964 0.209026 0.037052 0.998969 -0.026226 0.038786 0.000000 0.000000 0.000000 1.000000
0.049884 0.027435 0.998379 -0.005844 0.997915 -0.042378 -0.048696 0.209027 0.040973 0.998725 -0.029492 0.038786 0.000000 0.000000 0.000000 1.000000</float_array>
                    <technique_common>
                        <accessor source="#jnt_spine1-Matrix-animation-output-transform-array" count="18" stride="16">
                            <param type="float4x4"/>
                        </accessor>
                    </technique_common>
                </source>
                <source id="jnt_spine1-Interpolations">
                    <Name_array id="jnt_spine1-Interpolations-array" count="18">
 LINEAR LINEAR LINEAR LINEAR LINEAR LINEAR LINEAR LINEAR LINEAR LINEAR LINEAR
LINEAR LINEAR LINEAR LINEAR LINEAR LINEAR LINEAR</Name_array>
                    <technique_common>
                        <accessor source="#jnt_spine1-Interpolations-array" count="18">
                            <param type="name"/>
                        </accessor>
                    </technique_common>
                </source>
                <sampler id="jnt_spine1-Matrix-animation-transform">
                    <input semantic="INPUT" source="#jnt_spine1-Matrix-animation-input"/>
                    <input semantic="OUTPUT" source="#jnt_spine1-Matrix-animation-output-transform"/>
                    <input semantic="INTERPOLATION" source="#jnt_spine1-Interpolations"/>
                </sampler>
                <channel source="#jnt_spine1-Matrix-animation-transform" target="jnt_spine1/matrix"/>
            </animation>
        </animation>
        <animation id="jnt_spine2-anim" name="jnt_spine2">
            <animation>
                <source id="jnt_spine2-Matrix-animation-input">
                    <float_array id="jnt_spine2-Matrix-animation-input-array" count="18">

0.000000 0.033333 0.066667 0.100000 0.133333 0.166667 0.200000 0.233333 0.266667 0.300000 0.333333 0.366667 0.400000 0.433333 0.466667 0.500000
0.533333 0.566667</float_array>
                    <technique_common>
                        <accessor source="#jnt_spine2-Matrix-animation-input-array" count="18">
                            <param name="TIME" type="float"/>
                        </accessor>
                    </technique_common>
                </source>
                <source id="jnt_spine2-Matrix-animation-output-transform">
                    <float_array id="jnt_spine2-Matrix-animation-output-transform-array" count="288">

0.976587 -0.214154 0.020384 0.354983 0.214765 0.976035 -0.035083 0.078525 -0.012382 0.038639 0.999176 0.012378 0.000000 0.000000 0.000000 1.000000
0.973782 -0.225383 0.030818 0.354983 0.226352 0.973496 -0.032712 0.078525 -0.022629 0.038830 0.998989 0.012378 0.000000 0.000000 0.000000 1.000000
0.976201 -0.214464 0.032170 0.354984 0.215429 0.976049 -0.030301 0.078525 -0.024901 0.036510 0.999023 0.012378 0.000000 0.000000 0.000000 1.000000
0.981403 -0.189418 0.031117 0.354983 0.190239 0.981394 -0.025948 0.078525 -0.025624 0.031385 0.999179 0.012378 0.000000 0.000000 0.000000 1.000000
0.986557 -0.160362 0.031442 0.354984 0.161033 0.986744 -0.020096 0.078525 -0.027802 0.024889 0.999303 0.012378 0.000000 0.000000 0.000000 1.000000
0.990976 -0.130029 0.032555 0.354983 0.130532 0.991348 -0.013829 0.078525 -0.030476 0.017954 0.999374 0.012378 0.000000 0.000000 0.000000 1.000000
0.994160 -0.102083 0.034988 0.354984 0.102413 0.994711 -0.007771 0.078525 -0.034010 0.011309 0.999358 0.012378 0.000000 0.000000 0.000000 1.000000
0.995399 -0.084281 0.045580 0.354983 0.084401 0.996432 -0.000724 0.078525 -0.045356 0.004568 0.998960 0.012378 0.000000 0.000000 0.000000 1.000000
0.995096 -0.077804 0.061080 0.354983 0.077612 0.996968 0.005516 0.078525 -0.061324 -0.000748 0.998118 0.012378 0.000000 0.000000 0.000000 1.000000
0.994293 -0.075139 0.075723 0.354983 0.074532 0.997160 0.010809 0.078525 -0.076320 -0.005103 0.997070 0.012378 0.000000 0.000000 0.000000 1.000000
0.993943 -0.073663 0.081549 0.354983 0.072871 0.997261 0.012642 0.078525 -0.082257 -0.006623 0.996589 0.012378 0.000000 0.000000 0.000000 1.000000
0.994517 -0.074246 0.073645 0.354984 0.073777 0.997233 0.009070 0.078525 -0.074114 -0.003587 0.997243 0.012378 0.000000 0.000000 0.000000 1.000000
0.994068 -0.086845 0.065479 0.354983 0.086754 0.996220 0.004246 0.078525 -0.065600 0.001459 0.997845 0.012378 0.000000 0.000000 0.000000 1.000000
0.992289 -0.109295 0.058468 0.354983 0.109561 0.993979 -0.001357 0.078525 -0.057967 0.007752 0.998288 0.012378 0.000000 0.000000 0.000000 1.000000
0.989177 -0.137449 0.051353 0.354983 0.138035 0.990395 -0.008040 0.078525 -0.049755 0.015042 0.998648 0.012378 0.000000 0.000000 0.000000 1.000000
0.985161 -0.166194 0.042859 0.354984 0.166999 0.985828 -0.015935 0.078525 -0.039603 0.022856 0.998954 0.012378 0.000000 0.000000 0.000000 1.000000
0.980689 -0.192580 0.034102 0.354983 0.193451 0.980806 -0.024401 0.078525 -0.028748 0.030526 0.999120 0.012378 0.000000 0.000000 0.000000 1.000000
0.977463 -0.209581 0.025354 0.354984 0.210330 0.977114 -0.031760 0.078525 -0.018118 0.036377 0.999174 0.012378 0.000000 0.000000 0.000000 1.000000</float_array>
                    <technique_common>
                        <accessor source="#jnt_spine2-Matrix-animation-output-transform-array" count="18" stride="16">
                            <param type="float4x4"/>
                        </accessor>
                    </technique_common>
                </source>
                <source id="jnt_spine2-Interpolations">
                    <Name_array id="jnt_spine2-Interpolations-array" count="18">
 LINEAR LINEAR LINEAR LINEAR LINEAR LINEAR LINEAR LINEAR LINEAR LINEAR LINEAR
LINEAR LINEAR LINEAR LINEAR LINEAR LINEAR LINEAR</Name_array>
                    <technique_common>
                        <accessor source="#jnt_spine2-Interpolations-array" count="18">
                            <param type="name"/>
                        </accessor>
                    </technique_common>
                </source>
                <sampler id="jnt_spine2-Matrix-animation-transform">
                    <input semantic="INPUT" source="#jnt_spine2-Matrix-animation-input"/>
                    <input semantic="OUTPUT" source="#jnt_spine2-Matrix-animation-output-transform"/>
                    <input semantic="INTERPOLATION" source="#jnt_spine2-Interpolations"/>
                </sampler>
                <channel source="#jnt_spine2-Matrix-animation-transform" target="jnt_spine2/matrix"/>
            </animation>
        </animation>
        <animation id="jnt_spine3-anim" name="jnt_spine3">
            <animation>
                <source id="jnt_spine3-Matrix-animation-input">
                    <float_array id="jnt_spine3-Matrix-animation-input-array" count="18">

0.000000 0.033333 0.066667 0.100000 0.133333 0.166667 0.200000 0.233333 0.266667 0.300000 0.333333 0.366667 0.400000 0.433333 0.466667 0.500000
0.533333 0.566667</float_array>
                    <technique_common>
                        <accessor source="#jnt_spine3-Matrix-animation-input-array" count="18">
                            <param name="TIME" type="float"/>
                        </accessor>
                    </technique_common>
                </source>
                <source id="jnt_spine3-Matrix-animation-output-transform">
                    <float_array id="jnt_spine3-Matrix-animation-output-transform-array" count="288">

0.993318 -0.026898 -0.112229 0.727645 0.083754 0.837057 0.540667 0.078479 0.079399 -0.546454 0.833717 -0.093513 0.000000 0.000000 0.000000 1.000000
0.991670 -0.063607 -0.112007 0.727646 0.114192 0.836457 0.536004 0.078480 0.059596 -0.544329 0.836752 -0.093513 0.000000 0.000000 0.000000 1.000000
0.992191 -0.054931 -0.111982 0.727646 0.107007 0.836164 0.537940 0.078479 0.064086 -0.545722 0.835513 -0.093513 0.000000 0.000000 0.000000 1.000000
0.993431 -0.024201 -0.111840 0.727645 0.081582 0.835148 0.543941 0.078480 0.080239 -0.549492 0.831636 -0.093513 0.000000 0.000000 0.000000 1.000000
0.993719 0.010158 -0.111440 0.727645 0.053269 0.832854 0.550923 0.078480 0.098409 -0.553399 0.827082 -0.093513 0.000000 0.000000 0.000000 1.000000
0.992869 0.044014 -0.110789 0.727645 0.025472 0.829559 0.557837 0.078480 0.116459 -0.556681 0.822523 -0.093513 0.000000 0.000000 0.000000 1.000000
0.991239 0.073069 -0.110028 0.727645 0.001709 0.825871 0.563855 0.078479 0.132069 -0.559103 0.818511 -0.093513 0.000000 0.000000 0.000000 1.000000
0.991519 0.069875 -0.109576 0.727645 0.004485 0.824257 0.566198 0.078480 0.129882 -0.561888 0.816953 -0.093513 0.000000 0.000000 0.000000 1.000000
0.993413 0.033315 -0.109636 0.727645 0.034577 0.825044 0.564009 0.078479 0.109245 -0.564085 0.818458 -0.093513 0.000000 0.000000 0.000000 1.000000
0.993942 -0.007232 -0.109666 0.727646 0.067913 0.824948 0.561114 0.078479 0.086411 -0.565162 0.820442 -0.093513 0.000000 0.000000 0.000000 1.000000
0.993534 -0.029186 -0.109716 0.727645 0.085952 0.824729 0.558957 0.078479 0.074172 -0.564773 0.821906 -0.093513 0.000000 0.000000 0.000000 1.000000
0.993701 -0.021541 -0.109979 0.727646 0.079649 0.826110 0.557851 0.078479 0.078838 -0.563097 0.822622 -0.093513 0.000000 0.000000 0.000000 1.000000
0.993641 -0.022614 -0.110297 0.727646 0.080496 0.827624 0.555481 0.078479 0.078723 -0.560827 0.824182 -0.093513 0.000000 0.000000 0.000000 1.000000
0.993313 -0.033056 -0.110615 0.727645 0.089057 0.829099 0.551962 0.078480 0.073465 -0.558122 0.826500 -0.093513 0.000000 0.000000 0.000000 1.000000
0.992820 -0.044751 -0.110930 0.727645 0.098673 0.830620 0.548026 0.078479 0.067616 -0.555037 0.829073 -0.093513 0.000000 0.000000 0.000000 1.000000
0.992490 -0.050827 -0.111269 0.727645 0.103661 0.832403 0.544389 0.078479 0.064951 -0.551835 0.831420 -0.093513 0.000000 0.000000 0.000000 1.000000
0.992499 -0.049785 -0.111657 0.727645 0.102766 0.834457 0.541405 0.078480 0.066219 -0.548819 0.833315 -0.093513 0.000000 0.000000 0.000000 1.000000
0.992983 -0.037835 -0.112044 0.727646 0.092835 0.836311 0.540338 0.078480 0.073260 -0.546948 0.833955 -0.093513 0.000000 0.000000 0.000000 1.000000</float_array>
                    <technique_common>
                        <accessor source="#jnt_spine3-Matrix-animation-output-transform-array" count="18" stride="16">
                            <param type="float4x4"/>
                        </accessor>
                    </technique_common>
                </source>
                <source id="jnt_spine3-Interpolations">
                    <Name_array id="jnt_spine3-Interpolations-array" count="18">
 LINEAR LINEAR LINEAR LINEAR LINEAR LINEAR LINEAR LINEAR LINEAR LINEAR LINEAR
LINEAR LINEAR LINEAR LINEAR LINEAR LINEAR LINEAR</Name_array>
                    <technique_common>
                        <accessor source="#jnt_spine3-Interpolations-array" count="18">
                            <param type="name"/>
                        </accessor>
                    </technique_common>
                </source>
                <sampler id="jnt_spine3-Matrix-animation-transform">
                    <input semantic="INPUT" source="#jnt_spine3-Matrix-animation-input"/>
                    <input semantic="OUTPUT" source="#jnt_spine3-Matrix-animation-output-transform"/>
                    <input semantic="INTERPOLATION" source="#jnt_spine3-Interpolations"/>
                </sampler>
