<?xml version="1.0" encoding="utf-8"?>
<COLLADA xmlns="http://www.collada.org/2005/11/COLLADASchema" version="1.4.1">
  <asset><contributor><author></author><authoring_tool>FBX COLLADA exporter</authoring_tool><comments></comments></contributor><created>2023-07-19T21:20:01Z</created><keywords></keywords><modified>2023-07-19T21:20:01Z</modified><revision></revision><subject></subject><title></title><unit meter="0.010000" name="centimeter"></unit><up_axis>Y_UP</up_axis></asset>
  <library_animations>
    <animation id="Character-anim" name="Character"><animation><source id="Character-Matrix-animation-input"><float_array id="Character-Matrix-animation-input-array" count="15">

0.000000 0.033333 0.066667 0.100000 0.133333 0.166667 0.200000 0.233333 0.266667 0.300000 0.333333 0.366667 0.400000 0.433333 0.466667</float_array><technique_common><accessor source="#Character-Matrix-animation-input-array" count="15"><param name="TIME" type="float"/></accessor></technique_common></source><source id="Character-Matrix-animation-output-transform"><float_array id="Character-Matrix-animation-output-transform-array" count="240">

1.000000 0.000000 0.000000 0.000000 0.000000 1.000000 -0.000000 0.000000 0.000000 0.000000 1.000000 0.000000 0.000000 0.000000 0.000000 1.000000
1.000000 0.000000 0.000000 0.000000 0.000000 1.000000 -0.000000 0.000000 0.000000 0.000000 1.000000 0.000000 0.000000 0.000000 0.000000 1.000000
1.000000 0.000000 0.000000 0.000000 0.000000 1.000000 -0.000000 0.000000 0.000000 0.000000 1.000000 0.000000 0.000000 0.000000 0.000000 1.000000
1.000000 0.000000 0.000000 0.000000 0.000000 1.000000 -0.000000 0.000000 0.000000 0.000000 1.000000 0.000000 0.000000 0.000000 0.000000 1.000000
1.000000 0.000000 0.000000 0.000000 0.000000 1.000000 -0.000000 0.000000 0.000000 0.000000 1.000000 0.000000 0.000000 0.000000 0.000000 1.000000
1.000000 0.000000 0.000000 0.000000 0.000000 1.000000 -0.000000 0.000000 0.000000 0.000000 1.000000 0.000000 0.000000 0.000000 0.000000 1.000000
1.000000 0.000000 0.000000 0.000000 0.000000 1.000000 -0.000000 0.000000 0.000000 0.000000 1.000000 0.000000 0.000000 0.000000 0.000000 1.000000
1.000000 0.000000 0.000000 0.000000 0.000000 1.000000 -0.000000 0.000000 0.000000 0.000000 1.000000 0.000000 0.000000 0.000000 0.000000 1.000000
1.000000 0.000000 0.000000 0.000000 0.000000 1.000000 -0.000000 0.000000 0.000000 0.000000 1.000000 0.000000 0.000000 0.000000 0.000000 1.000000
1.000000 0.000000 0.000000 0.000000 0.000000 1.000000 -0.000000 0.000000 0.000000 0.000000 1.000000 0.000000 0.000000 0.000000 0.000000 1.000000
1.000000 0.000000 0.000000 0.000000 0.000000 1.000000 -0.000000 0.000000 0.000000 0.000000 1.000000 0.000000 0.000000 0.000000 0.000000 1.000000
1.000000 0.000000 0.000000 0.000000 0.000000 1.000000 -0.000000 0.000000 0.000000 0.000000 1.000000 0.000000 0.000000 0.000000 0.000000 1.000000
1.000000 0.000000 0.000000 0.000000 0.000000 1.000000 -0.000000 0.000000 0.000000 0.000000 1.000000 0.000000 0.000000 0.000000 0.000000 1.000000
1.000000 0.000000 0.000000 0.000000 0.000000 1.000000 -0.000000 0.000000 0.000000 0.000000 1.000000 0.000000 0.000000 0.000000 0.000000 1.000000
1.000000 0.000000 0.000000 0.000000 0.000000 1.000000 -0.000000 0.000000 0.000000 0.000000 1.000000 0.000000 0.000000 0.000000 0.000000 1.000000</float_array><technique_common><accessor source="#Character-Matrix-animation-output-transform-array" count="15" stride="16"><param type="float4x4"/></accessor></technique_common></source><source id="Character-Interpolations"><Name_array id="Character-Interpolations-array" count="15">
 LINEAR LINEAR LINEAR LINEAR LINEAR LINEAR LINEAR LINEAR LINEAR LINEAR LINEAR
LINEAR LINEAR LINEAR LINEAR</Name_array><technique_common><accessor source="#Character-Interpolations-array" count="15"><param type="name"/></accessor></technique_common></source><sampler id="Character-Matrix-animation-transform"><input semantic="INPUT" source="#Character-Matrix-animation-input"/><input semantic="OUTPUT" source="#Character-Matrix-animation-output-transform"/><input semantic="INTERPOLATION" source="#Character-Interpolations"/></sampler><channel source="#Character-Matrix-animation-transform" target="Character/matrix"/></animation></animation>
    <animation id="HIK_root_jnt-anim" name="HIK_root_jnt"><animation><source id="HIK_root_jnt-Matrix-animation-input"><float_array id="HIK_root_jnt-Matrix-animation-input-array" count="15">

0.000000 0.033333 0.066667 0.100000 0.133333 0.166667 0.200000 0.233333 0.266667 0.300000 0.333333 0.366667 0.400000 0.433333 0.466667</float_array><technique_common><accessor source="#HIK_root_jnt-Matrix-animation-input-array" count="15"><param name="TIME" type="float"/></accessor></technique_common></source><source id="HIK_root_jnt-Matrix-animation-output-transform"><float_array id="HIK_root_jnt-Matrix-animation-output-transform-array" count="240">

1.000000 0.000000 0.000000 0.000000 0.000000 1.000000 -0.000000 0.000000 0.000000 0.000000 1.000000 0.000000 0.000000 0.000000 0.000000 1.000000
1.000000 0.000000 0.000000 0.000000 0.000000 1.000000 -0.000000 0.000000 0.000000 0.000000 1.000000 0.000000 0.000000 0.000000 0.000000 1.000000
1.000000 0.000000 0.000000 0.000000 0.000000 1.000000 -0.000000 0.000000 0.000000 0.000000 1.000000 0.000000 0.000000 0.000000 0.000000 1.000000
1.000000 0.000000 0.000000 0.000000 0.000000 1.000000 -0.000000 0.000000 0.000000 0.000000 1.000000 0.000000 0.000000 0.000000 0.000000 1.000000
1.000000 0.000000 0.000000 0.000000 0.000000 1.000000 -0.000000 0.000000 0.000000 0.000000 1.000000 0.000000 0.000000 0.000000 0.000000 1.000000
1.000000 0.000000 0.000000 0.000000 0.000000 1.000000 -0.000000 0.000000 0.000000 0.000000 1.000000 0.000000 0.000000 0.000000 0.000000 1.000000
1.000000 0.000000 0.000000 0.000000 0.000000 1.000000 -0.000000 0.000000 0.000000 0.000000 1.000000 0.000000 0.000000 0.000000 0.000000 1.000000
1.000000 0.000000 0.000000 0.000000 0.000000 1.000000 -0.000000 0.000000 0.000000 0.000000 1.000000 0.000000 0.000000 0.000000 0.000000 1.000000
1.000000 0.000000 0.000000 0.000000 0.000000 1.000000 -0.000000 0.000000 0.000000 0.000000 1.000000 0.000000 0.000000 0.000000 0.000000 1.000000
1.000000 0.000000 0.000000 0.000000 0.000000 1.000000 -0.000000 0.000000 0.000000 0.000000 1.000000 0.000000 0.000000 0.000000 0.000000 1.000000
1.000000 0.000000 0.000000 0.000000 0.000000 1.000000 -0.000000 0.000000 0.000000 0.000000 1.000000 0.000000 0.000000 0.000000 0.000000 1.000000
1.000000 0.000000 0.000000 0.000000 0.000000 1.000000 -0.000000 0.000000 0.000000 0.000000 1.000000 0.000000 0.000000 0.000000 0.000000 1.000000
1.000000 0.000000 0.000000 0.000000 0.000000 1.000000 -0.000000 0.000000 0.000000 0.000000 1.000000 0.000000 0.000000 0.000000 0.000000 1.000000
1.000000 0.000000 0.000000 0.000000 0.000000 1.000000 -0.000000 0.000000 0.000000 0.000000 1.000000 0.000000 0.000000 0.000000 0.000000 1.000000
1.000000 0.000000 0.000000 0.000000 0.000000 1.000000 -0.000000 0.000000 0.000000 0.000000 1.000000 0.000000 0.000000 0.000000 0.000000 1.000000</float_array><technique_common><accessor source="#HIK_root_jnt-Matrix-animation-output-transform-array" count="15" stride="16"><param type="float4x4"/></accessor></technique_common></source><source id="HIK_root_jnt-Interpolations"><Name_array id="HIK_root_jnt-Interpolations-array" count="15">
 LINEAR LINEAR LINEAR LINEAR LINEAR LINEAR LINEAR LINEAR LINEAR LINEAR LINEAR
LINEAR LINEAR LINEAR LINEAR</Name_array><technique_common><accessor source="#HIK_root_jnt-Interpolations-array" count="15"><param type="name"/></accessor></technique_common></source><sampler id="HIK_root_jnt-Matrix-animation-transform"><input semantic="INPUT" source="#HIK_root_jnt-Matrix-animation-input"/><input semantic="OUTPUT" source="#HIK_root_jnt-Matrix-animation-output-transform"/><input semantic="INTERPOLATION" source="#HIK_root_jnt-Interpolations"/></sampler><channel source="#HIK_root_jnt-Matrix-animation-transform" target="HIK_root_jnt/matrix"/></animation></animation>
    <animation id="root_jnt-anim" name="root_jnt"><animation><source id="root_jnt-Matrix-animation-input"><float_array id="root_jnt-Matrix-animation-input-array" count="15">

0.000000 0.033333 0.066667 0.100000 0.133333 0.166667 0.200000 0.233333 0.266667 0.300000 0.333333 0.366667 0.400000 0.433333 0.466667</float_array><technique_common><accessor source="#root_jnt-Matrix-animation-input-array" count="15"><param name="TIME" type="float"/></accessor></technique_common></source><source id="root_jnt-Matrix-animation-output-transform"><float_array id="root_jnt-Matrix-animation-output-transform-array" count="240">

1.000000 0.000000 0.000000 0.000000 0.000000 1.000000 -0.000000 0.000000 0.000000 0.000000 1.000000 0.000000 0.000000 0.000000 0.000000 1.000000
1.000000 0.000000 0.000000 0.000000 0.000000 1.000000 -0.000000 0.000000 0.000000 0.000000 1.000000 0.000000 0.000000 0.000000 0.000000 1.000000
1.000000 0.000000 0.000000 0.000000 0.000000 1.000000 -0.000000 0.000000 0.000000 0.000000 1.000000 0.000000 0.000000 0.000000 0.000000 1.000000
1.000000 0.000000 0.000000 0.000000 0.000000 1.000000 -0.000000 0.000000 0.000000 0.000000 1.000000 0.000000 0.000000 0.000000 0.000000 1.000000
1.000000 0.000000 0.000000 0.000000 0.000000 1.000000 -0.000000 0.000000 0.000000 0.000000 1.000000 0.000000 0.000000 0.000000 0.000000 1.000000
1.000000 0.000000 0.000000 0.000000 0.000000 1.000000 -0.000000 0.000000 0.000000 0.000000 1.000000 0.000000 0.000000 0.000000 0.000000 1.000000
1.000000 0.000000 0.000000 0.000000 0.000000 1.000000 -0.000000 0.000000 0.000000 0.000000 1.000000 0.000000 0.000000 0.000000 0.000000 1.000000
1.000000 0.000000 0.000000 0.000000 0.000000 1.000000 -0.000000 0.000000 0.000000 0.000000 1.000000 0.000000 0.000000 0.000000 0.000000 1.000000
1.000000 0.000000 0.000000 0.000000 0.000000 1.000000 -0.000000 0.000000 0.000000 0.000000 1.000000 0.000000 0.000000 0.000000 0.000000 1.000000
1.000000 0.000000 0.000000 0.000000 0.000000 1.000000 -0.000000 0.000000 0.000000 0.000000 1.000000 0.000000 0.000000 0.000000 0.000000 1.000000
1.000000 0.000000 0.000000 0.000000 0.000000 1.000000 -0.000000 0.000000 0.000000 0.000000 1.000000 0.000000 0.000000 0.000000 0.000000 1.000000
1.000000 0.000000 0.000000 0.000000 0.000000 1.000000 -0.000000 0.000000 0.000000 0.000000 1.000000 0.000000 0.000000 0.000000 0.000000 1.000000
1.000000 0.000000 0.000000 0.000000 0.000000 1.000000 -0.000000 0.000000 0.000000 0.000000 1.000000 0.000000 0.000000 0.000000 0.000000 1.000000
1.000000 0.000000 0.000000 0.000000 0.000000 1.000000 -0.000000 0.000000 0.000000 0.000000 1.000000 0.000000 0.000000 0.000000 0.000000 1.000000
1.000000 0.000000 0.000000 0.000000 0.000000 1.000000 -0.000000 0.000000 0.000000 0.000000 1.000000 0.000000 0.000000 0.000000 0.000000 1.000000</float_array><technique_common><accessor source="#root_jnt-Matrix-animation-output-transform-array" count="15" stride="16"><param type="float4x4"/></accessor></technique_common></source><source id="root_jnt-Interpolations"><Name_array id="root_jnt-Interpolations-array" count="15">
 LINEAR LINEAR LINEAR LINEAR LINEAR LINEAR LINEAR LINEAR LINEAR LINEAR LINEAR
LINEAR LINEAR LINEAR LINEAR</Name_array><technique_common><accessor source="#root_jnt-Interpolations-array" count="15"><param type="name"/></accessor></technique_common></source><sampler id="root_jnt-Matrix-animation-transform"><input semantic="INPUT" source="#root_jnt-Matrix-animation-input"/><input semantic="OUTPUT" source="#root_jnt-Matrix-animation-output-transform"/><input semantic="INTERPOLATION" source="#root_jnt-Interpolations"/></sampler><channel source="#root_jnt-Matrix-animation-transform" target="root_jnt/matrix"/></animation></animation>
    <animation id="jnt_hips-anim" name="jnt_hips"><animation><source id="jnt_hips-Matrix-animation-input"><float_array id="jnt_hips-Matrix-animation-input-array" count="15">

0.000000 0.033333 0.066667 0.100000 0.133333 0.166667 0.200000 0.233333 0.266667 0.300000 0.333333 0.366667 0.400000 0.433333 0.466667</float_array><technique_common><accessor source="#jnt_hips-Matrix-animation-input-array" count="15"><param name="TIME" type="float"/></accessor></technique_common></source><source id="jnt_hips-Matrix-animation-output-transform"><float_array id="jnt_hips-Matrix-animation-output-transform-array" count="240">

0.978761 0.022206 -0.203799 -0.000000 -0.023928 0.999696 -0.005987 1.941480 0.203604 0.010737 0.978995 -0.247371 0.000000 0.000000 0.000000 1.000000
0.978745 0.022212 -0.203873 -0.000000 -0.023849 0.999700 -0.005575 1.941480 0.203688 0.010319 0.978981 -0.247371 0.000000 0.000000 0.000000 1.000000
0.978711 0.022169 -0.204042 -0.000000 -0.023629 0.999710 -0.004723 1.941480 0.203878 0.009444 0.978951 -0.247371 0.000000 0.000000 0.000000 1.000000
0.978678 0.022011 -0.204218 -0.000000 -0.023333 0.999719 -0.004067 1.941480 0.204071 0.008746 0.978917 -0.247371 0.000000 0.000000 0.000000 1.000000
0.978660 0.021830 -0.204323 -0.000000 -0.023156 0.999723 -0.004101 1.941480 0.204177 0.008745 0.978895 -0.247371 0.000000 0.000000 0.000000 1.000000
0.978666 0.021871 -0.204291 -0.000000 -0.023381 0.999714 -0.004981 1.941480 0.204123 0.009651 0.978898 -0.247371 0.000000 0.000000 0.000000 1.000000
0.978695 0.022287 -0.204104 -0.000000 -0.024122 0.999688 -0.006505 1.941480 0.203895 0.011290 0.978928 -0.247371 0.000000 0.000000 0.000000 1.000000
0.978729 0.022723 -0.203893 -0.000000 -0.024939 0.999654 -0.008303 1.941480 0.203634 0.013212 0.978958 -0.247371 0.000000 0.000000 0.000000 1.000000
0.978751 0.022746 -0.203787 -0.000000 -0.025316 0.999629 -0.010013 1.941480 0.203484 0.014959 0.978964 -0.247371 0.000000 0.000000 0.000000 1.000000
0.978763 0.022677 -0.203736 -0.000000 -0.025494 0.999612 -0.011214 1.941480 0.203402 0.016170 0.978962 -0.247371 0.000000 0.000000 0.000000 1.000000
0.978769 0.022607 -0.203714 -0.000000 -0.025573 0.999602 -0.011940 1.941480 0.203363 0.016896 0.978958 -0.247371 0.000000 0.000000 0.000000 1.000000
0.978771 0.022540 -0.203714 -0.000000 -0.025579 0.999597 -0.012295 1.941480 0.203355 0.017245 0.978953 -0.247371 0.000000 0.000000 0.000000 1.000000
0.978769 0.022481 -0.203728 -0.000000 -0.025537 0.999597 -0.012386 1.941480 0.203367 0.017326 0.978949 -0.247371 0.000000 0.000000 0.000000 1.000000
0.978766 0.022433 -0.203747 -0.000000 -0.025475 0.999600 -0.012319 1.941480 0.203389 0.017248 0.978946 -0.247371 0.000000 0.000000 0.000000 1.000000
0.978764 0.022401 -0.203765 -0.000000 -0.025418 0.999602 -0.012201 1.941480 0.203411 0.017121 0.978944 -0.247371 0.000000 0.000000 0.000000 1.000000</float_array><technique_common><accessor source="#jnt_hips-Matrix-animation-output-transform-array" count="15" stride="16"><param type="float4x4"/></accessor></technique_common></source><source id="jnt_hips-Interpolations"><Name_array id="jnt_hips-Interpolations-array" count="15">
 LINEAR LINEAR LINEAR LINEAR LINEAR LINEAR LINEAR LINEAR LINEAR LINEAR LINEAR
LINEAR LINEAR LINEAR LINEAR</Name_array><technique_common><accessor source="#jnt_hips-Interpolations-array" count="15"><param type="name"/></accessor></technique_common></source><sampler id="jnt_hips-Matrix-animation-transform"><input semantic="INPUT" source="#jnt_hips-Matrix-animation-input"/><input semantic="OUTPUT" source="#jnt_hips-Matrix-animation-output-transform"/><input semantic="INTERPOLATION" source="#jnt_hips-Interpolations"/></sampler><channel source="#jnt_hips-Matrix-animation-transform" target="jnt_hips/matrix"/></animation></animation>
    <animation id="jnt_height-anim" name="jnt_height"><animation><source id="jnt_height-Matrix-animation-input"><float_array id="jnt_height-Matrix-animation-input-array" count="15">

0.000000 0.033333 0.066667 0.100000 0.133333 0.166667 0.200000 0.233333 0.266667 0.300000 0.333333 0.366667 0.400000 0.433333 0.466667</float_array><technique_common><accessor source="#jnt_height-Matrix-animation-input-array" count="15"><param name="TIME" type="float"/></accessor></technique_common></source><source id="jnt_height-Matrix-animation-output-transform"><float_array id="jnt_height-Matrix-animation-output-transform-array" count="240">

0.999672 0.023959 0.009001 0.000000 -0.023906 0.999696 -0.005985 -0.000000 -0.009142 0.005768 0.999942 -0.000000 0.000000 0.000000 0.000000 1.000000
0.999675 0.023876 0.008924 -0.000000 -0.023827 0.999700 -0.005573 -0.000000 -0.009055 0.005359 0.999945 -0.000000 0.000000 0.000000 0.000000 1.000000
0.999682 0.023649 0.008750 -0.000000 -0.023609 0.999710 -0.004722 -0.000000 -0.008860 0.004514 0.999951 -0.000000 0.000000 0.000000 0.000000 1.000000
0.999691 0.023348 0.008567 0.000000 -0.023313 0.999720 -0.004068 -0.000000 -0.008660 0.003867 0.999955 0.000000 0.000000 0.000000 0.000000 1.000000
0.999696 0.023172 0.008457 -0.000000 -0.023138 0.999724 -0.004103 -0.000000 -0.008550 0.003906 0.999956 0.000000 0.000000 0.000000 0.000000 1.000000
0.999690 0.023405 0.008487 -0.000000 -0.023363 0.999714 -0.004984 -0.000000 -0.008601 0.004784 0.999951 0.000000 0.000000 0.000000 0.000000 1.000000
0.999670 0.024160 0.008675 -0.000000 -0.024104 0.999688 -0.006509 -0.000000 -0.008830 0.006298 0.999941 -0.000000 0.000000 0.000000 0.000000 1.000000
0.999648 0.024994 0.008888 -0.000000 -0.024920 0.999655 -0.008308 -0.000000 -0.009093 0.008084 0.999926 0.000000 0.000000 0.000000 0.000000 1.000000
0.999637 0.025388 0.008992 0.000000 -0.025298 0.999630 -0.010018 -0.000000 -0.009243 0.009787 0.999909 0.000000 0.000000 0.000000 0.000000 1.000000
0.999632 0.025577 0.009041 0.000000 -0.025476 0.999612 -0.011219 -0.000000 -0.009325 0.010985 0.999896 0.000000 0.000000 0.000000 0.000000 1.000000
0.999629 0.025664 0.009061 0.000000 -0.025555 0.999602 -0.011945 -0.000000 -0.009364 0.011709 0.999888 0.000000 0.000000 0.000000 0.000000 1.000000
0.999629 0.025673 0.009059 0.000000 -0.025561 0.999598 -0.012300 -0.000000 -0.009371 0.012064 0.999883 -0.000000 0.000000 0.000000 0.000000 1.000000
0.999630 0.025633 0.009043 -0.000000 -0.025520 0.999598 -0.012391 -0.000000 -0.009357 0.012156 0.999882 -0.000000 0.000000 0.000000 0.000000 1.000000
0.999632 0.025570 0.009023 0.000000 -0.025458 0.999600 -0.012324 -0.000000 -0.009334 0.012090 0.999883 0.000000 0.000000 0.000000 0.000000 1.000000
0.999634 0.025512 0.009004 0.000000 -0.025401 0.999603 -0.012206 -0.000000 -0.009312 0.011973 0.999885 -0.000000 0.000000 0.000000 0.000000 1.000000</float_array><technique_common><accessor source="#jnt_height-Matrix-animation-output-transform-array" count="15" stride="16"><param type="float4x4"/></accessor></technique_common></source><source id="jnt_height-Interpolations"><Name_array id="jnt_height-Interpolations-array" count="15">
 LINEAR LINEAR LINEAR LINEAR LINEAR LINEAR LINEAR LINEAR LINEAR LINEAR LINEAR
LINEAR LINEAR LINEAR LINEAR</Name_array><technique_common><accessor source="#jnt_height-Interpolations-array" count="15"><param type="name"/></accessor></technique_common></source><sampler id="jnt_height-Matrix-animation-transform"><input semantic="INPUT" source="#jnt_height-Matrix-animation-input"/><input semantic="OUTPUT" source="#jnt_height-Matrix-animation-output-transform"/><input semantic="INTERPOLATION" source="#jnt_height-Interpolations"/></sampler><channel source="#jnt_height-Matrix-animation-transform" target="jnt_height/matrix"/></animation></animation>
    <animation id="jnt_spine1-anim" name="jnt_spine1"><animation><source id="jnt_spine1-Matrix-animation-input"><float_array id="jnt_spine1-Matrix-animation-input-array" count="15">

0.000000 0.033333 0.066667 0.100000 0.133333 0.166667 0.200000 0.233333 0.266667 0.300000 0.333333 0.366667 0.400000 0.433333 0.466667</float_array><technique_common><accessor source="#jnt_spine1-Matrix-animation-input-array" count="15"><param name="TIME" type="float"/></accessor></technique_common></source><source id="jnt_spine1-Matrix-animation-output-transform"><float_array id="jnt_spine1-Matrix-animation-output-transform-array" count="240">

0.013650 -0.177446 0.984036 -0.040730 0.999704 -0.017413 -0.017007 0.208263 0.020153 0.983977 0.177155 0.041376 0.000000 0.000000 0.000000 1.000000
0.013956 -0.160026 0.987015 -0.040764 0.999715 -0.016921 -0.016879 0.208345 0.019402 0.986968 0.159744 0.041133 0.000000 0.000000 0.000000 1.000000
0.014698 -0.114894 0.993269 -0.040852 0.999739 -0.015681 -0.016608 0.208556 0.017484 0.993254 0.114634 0.040507 0.000000 0.000000 0.000000 1.000000
0.015582 -0.052915 0.998478 -0.040971 0.999768 -0.014065 -0.016347 0.208843 0.014909 0.998501 0.052683 0.039654 0.000000 0.000000 0.000000 1.000000
0.016367 0.014493 0.999762 -0.041101 0.999793 -0.012364 -0.016188 0.209153 0.012127 0.999819 -0.014692 0.038730 0.000000 0.000000 0.000000 1.000000
0.016957 0.075647 0.996991 -0.041218 0.999812 -0.010729 -0.016191 0.209436 0.009472 0.997077 -0.075815 0.037889 0.000000 0.000000 0.000000 1.000000
0.017366 0.120496 0.992562 -0.041305 0.999824 -0.009190 -0.016378 0.209645 0.007149 0.992671 -0.120635 0.037269 0.000000 0.000000 0.000000 1.000000
0.017448 0.144510 0.989350 -0.041352 0.999834 -0.007739 -0.016503 0.209756 0.005272 0.989473 -0.144621 0.036937 0.000000 0.000000 0.000000 1.000000
0.017098 0.147772 0.988874 -0.041346 0.999846 -0.006381 -0.016334 0.209744 0.003896 0.989001 -0.147859 0.036974 0.000000 0.000000 0.000000 1.000000
0.016658 0.147866 0.988868 -0.041265 0.999858 -0.005125 -0.016077 0.209548 0.002691 0.988994 -0.147930 0.037556 0.000000 0.000000 0.000000 1.000000
0.016220 0.147930 0.988865 -0.041126 0.999867 -0.003999 -0.015803 0.209215 0.001617 0.988990 -0.147976 0.038545 0.000000 0.000000 0.000000 1.000000
0.015811 0.147973 0.988865 -0.040956 0.999875 -0.003029 -0.015534 0.208806 0.000697 0.988987 -0.148002 0.039761 0.000000 0.000000 0.000000 1.000000
0.015453 0.147997 0.988868 -0.040779 0.999881 -0.002236 -0.015290 0.208382 -0.000052 0.988986 -0.148014 0.041022 0.000000 0.000000 0.000000 1.000000
0.015169 0.148008 0.988870 -0.040622 0.999885 -0.001642 -0.015092 0.208004 -0.000610 0.988985 -0.148016 0.042148 0.000000 0.000000 0.000000 1.000000
0.014982 0.148012 0.988872 -0.040509 0.999888 -0.001267 -0.014959 0.207732 -0.000961 0.988985 -0.148014 0.042956 0.000000 0.000000 0.000000 1.000000</float_array><technique_common><accessor source="#jnt_spine1-Matrix-animation-output-transform-array" count="15" stride="16"><param type="float4x4"/></accessor></technique_common></source><source id="jnt_spine1-Interpolations"><Name_array id="jnt_spine1-Interpolations-array" count="15">
 LINEAR LINEAR LINEAR LINEAR LINEAR LINEAR LINEAR LINEAR LINEAR LINEAR LINEAR
LINEAR LINEAR LINEAR LINEAR</Name_array><technique_common><accessor source="#jnt_spine1-Interpolations-array" count="15"><param type="name"/></accessor></technique_common></source><sampler id="jnt_spine1-Matrix-animation-transform"><input semantic="INPUT" source="#jnt_spine1-Matrix-animation-input"/><input semantic="OUTPUT" source="#jnt_spine1-Matrix-animation-output-transform"/><input semantic="INTERPOLATION" source="#jnt_spine1-Interpolations"/></sampler><channel source="#jnt_spine1-Matrix-animation-transform" target="jnt_spine1/matrix"/></animation></animation>
    <animation id="jnt_spine2-anim" name="jnt_spine2"><animation><source id="jnt_spine2-Matrix-animation-input"><float_array id="jnt_spine2-Matrix-animation-input-array" count="15">

0.000000 0.033333 0.066667 0.100000 0.133333 0.166667 0.200000 0.233333 0.266667 0.300000 0.333333 0.366667 0.400000 0.433333 0.466667</float_array><technique_common><accessor source="#jnt_spine2-Matrix-animation-input-array" count="15"><param name="TIME" type="float"/></accessor></technique_common></source><source id="jnt_spine2-Matrix-animation-output-transform"><float_array id="jnt_spine2-Matrix-animation-output-transform-array" count="240">

0.996460 0.080139 -0.025403 0.354983 -0.080339 0.996743 -0.006961 0.078525 0.024763 0.008977 0.999653 0.012378 0.000000 0.000000 0.000000 1.000000
0.996474 0.080096 -0.024991 0.354983 -0.080289 0.996748 -0.006796 0.078525 0.024365 0.008778 0.999665 0.012378 0.000000 0.000000 0.000000 1.000000
0.996503 0.080031 -0.024033 0.354983 -0.080206 0.996757 -0.006407 0.078525 0.023442 0.008312 0.999691 0.012378 0.000000 0.000000 0.000000 1.000000
0.996526 0.080058 -0.022947 0.354984 -0.080214 0.996760 -0.005952 0.078525 0.022397 0.007772 0.999719 0.012378 0.000000 0.000000 0.000000 1.000000
0.996530 0.080251 -0.022059 0.354984 -0.080391 0.996748 -0.005555 0.078525 0.021541 0.007309 0.999741 0.012378 0.000000 0.000000 0.000000 1.000000
0.996514 0.080581 -0.021573 0.354984 -0.080713 0.996723 -0.005306 0.078525 0.021074 0.007028 0.999753 0.012378 0.000000 0.000000 0.000000 1.000000
0.996488 0.080911 -0.021554 0.354984 -0.081042 0.996697 -0.005251 0.078525 0.021058 0.006980 0.999754 0.012378 0.000000 0.000000 0.000000 1.000000
0.996468 0.081096 -0.021784 0.354983 -0.081230 0.996681 -0.005320 0.078525 0.021281 0.007071 0.999749 0.012378 0.000000 0.000000 0.000000 1.000000
0.996468 0.081027 -0.022024 0.354983 -0.081165 0.996686 -0.005426 0.078525 0.021511 0.007194 0.999743 0.012378 0.000000 0.000000 0.000000 1.000000
0.996480 0.080841 -0.022192 0.354983 -0.080982 0.996700 -0.005518 0.078525 0.021672 0.007296 0.999738 0.012378 0.000000 0.000000 0.000000 1.000000
0.996498 0.080592 -0.022299 0.354983 -0.080735 0.996720 -0.005594 0.078525 0.021775 0.007374 0.999736 0.012378 0.000000 0.000000 0.000000 1.000000
0.996519 0.080310 -0.022358 0.354984 -0.080455 0.996742 -0.005654 0.078525 0.021831 0.007433 0.999734 0.012378 0.000000 0.000000 0.000000 1.000000
0.996541 0.080030 -0.022382 0.354983 -0.080176 0.996764 -0.005700 0.078525 0.021854 0.007475 0.999733 0.012378 0.000000 0.000000 0.000000 1.000000
0.996561 0.079788 -0.022384 0.354983 -0.079935 0.996783 -0.005732 0.078525 0.021855 0.007502 0.999733 0.012378 0.000000 0.000000 0.000000 1.000000
0.996574 0.079618 -0.022376 0.354983 -0.079765 0.996797 -0.005751 0.078525 0.021846 0.007516 0.999733 0.012378 0.000000 0.000000 0.000000 1.000000</float_array><technique_common><accessor source="#jnt_spine2-Matrix-animation-output-transform-array" count="15" stride="16"><param type="float4x4"/></accessor></technique_common></source><source id="jnt_spine2-Interpolations"><Name_array id="jnt_spine2-Interpolations-array" count="15">
 LINEAR LINEAR LINEAR LINEAR LINEAR LINEAR LINEAR LINEAR LINEAR LINEAR LINEAR
LINEAR LINEAR LINEAR LINEAR</Name_array><technique_common><accessor source="#jnt_spine2-Interpolations-array" count="15"><param type="name"/></accessor></technique_common></source><sampler id="jnt_spine2-Matrix-animation-transform"><input semantic="INPUT" source="#jnt_spine2-Matrix-animation-input"/><input semantic="OUTPUT" source="#jnt_spine2-Matrix-animation-output-transform"/><input semantic="INTERPOLATION" source="#jnt_spine2-Interpolations"/></sampler><channel source="#jnt_spine2-Matrix-animation-transform" target="jnt_spine2/matrix"/></animation></animation>
    <animation id="jnt_spine3-anim" name="jnt_spine3"><animation><source id="jnt_spine3-Matrix-animation-input"><float_array id="jnt_spine3-Matrix-animation-input-array" count="15">

0.000000 0.033333 0.066667 0.100000 0.133333 0.166667 0.200000 0.233333 0.266667 0.300000 0.333333 0.366667 0.400000 0.433333 0.466667</float_array><technique_common><accessor source="#jnt_spine3-Matrix-animation-input-array" count="15"><param name="TIME" type="float"/></accessor></technique_common></source><source id="jnt_spine3-Matrix-animation-output-transform"><float_array id="jnt_spine3-Matrix-animation-output-transform-array" count="240">

0.982397 0.186802 0.000910 0.727645 -0.186804 0.982375 0.006561 0.078480 0.000332 -0.006615 0.999978 -0.093513 0.000000 0.000000 0.000000 1.000000
0.982577 0.185852 0.000907 0.727646 -0.185855 0.982555 0.006591 0.078480 0.000334 -0.006645 0.999978 -0.093513 0.000000 0.000000 0.000000 1.000000
0.982926 0.184000 0.000908 0.727646 -0.184002 0.982903 0.006708 0.078480 0.000341 -0.006761 0.999977 -0.093513 0.000000 0.000000 0.000000 1.000000
0.983131 0.182900 0.000929 0.727645 -0.182902 0.983106 0.006971 0.078480 0.000361 -0.007023 0.999975 -0.093513 0.000000 0.000000 0.000000 1.000000
0.982978 0.183720 0.000981 0.727646 -0.183723 0.982950 0.007411 0.078480 0.000398 -0.007465 0.999972 -0.093513 0.000000 0.000000 0.000000 1.000000
0.982418 0.186689 0.001060 0.727646 -0.186692 0.982386 0.007980 0.078479 0.000449 -0.008038 0.999967 -0.093513 0.000000 0.000000 0.000000 1.000000
0.981571 0.191093 0.001152 0.727645 -0.191095 0.981534 0.008562 0.078480 0.000505 -0.008624 0.999963 -0.093513 0.000000 0.000000 0.000000 1.000000
0.980655 0.195740 0.001242 0.727645 -0.195744 0.980613 0.009083 0.078480 0.000560 -0.009151 0.999958 -0.093513 0.000000 0.000000 0.000000 1.000000
0.979891 0.199531 0.001315 0.727645 -0.199535 0.979845 0.009491 0.078480 0.000605 -0.009562 0.999954 -0.093513 0.000000 0.000000 0.000000 1.000000
0.979292 0.202446 0.001373 0.727646 -0.202450 0.979243 0.009811 0.078480 0.000641 -0.009886 0.999951 -0.093513 0.000000 0.000000 0.000000 1.000000
0.978838 0.204632 0.001419 0.727645 -0.204636 0.978786 0.010059 0.078479 0.000670 -0.010137 0.999948 -0.093513 0.000000 0.000000 0.000000 1.000000
0.978512 0.206184 0.001452 0.727645 -0.206188 0.978458 0.010242 0.078480 0.000691 -0.010322 0.999946 -0.093513 0.000000 0.000000 0.000000 1.000000
0.978295 0.207208 0.001475 0.727645 -0.207212 0.978241 0.010369 0.078480 0.000706 -0.010450 0.999945 -0.093513 0.000000 0.000000 0.000000 1.000000
0.978169 0.207805 0.001489 0.727645 -0.207809 0.978113 0.010449 0.078480 0.000715 -0.010530 0.999944 -0.093513 0.000000 0.000000 0.000000 1.000000
0.978110 0.208082 0.001496 0.727646 -0.208087 0.978054 0.010489 0.078480 0.000720 -0.010571 0.999944 -0.093513 0.000000 0.000000 0.000000 1.000000</float_array><technique_common><accessor source="#jnt_spine3-Matrix-animation-output-transform-array" count="15" stride="16"><param type="float4x4"/></accessor></technique_common></source><source id="jnt_spine3-Interpolations"><Name_array id="jnt_spine3-Interpolations-array" count="15">
 LINEAR LINEAR LINEAR LINEAR LINEAR LINEAR LINEAR LINEAR LINEAR LINEAR LINEAR
LINEAR LINEAR LINEAR LINEAR</Name_array><technique_common><accessor source="#jnt_spine3-Interpolations-array" count="15"><param type="name"/></accessor></technique_common></source><sampler id="jnt_spine3-Matrix-animation-transform"><input semantic="INPUT" source="#jnt_spine3-Matrix-animation-input"/><input semantic="OUTPUT" source="#jnt_spine3-Matrix-animation-output-transform"/><input semantic="INTERPOLATION" source="#jnt_spine3-Interpolations"/></sampler><channel source="#jnt_spine3-Matrix-animation-transform" target="jnt_spine3/matrix"/></animation></animation>
    <animation id="jnt_neck-anim" name="jnt_neck"><animation><source id="jnt_neck-Matrix-animation-input"><float_array id="jnt_neck-Matrix-animation-input-array" count="15">

0.000000 0.033333 0.066667 0.100000 0.133333 0.166667 0.200000 0.233333 0.266667 0.300000 0.333333 0.366667 0.400000 0.433333 0.466667</float_array><technique_common><accessor source="#jnt_neck-Matrix-animation-input-array" count="15"><param name="TIME" type="float"/></accessor></technique_common></source><source id="jnt_neck-Matrix-animation-output-transform"><float_array id="jnt_neck-Matrix-animation-output-transform-array" count="240">

0.984732 -0.158556 0.071854 0.713625 0.170016 0.964642 -0.201396 0.262967 -0.037381 0.210538 0.976871 -0.065390 0.000000 0.000000 0.000000 1.000000
0.984641 -0.160467 0.068789 0.713625 0.170722 0.967419 -0.186960 0.262967 -0.036547 0.195833 0.979956 -0.065390 0.000000 0.000000 0.000000 1.000000
0.984385 -0.164976 0.061385 0.713624 0.172502 0.973553 -0.149795 0.262967 -0.035049 0.158045 0.986810 -0.065390 0.000000 0.000000 0.000000 1.000000
0.984006 -0.170290 0.052274 0.713625 0.174798 0.979588 -0.099266 0.262967 -0.034303 0.106816 0.993687 -0.065390 0.000000 0.000000 0.000000 1.000000
0.983580 -0.175033 0.043964 0.713625 0.176985 0.983170 -0.045306 0.262967 -0.035294 0.052343 0.998005 -0.065390 0.000000 0.000000 0.000000 1.000000
0.983172 -0.178486 0.038935 0.713625 0.178552 0.983929 0.001828 0.262967 -0.038635 0.005155 0.999240 -0.065390 0.000000 0.000000 0.000000 1.000000
0.982802 -0.180524 0.038867 0.713625 0.179291 0.983237 0.033180 0.262967 -0.044205 -0.025641 0.998693 -0.065390 0.000000 0.000000 0.000000 1.000000
0.982536 -0.181319 0.041800 0.713626 0.179471 0.982760 0.044420 0.262967 -0.049134 -0.036143 0.998138 -0.065390 0.000000 0.000000 0.000000 1.000000
0.982444 -0.181016 0.045135 0.713625 0.179505 0.983114 0.035564 0.262967 -0.050811 -0.026838 0.998348 -0.065390 0.000000 0.000000 0.000000 1.000000
0.982292 -0.181106 0.048007 0.713625 0.180139 0.983353 0.023792 0.262967 -0.051517 -0.014723 0.998564 -0.065390 0.000000 0.000000 0.000000 1.000000
0.982060 -0.181690 0.050457 0.713625 0.181282 0.983350 0.012589 0.262967 -0.051904 -0.003216 0.998647 -0.065390 0.000000 0.000000 0.000000 1.000000
0.981790 -0.182576 0.052492 0.713625 0.182703 0.983165 0.002416 0.262967 -0.052049 0.007218 0.998618 -0.065390 0.000000 0.000000 0.000000 1.000000
0.981513 -0.183586 0.054106 0.713625 0.184185 0.982871 -0.006270 0.262967 -0.052028 0.016120 0.998515 -0.065390 0.000000 0.000000 0.000000 1.000000
0.981270 -0.184532 0.055286 0.713624 0.185508 0.982556 -0.013024 0.262967 -0.051918 0.023036 0.998386 -0.065390 0.000000 0.000000 0.000000 1.000000
0.981097 -0.185232 0.056010 0.713625 0.186454 0.982309 -0.017401 0.262967 -0.051795 0.027515 0.998278 -0.065390 0.000000 0.000000 0.000000 1.000000</float_array><technique_common><accessor source="#jnt_neck-Matrix-animation-output-transform-array" count="15" stride="16"><param type="float4x4"/></accessor></technique_common></source><source id="jnt_neck-Interpolations"><Name_array id="jnt_neck-Interpolations-array" count="15">
 LINEAR LINEAR LINEAR LINEAR LINEAR LINEAR LINEAR LINEAR LINEAR LINEAR LINEAR
LINEAR LINEAR LINEAR LINEAR</Name_array><technique_common><accessor source="#jnt_neck-Interpolations-array" count="15"><param type="name"/></accessor></technique_common></source><sampler id="jnt_neck-Matrix-animation-transform"><input semantic="INPUT" source="#jnt_neck-Matrix-animation-input"/><input semantic="OUTPUT" source="#jnt_neck-Matrix-animation-output-transform"/><input semantic="INTERPOLATION" source="#jnt_neck-Interpolations"/></sampler><channel source="#jnt_neck-Matrix-animation-transform" target="jnt_neck/matrix"/></animation></animation>
    <animation id="jnt_head-anim" name="jnt_head"><animation><source id="jnt_head-Matrix-animation-input"><float_array id="jnt_head-Matrix-animation-input-array" count="15">

0.000000 0.033333 0.066667 0.100000 0.133333 0.166667 0.200000 0.233333 0.266667 0.300000 0.333333 0.366667 0.400000 0.433333 0.466667</float_array><technique_common><accessor source="#jnt_head-Matrix-animation-input-array" count="15"><param name="TIME" type="float"/></accessor></technique_common></source><source id="jnt_head-Matrix-animation-output-transform"><float_array id="jnt_head-Matrix-animation-output-transform-array" count="240">

0.969368 -0.244318 0.025193 0.273591 0.240600 0.965191 0.102551 0.000002 -0.049371 -0.093348 0.994408 -0.000000 0.000000 0.000000 0.000000 1.000000
0.969704 -0.243044 0.024563 0.273591 0.239445 0.965596 0.101439 0.000002 -0.048372 -0.092484 0.994538 -0.000000 0.000000 0.000000 0.000000 1.000000
0.970573 -0.239725 0.022802 0.273591 0.236450 0.966660 0.098283 0.000002 -0.045602 -0.089999 0.994897 -0.000000 0.000000 0.000000 0.000000 1.000000
0.971753 -0.235141 0.020096 0.273591 0.232337 0.968146 0.093348 0.000002 -0.041405 -0.086043 0.995431 0.000000 0.000000 0.000000 0.000000 1.000000
0.973069 -0.229905 0.016722 0.273590 0.227654 0.969859 0.086875 0.000002 -0.036191 -0.080729 0.996079 -0.000000 0.000000 0.000000 0.000000 1.000000
0.974426 -0.224328 0.013069 0.273591 0.222637 0.971689 0.079082 0.000002 -0.030440 -0.074150 0.996782 -0.000000 0.000000 0.000000 0.000000 1.000000
0.975797 -0.218457 0.009887 0.273590 0.217255 0.973597 0.070065 0.000002 -0.024932 -0.066221 0.997493 -0.000000 0.000000 0.000000 0.000000 1.000000
0.977159 -0.212310 0.009157 0.273592 0.211412 0.975589 0.059428 0.000002 -0.021551 -0.056135 0.998190 -0.000000 0.000000 0.000000 0.000000 1.000000
0.978508 -0.205836 0.012348 0.273591 0.205057 0.977622 0.046979 0.000002 -0.021741 -0.043437 0.998820 -0.000000 0.000000 0.000000 0.000000 1.000000
0.979882 -0.198918 0.016233 0.273591 0.198279 0.979542 0.034408 0.000002 -0.022746 -0.030497 0.999276 -0.000000 0.000000 0.000000 0.000000 1.000000
0.981212 -0.191896 0.019935 0.273591 0.191446 0.981246 0.022459 0.000002 -0.023871 -0.018220 0.999549 -0.000000 0.000000 0.000000 0.000000 1.000000
0.982428 -0.185187 0.023261 0.273591 0.184959 0.982677 0.011613 0.000002 -0.025009 -0.007106 0.999662 0.000000 0.000000 0.000000 0.000000 1.000000
0.983464 -0.179215 0.026057 0.273590 0.179215 0.983807 0.002349 0.000002 -0.026056 0.002360 0.999658 -0.000000 0.000000 0.000000 0.000000 1.000000
0.984269 -0.174415 0.028198 0.273591 0.174617 0.984624 -0.004856 0.000002 -0.026917 0.009704 0.999591 0.000000 0.000000 0.000000 0.000000 1.000000
0.984789 -0.171221 0.029570 0.273592 0.171565 0.985127 -0.009528 0.000002 -0.027499 0.014457 0.999517 -0.000000 0.000000 0.000000 0.000000 1.000000</float_array><technique_common><accessor source="#jnt_head-Matrix-animation-output-transform-array" count="15" stride="16"><param type="float4x4"/></accessor></technique_common></source><source id="jnt_head-Interpolations"><Name_array id="jnt_head-Interpolations-array" count="15">
 LINEAR LINEAR LINEAR LINEAR LINEAR LINEAR LINEAR LINEAR LINEAR LINEAR LINEAR
LINEAR LINEAR LINEAR LINEAR</Name_array><technique_common><accessor source="#jnt_head-Interpolations-array" count="15"><param type="name"/></accessor></technique_common></source><sampler id="jnt_head-Matrix-animation-transform"><input semantic="INPUT" source="#jnt_head-Matrix-animation-input"/><input semantic="OUTPUT" source="#jnt_head-Matrix-animation-output-transform"/><input semantic="INTERPOLATION" source="#jnt_head-Interpolations"/></sampler><channel source="#jnt_head-Matrix-animation-transform" target="jnt_head/matrix"/></animation></animation>
    <animation id="jnt_headappend-anim" name="jnt_headappend"><animation><source id="jnt_headappend-Matrix-animation-input"><float_array id="jnt_headappend-Matrix-animation-input-array" count="15">

0.000000 0.033333 0.066667 0.100000 0.133333 0.166667 0.200000 0.233333 0.266667 0.300000 0.333333 0.366667 0.400000 0.433333 0.466667</float_array><technique_common><accessor source="#jnt_headappend-Matrix-animation-input-array" count="15"><param name="TIME" type="float"/></accessor></technique_common></source><source id="jnt_headappend-Matrix-animation-output-transform"><float_array id="jnt_headappend-Matrix-animation-output-transform-array" count="240">

1.000000 0.000000 -0.000000 -0.000000 -0.000000 1.000000 0.000000 0.000000 0.000000 -0.000000 1.000000 0.000000 0.000000 0.000000 0.000000 1.000000
1.000000 0.000000 -0.000000 -0.000000 -0.000000 1.000000 0.000000 0.000000 0.000000 -0.000000 1.000000 -0.000000 0.000000 0.000000 0.000000 1.000000
1.000000 0.000000 -0.000000 -0.000000 -0.000000 1.000000 -0.000000 -0.000000 0.000000 0.000000 1.000000 0.000000 0.000000 0.000000 0.000000 1.000000
1.000000 0.000000 -0.000000 -0.000000 -0.000000 1.000000 -0.000000 0.000000 0.000000 0.000000 1.000000 0.000000 0.000000 0.000000 0.000000 1.000000
1.000000 0.000000 -0.000000 -0.000001 -0.000000 1.000000 -0.000000 0.000000 0.000000 0.000000 1.000000 -0.000000 0.000000 0.000000 0.000000 1.000000
1.000000 0.000000 -0.000000 -0.000000 -0.000000 1.000000 -0.000000 0.000000 0.000000 0.000000 1.000000 0.000000 0.000000 0.000000 0.000000 1.000000
1.000000 0.000000 -0.000000 -0.000000 -0.000000 1.000000 0.000000 0.000000 0.000000 -0.000000 1.000000 0.000000 0.000000 0.000000 0.000000 1.000000
1.000000 0.000000 -0.000000 -0.000000 -0.000000 1.000000 0.000000 0.000000 0.000000 -0.000000 1.000000 -0.000000 0.000000 0.000000 0.000000 1.000000
