<?xml version="1.0" encoding="utf-8"?>
<COLLADA xmlns="http://www.collada.org/2005/11/COLLADASchema" version="1.4.1">
  <asset><contributor><author></author><authoring_tool>FBX COLLADA exporter</authoring_tool><comments></comments></contributor><created>2023-07-19T21:20:02Z</created><keywords></keywords><modified>2023-07-19T21:20:02Z</modified><revision></revision><subject></subject><title></title><unit meter="0.010000" name="centimeter"></unit><up_axis>Y_UP</up_axis></asset>
  <library_animations>
    <animation id="Character-anim" name="Character"><animation><source id="Character-Matrix-animation-input"><float_array id="Character-Matrix-animation-input-array" count="15">

0.000000 0.033333 0.066667 0.100000 0.133333 0.166667 0.200000 0.233333 0.266667 0.300000 0.333333 0.366667 0.400000 0.433333 0.466667</float_array><technique_common><accessor source="#Character-Matrix-animation-input-array" count="15"><param name="TIME" type="float"/></accessor></technique_common></source><source id="Character-Matrix-animation-output-transform"><float_array id="Character-Matrix-animation-output-transform-array" count="240">

1.000000 0.000000 0.000000 0.000000 0.000000 1.000000 -0.000000 0.000000 0.000000 0.000000 1.000000 0.000000 0.000000 0.000000 0.000000 1.000000
1.000000 0.000000 0.000000 0.000000 0.000000 1.000000 -0.000000 0.000000 0.000000 0.000000 1.000000 0.000000 0.000000 0.000000 0.000000 1.000000
1.000000 0.000000 0.000000 0.000000 0.000000 1.000000 -0.000000 0.000000 0.000000 0.000000 1.000000 0.000000 0.000000 0.000000 0.000000 1.000000
1.000000 0.000000 0.000000 0.000000 0.000000 1.000000 -0.000000 0.000000 0.000000 0.000000 1.000000 0.000000 0.000000 0.000000 0.000000 1.000000
1.000000 0.000000 0.000000 0.000000 0.000000 1.000000 -0.000000 0.000000 0.000000 0.000000 1.000000 0.000000 0.000000 0.000000 0.000000 1.000000
1.000000 0.000000 0.000000 0.000000 0.000000 1.000000 -0.000000 0.000000 0.000000 0.000000 1.000000 0.000000 0.000000 0.000000 0.000000 1.000000
1.000000 0.000000 0.000000 0.000000 0.000000 1.000000 -0.000000 0.000000 0.000000 0.000000 1.000000 0.000000 0.000000 0.000000 0.000000 1.000000
1.000000 0.000000 0.000000 0.000000 0.000000 1.000000 -0.000000 0.000000 0.000000 0.000000 1.000000 0.000000 0.000000 0.000000 0.000000 1.000000
1.000000 0.000000 0.000000 0.000000 0.000000 1.000000 -0.000000 0.000000 0.000000 0.000000 1.000000 0.000000 0.000000 0.000000 0.000000 1.000000
1.000000 0.000000 0.000000 0.000000 0.000000 1.000000 -0.000000 0.000000 0.000000 0.000000 1.000000 0.000000 0.000000 0.000000 0.000000 1.000000
1.000000 0.000000 0.000000 0.000000 0.000000 1.000000 -0.000000 0.000000 0.000000 0.000000 1.000000 0.000000 0.000000 0.000000 0.000000 1.000000
1.000000 0.000000 0.000000 0.000000 0.000000 1.000000 -0.000000 0.000000 0.000000 0.000000 1.000000 0.000000 0.000000 0.000000 0.000000 1.000000
1.000000 0.000000 0.000000 0.000000 0.000000 1.000000 -0.000000 0.000000 0.000000 0.000000 1.000000 0.000000 0.000000 0.000000 0.000000 1.000000
1.000000 0.000000 0.000000 0.000000 0.000000 1.000000 -0.000000 0.000000 0.000000 0.000000 1.000000 0.000000 0.000000 0.000000 0.000000 1.000000
1.000000 0.000000 0.000000 0.000000 0.000000 1.000000 -0.000000 0.000000 0.000000 0.000000 1.000000 0.000000 0.000000 0.000000 0.000000 1.000000</float_array><technique_common><accessor source="#Character-Matrix-animation-output-transform-array" count="15" stride="16"><param type="float4x4"/></accessor></technique_common></source><source id="Character-Interpolations"><Name_array id="Character-Interpolations-array" count="15">
 LINEAR LINEAR LINEAR LINEAR LINEAR LINEAR LINEAR LINEAR LINEAR LINEAR LINEAR
LINEAR LINEAR LINEAR LINEAR</Name_array><technique_common><accessor source="#Character-Interpolations-array" count="15"><param type="name"/></accessor></technique_common></source><sampler id="Character-Matrix-animation-transform"><input semantic="INPUT" source="#Character-Matrix-animation-input"/><input semantic="OUTPUT" source="#Character-Matrix-animation-output-transform"/><input semantic="INTERPOLATION" source="#Character-Interpolations"/></sampler><channel source="#Character-Matrix-animation-transform" target="Character/matrix"/></animation></animation>
    <animation id="HIK_root_jnt-anim" name="HIK_root_jnt"><animation><source id="HIK_root_jnt-Matrix-animation-input"><float_array id="HIK_root_jnt-Matrix-animation-input-array" count="15">

0.000000 0.033333 0.066667 0.100000 0.133333 0.166667 0.200000 0.233333 0.266667 0.300000 0.333333 0.366667 0.400000 0.433333 0.466667</float_array><technique_common><accessor source="#HIK_root_jnt-Matrix-animation-input-array" count="15"><param name="TIME" type="float"/></accessor></technique_common></source><source id="HIK_root_jnt-Matrix-animation-output-transform"><float_array id="HIK_root_jnt-Matrix-animation-output-transform-array" count="240">

1.000000 0.000000 0.000000 0.000000 0.000000 1.000000 -0.000000 0.000000 0.000000 0.000000 1.000000 0.000000 0.000000 0.000000 0.000000 1.000000
1.000000 0.000000 0.000000 0.000000 0.000000 1.000000 -0.000000 0.000000 0.000000 0.000000 1.000000 0.000000 0.000000 0.000000 0.000000 1.000000
1.000000 0.000000 0.000000 0.000000 0.000000 1.000000 -0.000000 0.000000 0.000000 0.000000 1.000000 0.000000 0.000000 0.000000 0.000000 1.000000
1.000000 0.000000 0.000000 0.000000 0.000000 1.000000 -0.000000 0.000000 0.000000 0.000000 1.000000 0.000000 0.000000 0.000000 0.000000 1.000000
1.000000 0.000000 0.000000 0.000000 0.000000 1.000000 -0.000000 0.000000 0.000000 0.000000 1.000000 0.000000 0.000000 0.000000 0.000000 1.000000
1.000000 0.000000 0.000000 0.000000 0.000000 1.000000 -0.000000 0.000000 0.000000 0.000000 1.000000 0.000000 0.000000 0.000000 0.000000 1.000000
1.000000 0.000000 0.000000 0.000000 0.000000 1.000000 -0.000000 0.000000 0.000000 0.000000 1.000000 0.000000 0.000000 0.000000 0.000000 1.000000
1.000000 0.000000 0.000000 0.000000 0.000000 1.000000 -0.000000 0.000000 0.000000 0.000000 1.000000 0.000000 0.000000 0.000000 0.000000 1.000000
1.000000 0.000000 0.000000 0.000000 0.000000 1.000000 -0.000000 0.000000 0.000000 0.000000 1.000000 0.000000 0.000000 0.000000 0.000000 1.000000
1.000000 0.000000 0.000000 0.000000 0.000000 1.000000 -0.000000 0.000000 0.000000 0.000000 1.000000 0.000000 0.000000 0.000000 0.000000 1.000000
1.000000 0.000000 0.000000 0.000000 0.000000 1.000000 -0.000000 0.000000 0.000000 0.000000 1.000000 0.000000 0.000000 0.000000 0.000000 1.000000
1.000000 0.000000 0.000000 0.000000 0.000000 1.000000 -0.000000 0.000000 0.000000 0.000000 1.000000 0.000000 0.000000 0.000000 0.000000 1.000000
1.000000 0.000000 0.000000 0.000000 0.000000 1.000000 -0.000000 0.000000 0.000000 0.000000 1.000000 0.000000 0.000000 0.000000 0.000000 1.000000
1.000000 0.000000 0.000000 0.000000 0.000000 1.000000 -0.000000 0.000000 0.000000 0.000000 1.000000 0.000000 0.000000 0.000000 0.000000 1.000000
1.000000 0.000000 0.000000 0.000000 0.000000 1.000000 -0.000000 0.000000 0.000000 0.000000 1.000000 0.000000 0.000000 0.000000 0.000000 1.000000</float_array><technique_common><accessor source="#HIK_root_jnt-Matrix-animation-output-transform-array" count="15" stride="16"><param type="float4x4"/></accessor></technique_common></source><source id="HIK_root_jnt-Interpolations"><Name_array id="HIK_root_jnt-Interpolations-array" count="15">
 LINEAR LINEAR LINEAR LINEAR LINEAR LINEAR LINEAR LINEAR LINEAR LINEAR LINEAR
LINEAR LINEAR LINEAR LINEAR</Name_array><technique_common><accessor source="#HIK_root_jnt-Interpolations-array" count="15"><param type="name"/></accessor></technique_common></source><sampler id="HIK_root_jnt-Matrix-animation-transform"><input semantic="INPUT" source="#HIK_root_jnt-Matrix-animation-input"/><input semantic="OUTPUT" source="#HIK_root_jnt-Matrix-animation-output-transform"/><input semantic="INTERPOLATION" source="#HIK_root_jnt-Interpolations"/></sampler><channel source="#HIK_root_jnt-Matrix-animation-transform" target="HIK_root_jnt/matrix"/></animation></animation>
    <animation id="root_jnt-anim" name="root_jnt"><animation><source id="root_jnt-Matrix-animation-input"><float_array id="root_jnt-Matrix-animation-input-array" count="15">

0.000000 0.033333 0.066667 0.100000 0.133333 0.166667 0.200000 0.233333 0.266667 0.300000 0.333333 0.366667 0.400000 0.433333 0.466667</float_array><technique_common><accessor source="#root_jnt-Matrix-animation-input-array" count="15"><param name="TIME" type="float"/></accessor></technique_common></source><source id="root_jnt-Matrix-animation-output-transform"><float_array id="root_jnt-Matrix-animation-output-transform-array" count="240">

1.000000 0.000000 0.000000 0.000000 0.000000 1.000000 -0.000000 0.000000 0.000000 0.000000 1.000000 0.000000 0.000000 0.000000 0.000000 1.000000
1.000000 0.000000 0.000000 0.000000 0.000000 1.000000 -0.000000 0.000000 0.000000 0.000000 1.000000 0.000000 0.000000 0.000000 0.000000 1.000000
1.000000 0.000000 0.000000 0.000000 0.000000 1.000000 -0.000000 0.000000 0.000000 0.000000 1.000000 0.000000 0.000000 0.000000 0.000000 1.000000
1.000000 0.000000 0.000000 0.000000 0.000000 1.000000 -0.000000 0.000000 0.000000 0.000000 1.000000 0.000000 0.000000 0.000000 0.000000 1.000000
1.000000 0.000000 0.000000 0.000000 0.000000 1.000000 -0.000000 0.000000 0.000000 0.000000 1.000000 0.000000 0.000000 0.000000 0.000000 1.000000
1.000000 0.000000 0.000000 0.000000 0.000000 1.000000 -0.000000 0.000000 0.000000 0.000000 1.000000 0.000000 0.000000 0.000000 0.000000 1.000000
1.000000 0.000000 0.000000 0.000000 0.000000 1.000000 -0.000000 0.000000 0.000000 0.000000 1.000000 0.000000 0.000000 0.000000 0.000000 1.000000
1.000000 0.000000 0.000000 0.000000 0.000000 1.000000 -0.000000 0.000000 0.000000 0.000000 1.000000 0.000000 0.000000 0.000000 0.000000 1.000000
1.000000 0.000000 0.000000 0.000000 0.000000 1.000000 -0.000000 0.000000 0.000000 0.000000 1.000000 0.000000 0.000000 0.000000 0.000000 1.000000
1.000000 0.000000 0.000000 0.000000 0.000000 1.000000 -0.000000 0.000000 0.000000 0.000000 1.000000 0.000000 0.000000 0.000000 0.000000 1.000000
1.000000 0.000000 0.000000 0.000000 0.000000 1.000000 -0.000000 0.000000 0.000000 0.000000 1.000000 0.000000 0.000000 0.000000 0.000000 1.000000
1.000000 0.000000 0.000000 0.000000 0.000000 1.000000 -0.000000 0.000000 0.000000 0.000000 1.000000 0.000000 0.000000 0.000000 0.000000 1.000000
1.000000 0.000000 0.000000 0.000000 0.000000 1.000000 -0.000000 0.000000 0.000000 0.000000 1.000000 0.000000 0.000000 0.000000 0.000000 1.000000
1.000000 0.000000 0.000000 0.000000 0.000000 1.000000 -0.000000 0.000000 0.000000 0.000000 1.000000 0.000000 0.000000 0.000000 0.000000 1.000000
1.000000 0.000000 0.000000 0.000000 0.000000 1.000000 -0.000000 0.000000 0.000000 0.000000 1.000000 0.000000 0.000000 0.000000 0.000000 1.000000</float_array><technique_common><accessor source="#root_jnt-Matrix-animation-output-transform-array" count="15" stride="16"><param type="float4x4"/></accessor></technique_common></source><source id="root_jnt-Interpolations"><Name_array id="root_jnt-Interpolations-array" count="15">
 LINEAR LINEAR LINEAR LINEAR LINEAR LINEAR LINEAR LINEAR LINEAR LINEAR LINEAR
LINEAR LINEAR LINEAR LINEAR</Name_array><technique_common><accessor source="#root_jnt-Interpolations-array" count="15"><param type="name"/></accessor></technique_common></source><sampler id="root_jnt-Matrix-animation-transform"><input semantic="INPUT" source="#root_jnt-Matrix-animation-input"/><input semantic="OUTPUT" source="#root_jnt-Matrix-animation-output-transform"/><input semantic="INTERPOLATION" source="#root_jnt-Interpolations"/></sampler><channel source="#root_jnt-Matrix-animation-transform" target="root_jnt/matrix"/></animation></animation>
    <animation id="jnt_hips-anim" name="jnt_hips"><animation><source id="jnt_hips-Matrix-animation-input"><float_array id="jnt_hips-Matrix-animation-input-array" count="15">

0.000000 0.033333 0.066667 0.100000 0.133333 0.166667 0.200000 0.233333 0.266667 0.300000 0.333333 0.366667 0.400000 0.433333 0.466667</float_array><technique_common><accessor source="#jnt_hips-Matrix-animation-input-array" count="15"><param name="TIME" type="float"/></accessor></technique_common></source><source id="jnt_hips-Matrix-animation-output-transform"><float_array id="jnt_hips-Matrix-animation-output-transform-array" count="240">

0.978762 0.022389 -0.203773 -0.000000 -0.025393 0.999604 -0.012139 1.941480 0.203420 0.017055 0.978943 -0.247371 0.000000 0.000000 0.000000 1.000000
0.978712 0.021266 -0.204132 -0.000000 -0.024463 0.999614 -0.013149 1.941480 0.203774 0.017863 0.978855 -0.247371 0.000000 0.000000 0.000000 1.000000
0.978639 0.019557 -0.204652 -0.000000 -0.023056 0.999626 -0.014729 1.941480 0.204287 0.019133 0.978724 -0.247371 0.000000 0.000000 0.000000 1.000000
0.978627 0.019260 -0.204739 -0.000000 -0.022814 0.999627 -0.015008 1.941480 0.204373 0.019358 0.978702 -0.247371 0.000000 0.000000 0.000000 1.000000
0.978636 0.019458 -0.204680 -0.000000 -0.022977 0.999626 -0.014828 1.941480 0.204315 0.019214 0.978717 -0.247371 0.000000 0.000000 0.000000 1.000000
0.978650 0.019808 -0.204575 -0.000000 -0.023266 0.999624 -0.014510 1.941480 0.204211 0.018959 0.978743 -0.247371 0.000000 0.000000 0.000000 1.000000
0.978670 0.020263 -0.204437 -0.000000 -0.023642 0.999621 -0.014097 1.941480 0.204074 0.018630 0.978778 -0.247371 0.000000 0.000000 0.000000 1.000000
0.978692 0.020774 -0.204280 -0.000000 -0.024065 0.999617 -0.013635 1.941480 0.203918 0.018261 0.978818 -0.247371 0.000000 0.000000 0.000000 1.000000
0.978715 0.021292 -0.204118 -0.000000 -0.024493 0.999613 -0.013168 1.941480 0.203759 0.017887 0.978858 -0.247371 0.000000 0.000000 0.000000 1.000000
0.978735 0.021764 -0.203969 -0.000000 -0.024883 0.999609 -0.012741 1.941480 0.203612 0.017545 0.978894 -0.247371 0.000000 0.000000 0.000000 1.000000
0.978752 0.022136 -0.203850 -0.000000 -0.025190 0.999606 -0.012398 1.941480 0.203496 0.017270 0.978924 -0.247371 0.000000 0.000000 0.000000 1.000000
0.978761 0.022354 -0.203782 -0.000000 -0.025367 0.999604 -0.012184 1.941480 0.203429 0.017095 0.978940 -0.247371 0.000000 0.000000 0.000000 1.000000
0.978762 0.022396 -0.203773 -0.000000 -0.025395 0.999604 -0.012118 1.941480 0.203420 0.017035 0.978943 -0.247371 0.000000 0.000000 0.000000 1.000000
0.978762 0.022406 -0.203771 -0.000000 -0.025399 0.999604 -0.012084 1.941480 0.203420 0.017003 0.978944 -0.247371 0.000000 0.000000 0.000000 1.000000
0.978762 0.022412 -0.203769 -0.000000 -0.025400 0.999605 -0.012061 1.941480 0.203418 0.016981 0.978945 -0.247371 0.000000 0.000000 0.000000 1.000000</float_array><technique_common><accessor source="#jnt_hips-Matrix-animation-output-transform-array" count="15" stride="16"><param type="float4x4"/></accessor></technique_common></source><source id="jnt_hips-Interpolations"><Name_array id="jnt_hips-Interpolations-array" count="15">
 LINEAR LINEAR LINEAR LINEAR LINEAR LINEAR LINEAR LINEAR LINEAR LINEAR LINEAR
LINEAR LINEAR LINEAR LINEAR</Name_array><technique_common><accessor source="#jnt_hips-Interpolations-array" count="15"><param type="name"/></accessor></technique_common></source><sampler id="jnt_hips-Matrix-animation-transform"><input semantic="INPUT" source="#jnt_hips-Matrix-animation-input"/><input semantic="OUTPUT" source="#jnt_hips-Matrix-animation-output-transform"/><input semantic="INTERPOLATION" source="#jnt_hips-Interpolations"/></sampler><channel source="#jnt_hips-Matrix-animation-transform" target="jnt_hips/matrix"/></animation></animation>
    <animation id="jnt_height-anim" name="jnt_height"><animation><source id="jnt_height-Matrix-animation-input"><float_array id="jnt_height-Matrix-animation-input-array" count="15">

0.000000 0.033333 0.066667 0.100000 0.133333 0.166667 0.200000 0.233333 0.266667 0.300000 0.333333 0.366667 0.400000 0.433333 0.466667</float_array><technique_common><accessor source="#jnt_height-Matrix-animation-input-array" count="15"><param name="TIME" type="float"/></accessor></technique_common></source><source id="jnt_height-Matrix-animation-output-transform"><float_array id="jnt_height-Matrix-animation-output-transform-array" count="240">

0.999635 0.025486 0.008996 0.000000 -0.025376 0.999604 -0.012143 -0.000000 -0.009302 0.011911 0.999886 -0.000000 0.000000 0.000000 0.000000 1.000000
0.999661 0.024560 0.008629 0.000000 -0.024445 0.999614 -0.013154 -0.000000 -0.008949 0.012939 0.999876 0.000000 0.000000 0.000000 0.000000 1.000000
0.999699 0.023158 0.008097 -0.000000 -0.023037 0.999626 -0.014733 0.000000 -0.008435 0.014542 0.999859 -0.000000 0.000000 0.000000 0.000000 1.000000
0.999705 0.022916 0.008008 -0.000000 -0.022794 0.999627 -0.015013 -0.000000 -0.008349 0.014826 0.999855 -0.000000 0.000000 0.000000 0.000000 1.000000
0.999701 0.023078 0.008068 -0.000000 -0.022957 0.999626 -0.014833 -0.000000 -0.008408 0.014643 0.999857 0.000000 0.000000 0.000000 0.000000 1.000000
0.999693 0.023366 0.008175 0.000000 -0.023246 0.999624 -0.014514 0.000000 -0.008511 0.014320 0.999861 -0.000000 0.000000 0.000000 0.000000 1.000000
0.999684 0.023741 0.008317 0.000000 -0.023623 0.999621 -0.014102 -0.000000 -0.008648 0.013901 0.999866 -0.000000 0.000000 0.000000 0.000000 1.000000
0.999672 0.024163 0.008478 -0.000000 -0.024046 0.999618 -0.013640 -0.000000 -0.008804 0.013432 0.999871 -0.000000 0.000000 0.000000 0.000000 1.000000
0.999660 0.024590 0.008643 -0.000000 -0.024475 0.999614 -0.013173 -0.000000 -0.008964 0.012957 0.999876 -0.000000 0.000000 0.000000 0.000000 1.000000
0.999649 0.024979 0.008796 0.000000 -0.024866 0.999609 -0.012746 -0.000000 -0.009111 0.012522 0.999880 -0.000000 0.000000 0.000000 0.000000 1.000000
0.999640 0.025284 0.008917 0.000000 -0.025173 0.999606 -0.012403 -0.000000 -0.009227 0.012174 0.999883 0.000000 0.000000 0.000000 0.000000 1.000000
0.999635 0.025460 0.008987 -0.000000 -0.025350 0.999604 -0.012189 -0.000000 -0.009294 0.011957 0.999885 0.000000 0.000000 0.000000 0.000000 1.000000
0.999635 0.025488 0.008997 -0.000000 -0.025379 0.999604 -0.012123 -0.000000 -0.009302 0.011890 0.999886 0.000000 0.000000 0.000000 0.000000 1.000000
0.999634 0.025491 0.008998 0.000000 -0.025382 0.999605 -0.012089 0.000000 -0.009303 0.011856 0.999886 0.000000 0.000000 0.000000 0.000000 1.000000
0.999634 0.025493 0.009001 0.000000 -0.025383 0.999605 -0.012066 -0.000000 -0.009305 0.011833 0.999887 0.000000 0.000000 0.000000 0.000000 1.000000</float_array><technique_common><accessor source="#jnt_height-Matrix-animation-output-transform-array" count="15" stride="16"><param type="float4x4"/></accessor></technique_common></source><source id="jnt_height-Interpolations"><Name_array id="jnt_height-Interpolations-array" count="15">
 LINEAR LINEAR LINEAR LINEAR LINEAR LINEAR LINEAR LINEAR LINEAR LINEAR LINEAR
LINEAR LINEAR LINEAR LINEAR</Name_array><technique_common><accessor source="#jnt_height-Interpolations-array" count="15"><param type="name"/></accessor></technique_common></source><sampler id="jnt_height-Matrix-animation-transform"><input semantic="INPUT" source="#jnt_height-Matrix-animation-input"/><input semantic="OUTPUT" source="#jnt_height-Matrix-animation-output-transform"/><input semantic="INTERPOLATION" source="#jnt_height-Interpolations"/></sampler><channel source="#jnt_height-Matrix-animation-transform" target="jnt_height/matrix"/></animation></animation>
    <animation id="jnt_spine1-anim" name="jnt_spine1"><animation><source id="jnt_spine1-Matrix-animation-input"><float_array id="jnt_spine1-Matrix-animation-input-array" count="15">

0.000000 0.033333 0.066667 0.100000 0.133333 0.166667 0.200000 0.233333 0.266667 0.300000 0.333333 0.366667 0.400000 0.433333 0.466667</float_array><technique_common><accessor source="#jnt_spine1-Matrix-animation-input-array" count="15"><param name="TIME" type="float"/></accessor></technique_common></source><source id="jnt_spine1-Matrix-animation-output-transform"><float_array id="jnt_spine1-Matrix-animation-output-transform-array" count="240">

0.014915 0.148011 0.988874 -0.040465 0.999888 -0.001137 -0.014911 0.207628 -0.001083 0.988985 -0.148012 0.043265 0.000000 0.000000 0.000000 1.000000
0.015178 0.133699 0.990907 -0.036919 0.999883 -0.000191 -0.015290 0.207360 -0.001855 0.991022 -0.133686 0.036895 0.000000 0.000000 0.000000 1.000000
0.015525 0.111465 0.993648 -0.031439 0.999875 0.001240 -0.015762 0.206946 -0.002989 0.993768 -0.111432 0.027050 0.000000 0.000000 0.000000 1.000000
0.015575 0.107566 0.994077 -0.030477 0.999874 0.001486 -0.015827 0.206869 -0.003180 0.994197 -0.107529 0.025329 0.000000 0.000000 0.000000 1.000000
0.015514 0.110239 0.993785 -0.031107 0.999875 0.001322 -0.015756 0.206889 -0.003051 0.993905 -0.110204 0.026508 0.000000 0.000000 0.000000 1.000000
0.015408 0.114933 0.993254 -0.032219 0.999878 0.001030 -0.015630 0.206928 -0.002820 0.993373 -0.114903 0.028580 0.000000 0.000000 0.000000 1.000000
0.015271 0.120967 0.992540 -0.033656 0.999881 0.000650 -0.015463 0.206985 -0.002515 0.992657 -0.120943 0.031248 0.000000 0.000000 0.000000 1.000000
0.015122 0.127664 0.991703 -0.035265 0.999884 0.000219 -0.015275 0.207062 -0.002168 0.991818 -0.127646 0.034214 0.000000 0.000000 0.000000 1.000000
0.014980 0.134347 0.990821 -0.036890 0.999886 -0.000217 -0.015088 0.207157 -0.001812 0.990935 -0.134335 0.037181 0.000000 0.000000 0.000000 1.000000
0.014871 0.140349 0.989991 -0.038376 0.999889 -0.000615 -0.014932 0.207270 -0.001487 0.990102 -0.140343 0.039849 0.000000 0.000000 0.000000 1.000000
0.014820 0.145004 0.989321 -0.039568 0.999890 -0.000928 -0.014843 0.207400 -0.001234 0.989431 -0.145001 0.041923 0.000000 0.000000 0.000000 1.000000
0.014856 0.147649 0.988929 -0.040311 0.999889 -0.001110 -0.014855 0.207548 -0.001096 0.989039 -0.147649 0.043103 0.000000 0.000000 0.000000 1.000000
0.014987 0.148011 0.988873 -0.040536 0.999887 -0.001155 -0.014981 0.207710 -0.001075 0.988986 -0.148011 0.043253 0.000000 0.000000 0.000000 1.000000
0.015126 0.148000 0.988872 -0.040665 0.999885 -0.001276 -0.015103 0.207877 -0.000973 0.988987 -0.148003 0.043149 0.000000 0.000000 0.000000 1.000000
0.015256 0.147980 0.988873 -0.040780 0.999884 -0.001499 -0.015201 0.208043 -0.000767 0.988989 -0.147985 0.042952 0.000000 0.000000 0.000000 1.000000</float_array><technique_common><accessor source="#jnt_spine1-Matrix-animation-output-transform-array" count="15" stride="16"><param type="float4x4"/></accessor></technique_common></source><source id="jnt_spine1-Interpolations"><Name_array id="jnt_spine1-Interpolations-array" count="15">
 LINEAR LINEAR LINEAR LINEAR LINEAR LINEAR LINEAR LINEAR LINEAR LINEAR LINEAR
LINEAR LINEAR LINEAR LINEAR</Name_array><technique_common><accessor source="#jnt_spine1-Interpolations-array" count="15"><param type="name"/></accessor></technique_common></source><sampler id="jnt_spine1-Matrix-animation-transform"><input semantic="INPUT" source="#jnt_spine1-Matrix-animation-input"/><input semantic="OUTPUT" source="#jnt_spine1-Matrix-animation-output-transform"/><input semantic="INTERPOLATION" source="#jnt_spine1-Interpolations"/></sampler><channel source="#jnt_spine1-Matrix-animation-transform" target="jnt_spine1/matrix"/></animation></animation>
    <animation id="jnt_spine2-anim" name="jnt_spine2"><animation><source id="jnt_spine2-Matrix-animation-input"><float_array id="jnt_spine2-Matrix-animation-input-array" count="15">

0.000000 0.033333 0.066667 0.100000 0.133333 0.166667 0.200000 0.233333 0.266667 0.300000 0.333333 0.366667 0.400000 0.433333 0.466667</float_array><technique_common><accessor source="#jnt_spine2-Matrix-animation-input-array" count="15"><param name="TIME" type="float"/></accessor></technique_common></source><source id="jnt_spine2-Matrix-animation-output-transform"><float_array id="jnt_spine2-Matrix-animation-output-transform-array" count="240">

0.996579 0.079554 -0.022370 0.354983 -0.079701 0.996802 -0.005757 0.078525 0.021840 0.007520 0.999733 0.012378 0.000000 0.000000 0.000000 1.000000
0.996476 0.080559 -0.023371 0.354983 -0.080720 0.996719 -0.006038 0.078525 0.022808 0.007904 0.999708 0.012378 0.000000 0.000000 0.000000 1.000000
0.996313 0.082119 -0.024832 0.354984 -0.082302 0.996586 -0.006434 0.078525 0.024219 0.008454 0.999671 0.012378 0.000000 0.000000 0.000000 1.000000
0.996284 0.082395 -0.025078 0.354984 -0.082582 0.996563 -0.006499 0.078525 0.024457 0.008545 0.999665 0.012378 0.000000 0.000000 0.000000 1.000000
0.996302 0.082228 -0.024927 0.354983 -0.082412 0.996577 -0.006458 0.078525 0.024311 0.008489 0.999668 0.012378 0.000000 0.000000 0.000000 1.000000
0.996333 0.081930 -0.024655 0.354984 -0.082110 0.996603 -0.006386 0.078525 0.024048 0.008387 0.999676 0.012378 0.000000 0.000000 0.000000 1.000000
0.996374 0.081542 -0.024293 0.354983 -0.081716 0.996636 -0.006288 0.078525 0.023698 0.008250 0.999685 0.012378 0.000000 0.000000 0.000000 1.000000
0.996420 0.081101 -0.023873 0.354984 -0.081269 0.996673 -0.006173 0.078525 0.023293 0.008091 0.999696 0.012378 0.000000 0.000000 0.000000 1.000000
0.996467 0.080648 -0.023434 0.354984 -0.080810 0.996711 -0.006052 0.078525 0.022869 0.007924 0.999707 0.012378 0.000000 0.000000 0.000000 1.000000
0.996511 0.080224 -0.023017 0.354983 -0.080380 0.996747 -0.005935 0.078525 0.022466 0.007765 0.999718 0.012378 0.000000 0.000000 0.000000 1.000000
0.996548 0.079869 -0.022667 0.354984 -0.080020 0.996776 -0.005838 0.078525 0.022128 0.007631 0.999726 0.012378 0.000000 0.000000 0.000000 1.000000
0.996572 0.079623 -0.022431 0.354984 -0.079771 0.996796 -0.005773 0.078525 0.021899 0.007542 0.999732 0.012378 0.000000 0.000000 0.000000 1.000000
0.996584 0.079512 -0.022333 0.354983 -0.079659 0.996805 -0.005748 0.078525 0.021805 0.007507 0.999734 0.012378 0.000000 0.000000 0.000000 1.000000
0.996588 0.079476 -0.022272 0.354983 -0.079622 0.996809 -0.005727 0.078525 0.021745 0.007481 0.999735 0.012378 0.000000 0.000000 0.000000 1.000000
0.996587 0.079495 -0.022226 0.354984 -0.079640 0.996807 -0.005706 0.078525 0.021701 0.007457 0.999736 0.012378 0.000000 0.000000 0.000000 1.000000</float_array><technique_common><accessor source="#jnt_spine2-Matrix-animation-output-transform-array" count="15" stride="16"><param type="float4x4"/></accessor></technique_common></source><source id="jnt_spine2-Interpolations"><Name_array id="jnt_spine2-Interpolations-array" count="15">
 LINEAR LINEAR LINEAR LINEAR LINEAR LINEAR LINEAR LINEAR LINEAR LINEAR LINEAR
LINEAR LINEAR LINEAR LINEAR</Name_array><technique_common><accessor source="#jnt_spine2-Interpolations-array" count="15"><param type="name"/></accessor></technique_common></source><sampler id="jnt_spine2-Matrix-animation-transform"><input semantic="INPUT" source="#jnt_spine2-Matrix-animation-input"/><input semantic="OUTPUT" source="#jnt_spine2-Matrix-animation-output-transform"/><input semantic="INTERPOLATION" source="#jnt_spine2-Interpolations"/></sampler><channel source="#jnt_spine2-Matrix-animation-transform" target="jnt_spine2/matrix"/></animation></animation>
    <animation id="jnt_spine3-anim" name="jnt_spine3"><animation><source id="jnt_spine3-Matrix-animation-input"><float_array id="jnt_spine3-Matrix-animation-input-array" count="15">

0.000000 0.033333 0.066667 0.100000 0.133333 0.166667 0.200000 0.233333 0.266667 0.300000 0.333333 0.366667 0.400000 0.433333 0.466667</float_array><technique_common><accessor source="#jnt_spine3-Matrix-animation-input-array" count="15"><param name="TIME" type="float"/></accessor></technique_common></source><source id="jnt_spine3-Matrix-animation-output-transform"><float_array id="jnt_spine3-Matrix-animation-output-transform-array" count="240">

0.978095 0.208152 0.001498 0.727645 -0.208156 0.978039 0.010501 0.078480 0.000721 -0.010583 0.999944 -0.093513 0.000000 0.000000 0.000000 1.000000
0.978263 0.207360 0.001429 0.727646 -0.207364 0.978212 0.010017 0.078480 0.000679 -0.010095 0.999949 -0.093513 0.000000 0.000000 0.000000 1.000000
0.978519 0.206149 0.001328 0.727645 -0.206152 0.978475 0.009303 0.078480 0.000618 -0.009377 0.999956 -0.093513 0.000000 0.000000 0.000000 1.000000
0.978561 0.205952 0.001311 0.727646 -0.205956 0.978518 0.009183 0.078480 0.000608 -0.009256 0.999957 -0.093513 0.000000 0.000000 0.000000 1.000000
0.978508 0.206204 0.001325 0.727645 -0.206208 0.978464 0.009274 0.078480 0.000616 -0.009348 0.999956 -0.093513 0.000000 0.000000 0.000000 1.000000
0.978417 0.206633 0.001348 0.727645 -0.206636 0.978372 0.009433 0.078479 0.000630 -0.009508 0.999955 -0.093513 0.000000 0.000000 0.000000 1.000000
0.978306 0.207158 0.001378 0.727645 -0.207162 0.978259 0.009640 0.078480 0.000649 -0.009717 0.999952 -0.093513 0.000000 0.000000 0.000000 1.000000
0.978192 0.207698 0.001412 0.727646 -0.207702 0.978142 0.009870 0.078480 0.000669 -0.009948 0.999950 -0.093513 0.000000 0.000000 0.000000 1.000000
0.978091 0.208172 0.001445 0.727645 -0.208176 0.978039 0.010099 0.078479 0.000689 -0.010179 0.999948 -0.093513 0.000000 0.000000 0.000000 1.000000
0.978021 0.208502 0.001474 0.727645 -0.208506 0.977966 0.010301 0.078480 0.000706 -0.010382 0.999946 -0.093513 0.000000 0.000000 0.000000 1.000000
0.978000 0.208603 0.001494 0.727645 -0.208608 0.977944 0.010447 0.078480 0.000719 -0.010529 0.999944 -0.093513 0.000000 0.000000 0.000000 1.000000
0.978043 0.208397 0.001501 0.727645 -0.208401 0.977987 0.010510 0.078480 0.000723 -0.010592 0.999943 -0.093513 0.000000 0.000000 0.000000 1.000000
0.978156 0.207868 0.001493 0.727645 -0.207873 0.978100 0.010478 0.078480 0.000718 -0.010559 0.999944 -0.093513 0.000000 0.000000 0.000000 1.000000
0.978258 0.207389 0.001484 0.727646 -0.207393 0.978202 0.010438 0.078480 0.000713 -0.010519 0.999945 -0.093513 0.000000 0.000000 0.000000 1.000000
0.978337 0.207014 0.001478 0.727645 -0.207018 0.978282 0.010406 0.078480 0.000708 -0.010486 0.999945 -0.093513 0.000000 0.000000 0.000000 1.000000</float_array><technique_common><accessor source="#jnt_spine3-Matrix-animation-output-transform-array" count="15" stride="16"><param type="float4x4"/></accessor></technique_common></source><source id="jnt_spine3-Interpolations"><Name_array id="jnt_spine3-Interpolations-array" count="15">
 LINEAR LINEAR LINEAR LINEAR LINEAR LINEAR LINEAR LINEAR LINEAR LINEAR LINEAR
LINEAR LINEAR LINEAR LINEAR</Name_array><technique_common><accessor source="#jnt_spine3-Interpolations-array" count="15"><param type="name"/></accessor></technique_common></source><sampler id="jnt_spine3-Matrix-animation-transform"><input semantic="INPUT" source="#jnt_spine3-Matrix-animation-input"/><input semantic="OUTPUT" source="#jnt_spine3-Matrix-animation-output-transform"/><input semantic="INTERPOLATION" source="#jnt_spine3-Interpolations"/></sampler><channel source="#jnt_spine3-Matrix-animation-transform" target="jnt_spine3/matrix"/></animation></animation>
    <animation id="jnt_neck-anim" name="jnt_neck"><animation><source id="jnt_neck-Matrix-animation-input"><float_array id="jnt_neck-Matrix-animation-input-array" count="15">

0.000000 0.033333 0.066667 0.100000 0.133333 0.166667 0.200000 0.233333 0.266667 0.300000 0.333333 0.366667 0.400000 0.433333 0.466667</float_array><technique_common><accessor source="#jnt_neck-Matrix-animation-input-array" count="15"><param name="TIME" type="float"/></accessor></technique_common></source><source id="jnt_neck-Matrix-animation-output-transform"><float_array id="jnt_neck-Matrix-animation-output-transform-array" count="240">

0.981032 -0.185508 0.056255 0.713625 0.186818 0.982212 -0.018960 0.262967 -0.051737 0.029109 0.998236 -0.065390 0.000000 0.000000 0.000000 1.000000
0.980309 -0.188188 0.059824 0.713625 0.190361 0.981162 -0.032920 0.262967 -0.052502 0.043660 0.997666 -0.065390 0.000000 0.000000 0.000000 1.000000
0.979231 -0.191969 0.065226 0.713624 0.195591 0.979167 -0.054567 0.262967 -0.053392 0.066191 0.996377 -0.065390 0.000000 0.000000 0.000000 1.000000
0.979043 -0.192609 0.066154 0.713625 0.196498 0.978766 -0.058361 0.262967 -0.053509 0.070137 0.996101 -0.065390 0.000000 0.000000 0.000000 1.000000
0.979137 -0.192351 0.065502 0.713625 0.196056 0.979006 -0.055761 0.262967 -0.053401 0.067439 0.996293 -0.065390 0.000000 0.000000 0.000000 1.000000
0.979310 -0.191860 0.064349 0.713625 0.195245 0.979418 -0.051194 0.262967 -0.053203 0.062699 0.996613 -0.065390 0.000000 0.000000 0.000000 1.000000
0.979544 -0.191162 0.062858 0.713624 0.194145 0.979925 -0.045324 0.262967 -0.052932 0.056600 0.996993 -0.065390 0.000000 0.000000 0.000000 1.000000
0.979821 -0.190278 0.061190 0.713625 0.192826 0.980466 -0.038806 0.262967 -0.052611 0.049822 0.997371 -0.065390 0.000000 0.000000 0.000000 1.000000
0.980123 -0.189251 0.059518 0.713624 0.191379 0.980985 -0.032296 0.262967 -0.052274 0.043044 0.997705 -0.065390 0.000000 0.000000 0.000000 1.000000
0.980426 -0.188145 0.058021 0.713624 0.189905 0.981446 -0.026446 0.262967 -0.051968 0.036946 0.997965 -0.065390 0.000000 0.000000 0.000000 1.000000
0.980707 -0.187027 0.056883 0.713625 0.188511 0.981827 -0.021904 0.262967 -0.051752 0.032204 0.998141 -0.065390 0.000000 0.000000 0.000000 1.000000
0.980939 -0.185981 0.056290 0.713625 0.187311 0.982110 -0.019317 0.262967 -0.051691 0.029493 0.998227 -0.065390 0.000000 0.000000 0.000000 1.000000
0.981112 -0.185063 0.056316 0.713625 0.186375 0.982296 -0.018956 0.262967 -0.051811 0.029094 0.998233 -0.065390 0.000000 0.000000 0.000000 1.000000
0.981263 -0.184225 0.056423 0.713626 0.185538 0.982454 -0.018960 0.262967 -0.051940 0.029073 0.998227 -0.065390 0.000000 0.000000 0.000000 1.000000
0.981404 -0.183448 0.056512 0.713626 0.184764 0.982600 -0.018977 0.262967 -0.052047 0.029065 0.998222 -0.065390 0.000000 0.000000 0.000000 1.000000</float_array><technique_common><accessor source="#jnt_neck-Matrix-animation-output-transform-array" count="15" stride="16"><param type="float4x4"/></accessor></technique_common></source><source id="jnt_neck-Interpolations"><Name_array id="jnt_neck-Interpolations-array" count="15">
 LINEAR LINEAR LINEAR LINEAR LINEAR LINEAR LINEAR LINEAR LINEAR LINEAR LINEAR
LINEAR LINEAR LINEAR LINEAR</Name_array><technique_common><accessor source="#jnt_neck-Interpolations-array" count="15"><param type="name"/></accessor></technique_common></source><sampler id="jnt_neck-Matrix-animation-transform"><input semantic="INPUT" source="#jnt_neck-Matrix-animation-input"/><input semantic="OUTPUT" source="#jnt_neck-Matrix-animation-output-transform"/><input semantic="INTERPOLATION" source="#jnt_neck-Interpolations"/></sampler><channel source="#jnt_neck-Matrix-animation-transform" target="jnt_neck/matrix"/></animation></animation>
    <animation id="jnt_head-anim" name="jnt_head"><animation><source id="jnt_head-Matrix-animation-input"><float_array id="jnt_head-Matrix-animation-input-array" count="15">

0.000000 0.033333 0.066667 0.100000 0.133333 0.166667 0.200000 0.233333 0.266667 0.300000 0.333333 0.366667 0.400000 0.433333 0.466667</float_array><technique_common><accessor source="#jnt_head-Matrix-animation-input-array" count="15"><param name="TIME" type="float"/></accessor></technique_common></source><source id="jnt_head-Matrix-animation-output-transform"><float_array id="jnt_head-Matrix-animation-output-transform-array" count="240">

0.984975 -0.170062 0.030058 0.273591 0.170459 0.985302 -0.011192 0.000002 -0.027713 0.016147 0.999485 0.000000 0.000000 0.000000 0.000000 1.000000
0.985658 -0.166093 0.029847 0.273591 0.166488 0.985979 -0.011253 0.000002 -0.027559 0.016061 0.999491 0.000000 0.000000 0.000000 0.000000 1.000000
0.986663 -0.160071 0.029544 0.273590 0.160461 0.986977 -0.011349 0.000002 -0.027343 0.015938 0.999499 -0.000000 0.000000 0.000000 0.000000 1.000000
0.986834 -0.159022 0.029495 0.273591 0.159412 0.987147 -0.011364 0.000002 -0.027309 0.015916 0.999500 0.000000 0.000000 0.000000 0.000000 1.000000
0.986727 -0.159683 0.029533 0.273591 0.160074 0.987040 -0.011358 0.000002 -0.027337 0.015934 0.999499 -0.000000 0.000000 0.000000 0.000000 1.000000
0.986533 -0.160857 0.029602 0.273591 0.161248 0.986849 -0.011346 0.000002 -0.027387 0.015967 0.999497 0.000000 0.000000 0.000000 0.000000 1.000000
0.986281 -0.162385 0.029692 0.273591 0.162779 0.986598 -0.011327 0.000001 -0.027455 0.016005 0.999495 -0.000000 0.000000 0.000000 0.000000 1.000000
0.985990 -0.164119 0.029795 0.273591 0.164514 0.986310 -0.011305 0.000002 -0.027531 0.016048 0.999492 -0.000000 0.000000 0.000000 0.000000 1.000000
0.985690 -0.165897 0.029897 0.273591 0.166294 0.986012 -0.011282 0.000002 -0.027608 0.016092 0.999489 0.000000 0.000000 0.000000 0.000000 1.000000
0.985406 -0.167555 0.029987 0.273591 0.167953 0.985731 -0.011257 0.000002 -0.027673 0.016129 0.999487 0.000000 0.000000 0.000000 0.000000 1.000000
0.985171 -0.168924 0.030049 0.273591 0.169322 0.985497 -0.011231 0.000002 -0.027716 0.016152 0.999485 -0.000000 0.000000 0.000000 0.000000 1.000000
0.985014 -0.169833 0.030068 0.273591 0.170231 0.985341 -0.011205 0.000002 -0.027725 0.016156 0.999485 -0.000000 0.000000 0.000000 0.000000 1.000000
0.984951 -0.170202 0.030040 0.273591 0.170599 0.985277 -0.011179 0.000002 -0.027695 0.016136 0.999486 -0.000000 0.000000 0.000000 0.000000 1.000000
0.984906 -0.170467 0.030009 0.273592 0.170864 0.985232 -0.011157 0.000002 -0.027664 0.016116 0.999487 -0.000000 0.000000 0.000000 0.000000 1.000000
0.984865 -0.170712 0.029984 0.273591 0.171108 0.985189 -0.011137 0.000002 -0.027639 0.016099 0.999488 0.000000 0.000000 0.000000 0.000000 1.000000</float_array><technique_common><accessor source="#jnt_head-Matrix-animation-output-transform-array" count="15" stride="16"><param type="float4x4"/></accessor></technique_common></source><source id="jnt_head-Interpolations"><Name_array id="jnt_head-Interpolations-array" count="15">
 LINEAR LINEAR LINEAR LINEAR LINEAR LINEAR LINEAR LINEAR LINEAR LINEAR LINEAR
LINEAR LINEAR LINEAR LINEAR</Name_array><technique_common><accessor source="#jnt_head-Interpolations-array" count="15"><param type="name"/></accessor></technique_common></source><sampler id="jnt_head-Matrix-animation-transform"><input semantic="INPUT" source="#jnt_head-Matrix-animation-input"/><input semantic="OUTPUT" source="#jnt_head-Matrix-animation-output-transform"/><input semantic="INTERPOLATION" source="#jnt_head-Interpolations"/></sampler><channel source="#jnt_head-Matrix-animation-transform" target="jnt_head/matrix"/></animation></animation>
    <animation id="jnt_headappend-anim" name="jnt_headappend"><animation><source id="jnt_headappend-Matrix-animation-input"><float_array id="jnt_headappend-Matrix-animation-input-array" count="15">

0.000000 0.033333 0.066667 0.100000 0.133333 0.166667 0.200000 0.233333 0.266667 0.300000 0.333333 0.366667 0.400000 0.433333 0.466667</float_array><technique_common><accessor source="#jnt_headappend-Matrix-animation-input-array" count="15"><param name="TIME" type="float"/></accessor></technique_common></source><source id="jnt_headappend-Matrix-animation-output-transform"><float_array id="jnt_headappend-Matrix-animation-output-transform-array" count="240">

1.000000 0.000000 -0.000000 -0.000000 -0.000000 1.000000 -0.000000 0.000000 0.000000 0.000000 1.000000 -0.000000 0.000000 0.000000 0.000000 1.000000
1.000000 0.000000 -0.000000 0.000000 -0.000000 1.000000 0.000000 -0.000000 0.000000 0.000000 1.000000 0.000000 0.000000 0.000000 0.000000 1.000000
1.000000 0.000000 -0.000000 0.000000 -0.000000 1.000000 0.000000 0.000000 0.000000 -0.000000 1.000000 0.000000 0.000000 0.000000 0.000000 1.000000
1.000000 0.000000 -0.000000 -0.000000 -0.000000 1.000000 -0.000000 0.000000 0.000000 0.000000 1.000000 -0.000000 0.000000 0.000000 0.000000 1.000000
1.000000 0.000000 -0.000000 -0.000000 -0.000000 1.000000 0.000000 0.000000 0.000000 -0.000000 1.000000 0.000000 0.000000 0.000000 0.000000 1.000000
1.000000 0.000000 -0.000000 -0.000000 -0.000000 1.000000 0.000000 -0.000000 0.000000 -0.000000 1.000000 0.000000 0.000000 0.000000 0.000000 1.000000
1.000000 0.000000 -0.000000 -0.000000 -0.000000 1.000000 0.000000 -0.000000 0.000000 -0.000000 1.000000 0.000000 0.000000 0.000000 0.000000 1.000000
1.000000 0.000000 -0.000000 0.000000 -0.000000 1.000000 -0.000000 -0.000000 0.000000 0.000000 1.000000 0.000000 0.000000 0.000000 0.000000 1.000000
