<?xml version="1.0" encoding="utf-8"?>
<COLLADA xmlns="http://www.collada.org/2005/11/COLLADASchema" version="1.4.1">
  <asset><contributor><author></author><authoring_tool>FBX COLLADA exporter</authoring_tool><comments></comments></contributor><created>2023-07-19T20:13:52Z</created><keywords></keywords><modified>2023-07-19T20:13:52Z</modified><revision></revision><subject></subject><title></title><unit meter="0.010000" name="centimeter"></unit><up_axis>Y_UP</up_axis></asset>
  <library_animations>
    <animation id="Character-anim" name="Character"><animation><source id="Character-Matrix-animation-input"><float_array id="Character-Matrix-animation-input-array" count="23">

0.000000 0.033333 0.066667 0.100000 0.133333 0.166667 0.200000 0.233333 0.266667 0.300000 0.333333 0.366667 0.400000 0.433333 0.466667 0.500000
0.533333 0.566667 0.600000 0.633333 0.666667 0.700000 0.733333</float_array><technique_common><accessor source="#Character-Matrix-animation-input-array" count="23"><param name="TIME" type="float"/></accessor></technique_common></source><source id="Character-Matrix-animation-output-transform"><float_array id="Character-Matrix-animation-output-transform-array" count="368">

1.000000 0.000000 0.000000 0.000000 0.000000 1.000000 -0.000000 0.000000 0.000000 0.000000 1.000000 0.000000 0.000000 0.000000 0.000000 1.000000
1.000000 0.000000 0.000000 0.000000 0.000000 1.000000 -0.000000 0.000000 0.000000 0.000000 1.000000 0.000000 0.000000 0.000000 0.000000 1.000000
1.000000 0.000000 0.000000 0.000000 0.000000 1.000000 -0.000000 0.000000 0.000000 0.000000 1.000000 0.000000 0.000000 0.000000 0.000000 1.000000
1.000000 0.000000 0.000000 0.000000 0.000000 1.000000 -0.000000 0.000000 0.000000 0.000000 1.000000 0.000000 0.000000 0.000000 0.000000 1.000000
1.000000 0.000000 0.000000 0.000000 0.000000 1.000000 -0.000000 0.000000 0.000000 0.000000 1.000000 0.000000 0.000000 0.000000 0.000000 1.000000
1.000000 0.000000 0.000000 0.000000 0.000000 1.000000 -0.000000 0.000000 0.000000 0.000000 1.000000 0.000000 0.000000 0.000000 0.000000 1.000000
1.000000 0.000000 0.000000 0.000000 0.000000 1.000000 -0.000000 0.000000 0.000000 0.000000 1.000000 0.000000 0.000000 0.000000 0.000000 1.000000
1.000000 0.000000 0.000000 0.000000 0.000000 1.000000 -0.000000 0.000000 0.000000 0.000000 1.000000 0.000000 0.000000 0.000000 0.000000 1.000000
1.000000 0.000000 0.000000 0.000000 0.000000 1.000000 -0.000000 0.000000 0.000000 0.000000 1.000000 0.000000 0.000000 0.000000 0.000000 1.000000
1.000000 0.000000 0.000000 0.000000 0.000000 1.000000 -0.000000 0.000000 0.000000 0.000000 1.000000 0.000000 0.000000 0.000000 0.000000 1.000000
1.000000 0.000000 0.000000 0.000000 0.000000 1.000000 -0.000000 0.000000 0.000000 0.000000 1.000000 0.000000 0.000000 0.000000 0.000000 1.000000
1.000000 0.000000 0.000000 0.000000 0.000000 1.000000 -0.000000 0.000000 0.000000 0.000000 1.000000 0.000000 0.000000 0.000000 0.000000 1.000000
1.000000 0.000000 0.000000 0.000000 0.000000 1.000000 -0.000000 0.000000 0.000000 0.000000 1.000000 0.000000 0.000000 0.000000 0.000000 1.000000
1.000000 0.000000 0.000000 0.000000 0.000000 1.000000 -0.000000 0.000000 0.000000 0.000000 1.000000 0.000000 0.000000 0.000000 0.000000 1.000000
1.000000 0.000000 0.000000 0.000000 0.000000 1.000000 -0.000000 0.000000 0.000000 0.000000 1.000000 0.000000 0.000000 0.000000 0.000000 1.000000
1.000000 0.000000 0.000000 0.000000 0.000000 1.000000 -0.000000 0.000000 0.000000 0.000000 1.000000 0.000000 0.000000 0.000000 0.000000 1.000000
1.000000 0.000000 0.000000 0.000000 0.000000 1.000000 -0.000000 0.000000 0.000000 0.000000 1.000000 0.000000 0.000000 0.000000 0.000000 1.000000
1.000000 0.000000 0.000000 0.000000 0.000000 1.000000 -0.000000 0.000000 0.000000 0.000000 1.000000 0.000000 0.000000 0.000000 0.000000 1.000000
1.000000 0.000000 0.000000 0.000000 0.000000 1.000000 -0.000000 0.000000 0.000000 0.000000 1.000000 0.000000 0.000000 0.000000 0.000000 1.000000
1.000000 0.000000 0.000000 0.000000 0.000000 1.000000 -0.000000 0.000000 0.000000 0.000000 1.000000 0.000000 0.000000 0.000000 0.000000 1.000000
1.000000 0.000000 0.000000 0.000000 0.000000 1.000000 -0.000000 0.000000 0.000000 0.000000 1.000000 0.000000 0.000000 0.000000 0.000000 1.000000
1.000000 0.000000 0.000000 0.000000 0.000000 1.000000 -0.000000 0.000000 0.000000 0.000000 1.000000 0.000000 0.000000 0.000000 0.000000 1.000000
1.000000 0.000000 0.000000 0.000000 0.000000 1.000000 -0.000000 0.000000 0.000000 0.000000 1.000000 0.000000 0.000000 0.000000 0.000000 1.000000</float_array><technique_common><accessor source="#Character-Matrix-animation-output-transform-array" count="23" stride="16"><param type="float4x4"/></accessor></technique_common></source><source id="Character-Interpolations"><Name_array id="Character-Interpolations-array" count="23">
 LINEAR LINEAR LINEAR LINEAR LINEAR LINEAR LINEAR LINEAR LINEAR LINEAR LINEAR
LINEAR LINEAR LINEAR LINEAR LINEAR LINEAR LINEAR LINEAR LINEAR LINEAR LINEAR LINEAR</Name_array><technique_common><accessor source="#Character-Interpolations-array" count="23"><param type="name"/></accessor></technique_common></source><sampler id="Character-Matrix-animation-transform"><input semantic="INPUT" source="#Character-Matrix-animation-input"/><input semantic="OUTPUT" source="#Character-Matrix-animation-output-transform"/><input semantic="INTERPOLATION" source="#Character-Interpolations"/></sampler><channel source="#Character-Matrix-animation-transform" target="Character/matrix"/></animation></animation>
    <animation id="HIK_root_jnt-anim" name="HIK_root_jnt"><animation><source id="HIK_root_jnt-Matrix-animation-input"><float_array id="HIK_root_jnt-Matrix-animation-input-array" count="23">

0.000000 0.033333 0.066667 0.100000 0.133333 0.166667 0.200000 0.233333 0.266667 0.300000 0.333333 0.366667 0.400000 0.433333 0.466667 0.500000
0.533333 0.566667 0.600000 0.633333 0.666667 0.700000 0.733333</float_array><technique_common><accessor source="#HIK_root_jnt-Matrix-animation-input-array" count="23"><param name="TIME" type="float"/></accessor></technique_common></source><source id="HIK_root_jnt-Matrix-animation-output-transform"><float_array id="HIK_root_jnt-Matrix-animation-output-transform-array" count="368">

1.000000 0.000000 0.000000 0.000000 0.000000 1.000000 -0.000000 0.000000 0.000000 0.000000 1.000000 0.000000 0.000000 0.000000 0.000000 1.000000
1.000000 0.000000 0.000000 0.000000 0.000000 1.000000 -0.000000 0.000000 0.000000 0.000000 1.000000 0.000000 0.000000 0.000000 0.000000 1.000000
1.000000 0.000000 0.000000 0.000000 0.000000 1.000000 -0.000000 0.000000 0.000000 0.000000 1.000000 0.000000 0.000000 0.000000 0.000000 1.000000
1.000000 0.000000 0.000000 0.000000 0.000000 1.000000 -0.000000 0.000000 0.000000 0.000000 1.000000 0.000000 0.000000 0.000000 0.000000 1.000000
1.000000 0.000000 0.000000 0.000000 0.000000 1.000000 -0.000000 0.000000 0.000000 0.000000 1.000000 0.000000 0.000000 0.000000 0.000000 1.000000
1.000000 0.000000 0.000000 0.000000 0.000000 1.000000 -0.000000 0.000000 0.000000 0.000000 1.000000 0.000000 0.000000 0.000000 0.000000 1.000000
1.000000 0.000000 0.000000 0.000000 0.000000 1.000000 -0.000000 0.000000 0.000000 0.000000 1.000000 0.000000 0.000000 0.000000 0.000000 1.000000
1.000000 0.000000 0.000000 0.000000 0.000000 1.000000 -0.000000 0.000000 0.000000 0.000000 1.000000 0.000000 0.000000 0.000000 0.000000 1.000000
1.000000 0.000000 0.000000 0.000000 0.000000 1.000000 -0.000000 0.000000 0.000000 0.000000 1.000000 0.000000 0.000000 0.000000 0.000000 1.000000
1.000000 0.000000 0.000000 0.000000 0.000000 1.000000 -0.000000 0.000000 0.000000 0.000000 1.000000 0.000000 0.000000 0.000000 0.000000 1.000000
1.000000 0.000000 0.000000 0.000000 0.000000 1.000000 -0.000000 0.000000 0.000000 0.000000 1.000000 0.000000 0.000000 0.000000 0.000000 1.000000
1.000000 0.000000 0.000000 0.000000 0.000000 1.000000 -0.000000 0.000000 0.000000 0.000000 1.000000 0.000000 0.000000 0.000000 0.000000 1.000000
1.000000 0.000000 0.000000 0.000000 0.000000 1.000000 -0.000000 0.000000 0.000000 0.000000 1.000000 0.000000 0.000000 0.000000 0.000000 1.000000
1.000000 0.000000 0.000000 0.000000 0.000000 1.000000 -0.000000 0.000000 0.000000 0.000000 1.000000 0.000000 0.000000 0.000000 0.000000 1.000000
1.000000 0.000000 0.000000 0.000000 0.000000 1.000000 -0.000000 0.000000 0.000000 0.000000 1.000000 0.000000 0.000000 0.000000 0.000000 1.000000
1.000000 0.000000 0.000000 0.000000 0.000000 1.000000 -0.000000 0.000000 0.000000 0.000000 1.000000 0.000000 0.000000 0.000000 0.000000 1.000000
1.000000 0.000000 0.000000 0.000000 0.000000 1.000000 -0.000000 0.000000 0.000000 0.000000 1.000000 0.000000 0.000000 0.000000 0.000000 1.000000
1.000000 0.000000 0.000000 0.000000 0.000000 1.000000 -0.000000 0.000000 0.000000 0.000000 1.000000 0.000000 0.000000 0.000000 0.000000 1.000000
1.000000 0.000000 0.000000 0.000000 0.000000 1.000000 -0.000000 0.000000 0.000000 0.000000 1.000000 0.000000 0.000000 0.000000 0.000000 1.000000
1.000000 0.000000 0.000000 0.000000 0.000000 1.000000 -0.000000 0.000000 0.000000 0.000000 1.000000 0.000000 0.000000 0.000000 0.000000 1.000000
1.000000 0.000000 0.000000 0.000000 0.000000 1.000000 -0.000000 0.000000 0.000000 0.000000 1.000000 0.000000 0.000000 0.000000 0.000000 1.000000
1.000000 0.000000 0.000000 0.000000 0.000000 1.000000 -0.000000 0.000000 0.000000 0.000000 1.000000 0.000000 0.000000 0.000000 0.000000 1.000000
1.000000 0.000000 0.000000 0.000000 0.000000 1.000000 -0.000000 0.000000 0.000000 0.000000 1.000000 0.000000 0.000000 0.000000 0.000000 1.000000</float_array><technique_common><accessor source="#HIK_root_jnt-Matrix-animation-output-transform-array" count="23" stride="16"><param type="float4x4"/></accessor></technique_common></source><source id="HIK_root_jnt-Interpolations"><Name_array id="HIK_root_jnt-Interpolations-array" count="23">
 LINEAR LINEAR LINEAR LINEAR LINEAR LINEAR LINEAR LINEAR LINEAR LINEAR LINEAR
LINEAR LINEAR LINEAR LINEAR LINEAR LINEAR LINEAR LINEAR LINEAR LINEAR LINEAR LINEAR</Name_array><technique_common><accessor source="#HIK_root_jnt-Interpolations-array" count="23"><param type="name"/></accessor></technique_common></source><sampler id="HIK_root_jnt-Matrix-animation-transform"><input semantic="INPUT" source="#HIK_root_jnt-Matrix-animation-input"/><input semantic="OUTPUT" source="#HIK_root_jnt-Matrix-animation-output-transform"/><input semantic="INTERPOLATION" source="#HIK_root_jnt-Interpolations"/></sampler><channel source="#HIK_root_jnt-Matrix-animation-transform" target="HIK_root_jnt/matrix"/></animation></animation>
    <animation id="root_jnt-anim" name="root_jnt"><animation><source id="root_jnt-Matrix-animation-input"><float_array id="root_jnt-Matrix-animation-input-array" count="23">

0.000000 0.033333 0.066667 0.100000 0.133333 0.166667 0.200000 0.233333 0.266667 0.300000 0.333333 0.366667 0.400000 0.433333 0.466667 0.500000
0.533333 0.566667 0.600000 0.633333 0.666667 0.700000 0.733333</float_array><technique_common><accessor source="#root_jnt-Matrix-animation-input-array" count="23"><param name="TIME" type="float"/></accessor></technique_common></source><source id="root_jnt-Matrix-animation-output-transform"><float_array id="root_jnt-Matrix-animation-output-transform-array" count="368">

1.000000 0.000000 0.000000 0.000000 0.000000 1.000000 -0.000000 0.000000 0.000000 0.000000 1.000000 0.000000 0.000000 0.000000 0.000000 1.000000
1.000000 0.000000 0.000000 0.000000 0.000000 1.000000 -0.000000 0.000000 0.000000 0.000000 1.000000 0.000000 0.000000 0.000000 0.000000 1.000000
1.000000 0.000000 0.000000 0.000000 0.000000 1.000000 -0.000000 0.000000 0.000000 0.000000 1.000000 0.000000 0.000000 0.000000 0.000000 1.000000
1.000000 0.000000 0.000000 0.000000 0.000000 1.000000 -0.000000 0.000000 0.000000 0.000000 1.000000 0.000000 0.000000 0.000000 0.000000 1.000000
1.000000 0.000000 0.000000 0.000000 0.000000 1.000000 -0.000000 0.000000 0.000000 0.000000 1.000000 0.000000 0.000000 0.000000 0.000000 1.000000
1.000000 0.000000 0.000000 0.000000 0.000000 1.000000 -0.000000 0.000000 0.000000 0.000000 1.000000 0.000000 0.000000 0.000000 0.000000 1.000000
1.000000 0.000000 0.000000 0.000000 0.000000 1.000000 -0.000000 0.000000 0.000000 0.000000 1.000000 0.000000 0.000000 0.000000 0.000000 1.000000
1.000000 0.000000 0.000000 0.000000 0.000000 1.000000 -0.000000 0.000000 0.000000 0.000000 1.000000 0.000000 0.000000 0.000000 0.000000 1.000000
1.000000 0.000000 0.000000 0.000000 0.000000 1.000000 -0.000000 0.000000 0.000000 0.000000 1.000000 0.000000 0.000000 0.000000 0.000000 1.000000
1.000000 0.000000 0.000000 0.000000 0.000000 1.000000 -0.000000 0.000000 0.000000 0.000000 1.000000 0.000000 0.000000 0.000000 0.000000 1.000000
1.000000 0.000000 0.000000 0.000000 0.000000 1.000000 -0.000000 0.000000 0.000000 0.000000 1.000000 0.000000 0.000000 0.000000 0.000000 1.000000
1.000000 0.000000 0.000000 0.000000 0.000000 1.000000 -0.000000 0.000000 0.000000 0.000000 1.000000 0.000000 0.000000 0.000000 0.000000 1.000000
1.000000 0.000000 0.000000 0.000000 0.000000 1.000000 -0.000000 0.000000 0.000000 0.000000 1.000000 0.000000 0.000000 0.000000 0.000000 1.000000
1.000000 0.000000 0.000000 0.000000 0.000000 1.000000 -0.000000 0.000000 0.000000 0.000000 1.000000 0.000000 0.000000 0.000000 0.000000 1.000000
1.000000 0.000000 0.000000 0.000000 0.000000 1.000000 -0.000000 0.000000 0.000000 0.000000 1.000000 0.000000 0.000000 0.000000 0.000000 1.000000
1.000000 0.000000 0.000000 0.000000 0.000000 1.000000 -0.000000 0.000000 0.000000 0.000000 1.000000 0.000000 0.000000 0.000000 0.000000 1.000000
1.000000 0.000000 0.000000 0.000000 0.000000 1.000000 -0.000000 0.000000 0.000000 0.000000 1.000000 0.000000 0.000000 0.000000 0.000000 1.000000
1.000000 0.000000 0.000000 0.000000 0.000000 1.000000 -0.000000 0.000000 0.000000 0.000000 1.000000 0.000000 0.000000 0.000000 0.000000 1.000000
1.000000 0.000000 0.000000 0.000000 0.000000 1.000000 -0.000000 0.000000 0.000000 0.000000 1.000000 0.000000 0.000000 0.000000 0.000000 1.000000
1.000000 0.000000 0.000000 0.000000 0.000000 1.000000 -0.000000 0.000000 0.000000 0.000000 1.000000 0.000000 0.000000 0.000000 0.000000 1.000000
1.000000 0.000000 0.000000 0.000000 0.000000 1.000000 -0.000000 0.000000 0.000000 0.000000 1.000000 0.000000 0.000000 0.000000 0.000000 1.000000
1.000000 0.000000 0.000000 0.000000 0.000000 1.000000 -0.000000 0.000000 0.000000 0.000000 1.000000 0.000000 0.000000 0.000000 0.000000 1.000000
1.000000 0.000000 0.000000 0.000000 0.000000 1.000000 -0.000000 0.000000 0.000000 0.000000 1.000000 0.000000 0.000000 0.000000 0.000000 1.000000</float_array><technique_common><accessor source="#root_jnt-Matrix-animation-output-transform-array" count="23" stride="16"><param type="float4x4"/></accessor></technique_common></source><source id="root_jnt-Interpolations"><Name_array id="root_jnt-Interpolations-array" count="23">
 LINEAR LINEAR LINEAR LINEAR LINEAR LINEAR LINEAR LINEAR LINEAR LINEAR LINEAR
LINEAR LINEAR LINEAR LINEAR LINEAR LINEAR LINEAR LINEAR LINEAR LINEAR LINEAR LINEAR</Name_array><technique_common><accessor source="#root_jnt-Interpolations-array" count="23"><param type="name"/></accessor></technique_common></source><sampler id="root_jnt-Matrix-animation-transform"><input semantic="INPUT" source="#root_jnt-Matrix-animation-input"/><input semantic="OUTPUT" source="#root_jnt-Matrix-animation-output-transform"/><input semantic="INTERPOLATION" source="#root_jnt-Interpolations"/></sampler><channel source="#root_jnt-Matrix-animation-transform" target="root_jnt/matrix"/></animation></animation>
    <animation id="jnt_hips-anim" name="jnt_hips"><animation><source id="jnt_hips-Matrix-animation-input"><float_array id="jnt_hips-Matrix-animation-input-array" count="23">

0.000000 0.033333 0.066667 0.100000 0.133333 0.166667 0.200000 0.233333 0.266667 0.300000 0.333333 0.366667 0.400000 0.433333 0.466667 0.500000
0.533333 0.566667 0.600000 0.633333 0.666667 0.700000 0.733333</float_array><technique_common><accessor source="#jnt_hips-Matrix-animation-input-array" count="23"><param name="TIME" type="float"/></accessor></technique_common></source><source id="jnt_hips-Matrix-animation-output-transform"><float_array id="jnt_hips-Matrix-animation-output-transform-array" count="368">

0.978762 0.022389 -0.203773 -0.000000 -0.025393 0.999604 -0.012139 1.941480 0.203420 0.017055 0.978943 -0.247371 0.000000 0.000000 0.000000 1.000000
0.978567 0.022639 -0.204683 -0.000000 -0.026018 0.999566 -0.013833 1.941480 0.204280 0.018862 0.978731 -0.247371 0.000000 0.000000 0.000000 1.000000
0.978496 0.022760 -0.205005 -0.000000 -0.025174 0.999641 -0.009175 1.941480 0.204722 0.014139 0.978718 -0.247371 0.000000 0.000000 0.000000 1.000000
0.978540 0.022683 -0.204805 -0.000000 -0.025052 0.999646 -0.008981 1.941480 0.204529 0.013919 0.978762 -0.247371 0.000000 0.000000 0.000000 1.000000
0.978614 0.022561 -0.204466 -0.000000 -0.025036 0.999641 -0.009527 1.941480 0.204178 0.014442 0.978827 -0.247371 0.000000 0.000000 0.000000 1.000000
0.978700 0.022434 -0.204066 -0.000000 -0.025119 0.999628 -0.010573 1.941480 0.203753 0.015474 0.978900 -0.247371 0.000000 0.000000 0.000000 1.000000
0.978780 0.022331 -0.203694 -0.000000 -0.025256 0.999612 -0.011771 1.941480 0.203352 0.016666 0.978964 -0.247371 0.000000 0.000000 0.000000 1.000000
0.978831 0.022271 -0.203455 -0.000000 -0.025369 0.999598 -0.012632 1.941480 0.203092 0.017526 0.979003 -0.247371 0.000000 0.000000 0.000000 1.000000
0.978838 0.022263 -0.203421 -0.000000 -0.025388 0.999596 -0.012762 1.941480 0.203055 0.017656 0.979008 -0.247371 0.000000 0.000000 0.000000 1.000000
0.978836 0.022266 -0.203430 -0.000000 -0.025387 0.999596 -0.012745 1.941480 0.203064 0.017640 0.979007 -0.247371 0.000000 0.000000 0.000000 1.000000
0.978833 0.022272 -0.203447 -0.000000 -0.025387 0.999597 -0.012713 1.941480 0.203081 0.017609 0.979003 -0.247371 0.000000 0.000000 0.000000 1.000000
0.978828 0.022280 -0.203470 -0.000000 -0.025386 0.999597 -0.012670 1.941480 0.203105 0.017567 0.978999 -0.247371 0.000000 0.000000 0.000000 1.000000
0.978822 0.022290 -0.203497 -0.000000 -0.025386 0.999598 -0.012617 1.941480 0.203134 0.017516 0.978994 -0.247371 0.000000 0.000000 0.000000 1.000000
0.978815 0.022301 -0.203529 -0.000000 -0.025386 0.999599 -0.012559 1.941480 0.203167 0.017459 0.978988 -0.247371 0.000000 0.000000 0.000000 1.000000
0.978808 0.022313 -0.203563 -0.000000 -0.025385 0.999600 -0.012497 1.941480 0.203203 0.017399 0.978982 -0.247371 0.000000 0.000000 0.000000 1.000000
0.978800 0.022325 -0.203598 -0.000000 -0.025386 0.999600 -0.012434 1.941480 0.203239 0.017339 0.978976 -0.247371 0.000000 0.000000 0.000000 1.000000
0.978792 0.022338 -0.203633 -0.000000 -0.025386 0.999601 -0.012372 1.941480 0.203276 0.017279 0.978969 -0.247371 0.000000 0.000000 0.000000 1.000000
0.978785 0.022350 -0.203667 -0.000000 -0.025388 0.999602 -0.012314 1.941480 0.203311 0.017224 0.978963 -0.247371 0.000000 0.000000 0.000000 1.000000
0.978778 0.022361 -0.203698 -0.000000 -0.025389 0.999602 -0.012262 1.941480 0.203343 0.017173 0.978957 -0.247371 0.000000 0.000000 0.000000 1.000000
0.978773 0.022371 -0.203725 -0.000000 -0.025390 0.999603 -0.012217 1.941480 0.203371 0.017130 0.978952 -0.247371 0.000000 0.000000 0.000000 1.000000
0.978768 0.022380 -0.203747 -0.000000 -0.025391 0.999603 -0.012180 1.941480 0.203394 0.017095 0.978948 -0.247371 0.000000 0.000000 0.000000 1.000000
0.978764 0.022386 -0.203763 -0.000000 -0.025392 0.999604 -0.012154 1.941480 0.203410 0.017070 0.978945 -0.247371 0.000000 0.000000 0.000000 1.000000
0.978762 0.022389 -0.203772 -0.000000 -0.025393 0.999604 -0.012140 1.941480 0.203419 0.017057 0.978943 -0.247371 0.000000 0.000000 0.000000 1.000000</float_array><technique_common><accessor source="#jnt_hips-Matrix-animation-output-transform-array" count="23" stride="16"><param type="float4x4"/></accessor></technique_common></source><source id="jnt_hips-Interpolations"><Name_array id="jnt_hips-Interpolations-array" count="23">
 LINEAR LINEAR LINEAR LINEAR LINEAR LINEAR LINEAR LINEAR LINEAR LINEAR LINEAR
LINEAR LINEAR LINEAR LINEAR LINEAR LINEAR LINEAR LINEAR LINEAR LINEAR LINEAR LINEAR</Name_array><technique_common><accessor source="#jnt_hips-Interpolations-array" count="23"><param type="name"/></accessor></technique_common></source><sampler id="jnt_hips-Matrix-animation-transform"><input semantic="INPUT" source="#jnt_hips-Matrix-animation-input"/><input semantic="OUTPUT" source="#jnt_hips-Matrix-animation-output-transform"/><input semantic="INTERPOLATION" source="#jnt_hips-Interpolations"/></sampler><channel source="#jnt_hips-Matrix-animation-transform" target="jnt_hips/matrix"/></animation></animation>
    <animation id="jnt_height-anim" name="jnt_height"><animation><source id="jnt_height-Matrix-animation-input"><float_array id="jnt_height-Matrix-animation-input-array" count="23">

0.000000 0.033333 0.066667 0.100000 0.133333 0.166667 0.200000 0.233333 0.266667 0.300000 0.333333 0.366667 0.400000 0.433333 0.466667 0.500000
0.533333 0.566667 0.600000 0.633333 0.666667 0.700000 0.733333</float_array><technique_common><accessor source="#jnt_height-Matrix-animation-input-array" count="23"><param name="TIME" type="float"/></accessor></technique_common></source><source id="jnt_height-Matrix-animation-output-transform"><float_array id="jnt_height-Matrix-animation-output-transform-array" count="368">

0.999635 0.025486 0.008996 0.000000 -0.025376 0.999604 -0.012143 -0.000000 -0.009302 0.011911 0.999886 -0.000000 0.000000 0.000000 0.000000 1.000000
0.999626 0.026119 0.008056 -0.000000 -0.026005 0.999566 -0.013837 -0.000000 -0.008414 0.013622 0.999872 0.000000 0.000000 0.000000 0.000000 1.000000
0.999652 0.025233 0.007741 0.000000 -0.025161 0.999641 -0.009179 -0.000000 -0.007970 0.008981 0.999928 -0.000000 0.000000 0.000000 0.000000 1.000000
0.999653 0.025110 0.007946 -0.000000 -0.025038 0.999646 -0.008985 -0.000000 -0.008169 0.008783 0.999928 0.000000 0.000000 0.000000 0.000000 1.000000
0.999650 0.025101 0.008292 0.000000 -0.025022 0.999641 -0.009531 -0.000000 -0.008529 0.009320 0.999920 -0.000000 0.000000 0.000000 0.000000 1.000000
0.999645 0.025195 0.008700 0.000000 -0.025103 0.999629 -0.010578 -0.000000 -0.008963 0.010356 0.999906 -0.000000 0.000000 0.000000 0.000000 1.000000
0.999637 0.025346 0.009078 -0.000000 -0.025239 0.999612 -0.011776 -0.000000 -0.009373 0.011542 0.999889 0.000000 0.000000 0.000000 0.000000 1.000000
0.999632 0.025470 0.009320 0.000000 -0.025351 0.999599 -0.012637 -0.000000 -0.009639 0.012396 0.999877 -0.000000 0.000000 0.000000 0.000000 1.000000
0.999631 0.025490 0.009355 0.000000 -0.025369 0.999596 -0.012767 -0.000000 -0.009676 0.012525 0.999875 0.000000 0.000000 0.000000 0.000000 1.000000
0.999631 0.025489 0.009346 -0.000000 -0.025369 0.999597 -0.012750 -0.000000 -0.009667 0.012508 0.999875 0.000000 0.000000 0.000000 0.000000 1.000000
0.999631 0.025488 0.009329 -0.000000 -0.025369 0.999597 -0.012718 -0.000000 -0.009649 0.012477 0.999876 -0.000000 0.000000 0.000000 0.000000 1.000000
0.999632 0.025487 0.009306 -0.000000 -0.025368 0.999598 -0.012675 0.000000 -0.009625 0.012434 0.999876 0.000000 0.000000 0.000000 0.000000 1.000000
0.999632 0.025486 0.009277 0.000000 -0.025368 0.999598 -0.012622 -0.000000 -0.009595 0.012382 0.999877 0.000000 0.000000 0.000000 0.000000 1.000000
0.999632 0.025485 0.009245 -0.000000 -0.025368 0.999599 -0.012564 -0.000000 -0.009561 0.012325 0.999878 0.000000 0.000000 0.000000 0.000000 1.000000
0.999633 0.025484 0.009210 0.000000 -0.025368 0.999600 -0.012502 -0.000000 -0.009525 0.012264 0.999879 0.000000 0.000000 0.000000 0.000000 1.000000
0.999633 0.025483 0.009174 0.000000 -0.025368 0.999601 -0.012439 -0.000000 -0.009488 0.012202 0.999881 -0.000000 0.000000 0.000000 0.000000 1.000000
0.999633 0.025483 0.009139 -0.000000 -0.025369 0.999601 -0.012377 -0.000000 -0.009450 0.012141 0.999882 -0.000000 0.000000 0.000000 0.000000 1.000000
0.999634 0.025483 0.009104 -0.000000 -0.025370 0.999602 -0.012319 -0.000000 -0.009415 0.012084 0.999882 0.000000 0.000000 0.000000 0.000000 1.000000
0.999634 0.025484 0.009073 0.000000 -0.025372 0.999603 -0.012267 -0.000000 -0.009382 0.012032 0.999884 -0.000000 0.000000 0.000000 0.000000 1.000000
0.999634 0.025484 0.009045 0.000000 -0.025373 0.999603 -0.012221 -0.000000 -0.009353 0.011988 0.999885 -0.000000 0.000000 0.000000 0.000000 1.000000
0.999634 0.025485 0.009022 0.000000 -0.025374 0.999604 -0.012185 -0.000000 -0.009329 0.011952 0.999885 -0.000000 0.000000 0.000000 0.000000 1.000000
0.999634 0.025486 0.009006 0.000000 -0.025376 0.999604 -0.012159 -0.000000 -0.009313 0.011926 0.999885 0.000000 0.000000 0.000000 0.000000 1.000000
0.999635 0.025486 0.008997 0.000000 -0.025376 0.999604 -0.012145 -0.000000 -0.009303 0.011912 0.999886 0.000000 0.000000 0.000000 0.000000 1.000000</float_array><technique_common><accessor source="#jnt_height-Matrix-animation-output-transform-array" count="23" stride="16"><param type="float4x4"/></accessor></technique_common></source><source id="jnt_height-Interpolations"><Name_array id="jnt_height-Interpolations-array" count="23">
 LINEAR LINEAR LINEAR LINEAR LINEAR LINEAR LINEAR LINEAR LINEAR LINEAR LINEAR
LINEAR LINEAR LINEAR LINEAR LINEAR LINEAR LINEAR LINEAR LINEAR LINEAR LINEAR LINEAR</Name_array><technique_common><accessor source="#jnt_height-Interpolations-array" count="23"><param type="name"/></accessor></technique_common></source><sampler id="jnt_height-Matrix-animation-transform"><input semantic="INPUT" source="#jnt_height-Matrix-animation-input"/><input semantic="OUTPUT" source="#jnt_height-Matrix-animation-output-transform"/><input semantic="INTERPOLATION" source="#jnt_height-Interpolations"/></sampler><channel source="#jnt_height-Matrix-animation-transform" target="jnt_height/matrix"/></animation></animation>
    <animation id="jnt_spine1-anim" name="jnt_spine1"><animation><source id="jnt_spine1-Matrix-animation-input"><float_array id="jnt_spine1-Matrix-animation-input-array" count="23">

0.000000 0.033333 0.066667 0.100000 0.133333 0.166667 0.200000 0.233333 0.266667 0.300000 0.333333 0.366667 0.400000 0.433333 0.466667 0.500000
0.533333 0.566667 0.600000 0.633333 0.666667 0.700000 0.733333</float_array><technique_common><accessor source="#jnt_spine1-Matrix-animation-input-array" count="23"><param name="TIME" type="float"/></accessor></technique_common></source><source id="jnt_spine1-Matrix-animation-output-transform"><float_array id="jnt_spine1-Matrix-animation-output-transform-array" count="368">

0.014915 0.148011 0.988874 -0.040465 0.999888 -0.001137 -0.014911 0.207628 -0.001083 0.988985 -0.148012 0.043265 0.000000 0.000000 0.000000 1.000000
0.005174 0.145732 0.989311 -0.040465 0.998735 0.048725 -0.012401 0.207628 -0.050011 0.988124 -0.145296 0.043265 0.000000 0.000000 0.000000 1.000000
0.005143 0.145595 0.989331 -0.040465 0.998749 0.048468 -0.012325 0.207628 -0.049745 0.988157 -0.145164 0.043265 0.000000 0.000000 0.000000 1.000000
0.007368 0.146186 0.989230 -0.040465 0.999200 0.037819 -0.013031 0.207628 -0.039317 0.988534 -0.145791 0.043265 0.000000 0.000000 0.000000 1.000000
0.010421 0.146971 0.989086 -0.040465 0.999640 0.022919 -0.013938 0.207628 -0.024717 0.988875 -0.146680 0.043265 0.000000 0.000000 0.000000 1.000000
0.013574 0.147727 0.988935 -0.040465 0.999867 0.006968 -0.014765 0.207628 -0.009072 0.989004 -0.147612 0.043265 0.000000 0.000000 0.000000 1.000000
0.016190 0.148300 0.988810 -0.040465 0.999859 -0.006803 -0.015350 0.207628 0.004450 0.988919 -0.148390 0.043265 0.000000 0.000000 0.000000 1.000000
0.017734 0.148613 0.988737 -0.040465 0.999762 -0.015198 -0.015647 0.207628 0.012702 0.988779 -0.148847 0.043265 0.000000 0.000000 0.000000 1.000000
0.017941 0.148652 0.988727 -0.040465 0.999744 -0.016346 -0.015683 0.207628 0.013830 0.988755 -0.148907 0.043265 0.000000 0.000000 0.000000 1.000000
0.017867 0.148636 0.988731 -0.040465 0.999750 -0.015969 -0.015666 0.207628 0.013460 0.988763 -0.148884 0.043265 0.000000 0.000000 0.000000 1.000000
0.017729 0.148608 0.988738 -0.040465 0.999761 -0.015266 -0.015633 0.207628 0.012771 0.988779 -0.148843 0.043265 0.000000 0.000000 0.000000 1.000000
0.017538 0.148569 0.988747 -0.040465 0.999777 -0.014292 -0.015586 0.207628 0.011816 0.988799 -0.148786 0.043265 0.000000 0.000000 0.000000 1.000000
0.017304 0.148521 0.988758 -0.040465 0.999794 -0.013101 -0.015529 0.207628 0.010648 0.988823 -0.148717 0.043265 0.000000 0.000000 0.000000 1.000000
0.017037 0.148465 0.988771 -0.040465 0.999812 -0.011747 -0.015463 0.207628 0.009320 0.988848 -0.148638 0.043265 0.000000 0.000000 0.000000 1.000000
0.016747 0.148405 0.988785 -0.040465 0.999829 -0.010285 -0.015391 0.207628 0.007886 0.988873 -0.148552 0.043265 0.000000 0.000000 0.000000 1.000000
0.016446 0.148342 0.988800 -0.040465 0.999845 -0.008768 -0.015314 0.207628 0.006398 0.988897 -0.148463 0.043265 0.000000 0.000000 0.000000 1.000000
0.016144 0.148278 0.988814 -0.040465 0.999858 -0.007251 -0.015237 0.207628 0.004911 0.988919 -0.148374 0.043265 0.000000 0.000000 0.000000 1.000000
0.015851 0.148216 0.988829 -0.040465 0.999868 -0.005788 -0.015160 0.207628 0.003477 0.988939 -0.148288 0.043265 0.000000 0.000000 0.000000 1.000000
0.015580 0.148157 0.988841 -0.040465 0.999877 -0.004434 -0.015089 0.207628 0.002149 0.988954 -0.148207 0.043265 0.000000 0.000000 0.000000 1.000000
0.015340 0.148105 0.988853 -0.040465 0.999882 -0.003242 -0.015025 0.207628 0.000981 0.988967 -0.148137 0.043265 0.000000 0.000000 0.000000 1.000000
0.015143 0.148062 0.988863 -0.040465 0.999885 -0.002268 -0.014973 0.207628 0.000026 0.988976 -0.148079 0.043265 0.000000 0.000000 0.000000 1.000000
0.015001 0.148031 0.988869 -0.040465 0.999887 -0.001564 -0.014934 0.207628 -0.000664 0.988982 -0.148037 0.043265 0.000000 0.000000 0.000000 1.000000
0.014925 0.148014 0.988873 -0.040465 0.999888 -0.001187 -0.014913 0.207628 -0.001034 0.988985 -0.148015 0.043265 0.000000 0.000000 0.000000 1.000000</float_array><technique_common><accessor source="#jnt_spine1-Matrix-animation-output-transform-array" count="23" stride="16"><param type="float4x4"/></accessor></technique_common></source><source id="jnt_spine1-Interpolations"><Name_array id="jnt_spine1-Interpolations-array" count="23">
 LINEAR LINEAR LINEAR LINEAR LINEAR LINEAR LINEAR LINEAR LINEAR LINEAR LINEAR
LINEAR LINEAR LINEAR LINEAR LINEAR LINEAR LINEAR LINEAR LINEAR LINEAR LINEAR LINEAR</Name_array><technique_common><accessor source="#jnt_spine1-Interpolations-array" count="23"><param type="name"/></accessor></technique_common></source><sampler id="jnt_spine1-Matrix-animation-transform"><input semantic="INPUT" source="#jnt_spine1-Matrix-animation-input"/><input semantic="OUTPUT" source="#jnt_spine1-Matrix-animation-output-transform"/><input semantic="INTERPOLATION" source="#jnt_spine1-Interpolations"/></sampler><channel source="#jnt_spine1-Matrix-animation-transform" target="jnt_spine1/matrix"/></animation></animation>
    <animation id="jnt_spine2-anim" name="jnt_spine2"><animation><source id="jnt_spine2-Matrix-animation-input"><float_array id="jnt_spine2-Matrix-animation-input-array" count="23">

0.000000 0.033333 0.066667 0.100000 0.133333 0.166667 0.200000 0.233333 0.266667 0.300000 0.333333 0.366667 0.400000 0.433333 0.466667 0.500000
0.533333 0.566667 0.600000 0.633333 0.666667 0.700000 0.733333</float_array><technique_common><accessor source="#jnt_spine2-Matrix-animation-input-array" count="23"><param name="TIME" type="float"/></accessor></technique_common></source><source id="jnt_spine2-Matrix-animation-output-transform"><float_array id="jnt_spine2-Matrix-animation-output-transform-array" count="368">

0.996579 0.079554 -0.022370 0.354983 -0.079701 0.996802 -0.005757 0.078525 0.021840 0.007520 0.999733 0.012378 0.000000 0.000000 0.000000 1.000000
0.996952 0.074727 -0.022421 0.354984 -0.074888 0.997171 -0.006427 0.078525 0.021878 0.008086 0.999728 0.012378 0.000000 0.000000 0.000000 1.000000
0.996710 0.077879 -0.022440 0.354983 -0.078032 0.996933 -0.006007 0.078525 0.021904 0.007738 0.999730 0.012378 0.000000 0.000000 0.000000 1.000000
0.996671 0.078420 -0.022311 0.354983 -0.078569 0.996892 -0.005882 0.078525 0.021780 0.007615 0.999734 0.012378 0.000000 0.000000 0.000000 1.000000
0.996643 0.078808 -0.022191 0.354983 -0.078954 0.996861 -0.005782 0.078525 0.021666 0.007515 0.999737 0.012378 0.000000 0.000000 0.000000 1.000000
0.996609 0.079246 -0.022165 0.354984 -0.079390 0.996827 -0.005714 0.078525 0.021642 0.007455 0.999738 0.012378 0.000000 0.000000 0.000000 1.000000
0.996567 0.079751 -0.022232 0.354984 -0.079895 0.996787 -0.005675 0.078525 0.021708 0.007432 0.999737 0.012378 0.000000 0.000000 0.000000 1.000000
0.996534 0.080135 -0.022315 0.354984 -0.080280 0.996756 -0.005658 0.078525 0.021790 0.007430 0.999735 0.012378 0.000000 0.000000 0.000000 1.000000
0.996529 0.080193 -0.022330 0.354983 -0.080338 0.996751 -0.005656 0.078525 0.021804 0.007430 0.999734 0.012378 0.000000 0.000000 0.000000 1.000000
0.996531 0.080174 -0.022330 0.354984 -0.080319 0.996753 -0.005659 0.078525 0.021804 0.007433 0.999735 0.012378 0.000000 0.000000 0.000000 1.000000
0.996534 0.080140 -0.022330 0.354983 -0.080285 0.996756 -0.005663 0.078525 0.021804 0.007436 0.999734 0.012378 0.000000 0.000000 0.000000 1.000000
0.996537 0.080094 -0.022331 0.354984 -0.080239 0.996760 -0.005670 0.078525 0.021804 0.007442 0.999735 0.012378 0.000000 0.000000 0.000000 1.000000
0.996542 0.080038 -0.022332 0.354983 -0.080183 0.996764 -0.005677 0.078525 0.021805 0.007448 0.999734 0.012378 0.000000 0.000000 0.000000 1.000000
0.996546 0.079977 -0.022333 0.354983 -0.080122 0.996769 -0.005686 0.078525 0.021806 0.007456 0.999735 0.012378 0.000000 0.000000 0.000000 1.000000
0.996552 0.079912 -0.022336 0.354983 -0.080058 0.996774 -0.005696 0.078525 0.021809 0.007464 0.999734 0.012378 0.000000 0.000000 0.000000 1.000000
0.996557 0.079847 -0.022339 0.354983 -0.079993 0.996779 -0.005706 0.078525 0.021812 0.007473 0.999734 0.012378 0.000000 0.000000 0.000000 1.000000
0.996562 0.079785 -0.022344 0.354983 -0.079931 0.996784 -0.005716 0.078525 0.021816 0.007482 0.999734 0.012378 0.000000 0.000000 0.000000 1.000000
0.996566 0.079727 -0.022349 0.354984 -0.079873 0.996788 -0.005726 0.078525 0.021821 0.007491 0.999734 0.012378 0.000000 0.000000 0.000000 1.000000
0.996570 0.079674 -0.022354 0.354983 -0.079821 0.996793 -0.005735 0.078525 0.021825 0.007499 0.999734 0.012378 0.000000 0.000000 0.000000 1.000000
0.996573 0.079630 -0.022359 0.354983 -0.079776 0.996796 -0.005743 0.078525 0.021830 0.007507 0.999733 0.012378 0.000000 0.000000 0.000000 1.000000
0.996576 0.079594 -0.022364 0.354984 -0.079741 0.996799 -0.005749 0.078525 0.021835 0.007513 0.999733 0.012378 0.000000 0.000000 0.000000 1.000000
0.996578 0.079569 -0.022368 0.354983 -0.079716 0.996801 -0.005754 0.078525 0.021838 0.007518 0.999733 0.012378 0.000000 0.000000 0.000000 1.000000
0.996579 0.079555 -0.022370 0.354983 -0.079702 0.996802 -0.005757 0.078525 0.021840 0.007520 0.999733 0.012378 0.000000 0.000000 0.000000 1.000000</float_array><technique_common><accessor source="#jnt_spine2-Matrix-animation-output-transform-array" count="23" stride="16"><param type="float4x4"/></accessor></technique_common></source><source id="jnt_spine2-Interpolations"><Name_array id="jnt_spine2-Interpolations-array" count="23">
 LINEAR LINEAR LINEAR LINEAR LINEAR LINEAR LINEAR LINEAR LINEAR LINEAR LINEAR
LINEAR LINEAR LINEAR LINEAR LINEAR LINEAR LINEAR LINEAR LINEAR LINEAR LINEAR LINEAR</Name_array><technique_common><accessor source="#jnt_spine2-Interpolations-array" count="23"><param type="name"/></accessor></technique_common></source><sampler id="jnt_spine2-Matrix-animation-transform"><input semantic="INPUT" source="#jnt_spine2-Matrix-animation-input"/><input semantic="OUTPUT" source="#jnt_spine2-Matrix-animation-output-transform"/><input semantic="INTERPOLATION" source="#jnt_spine2-Interpolations"/></sampler><channel source="#jnt_spine2-Matrix-animation-transform" target="jnt_spine2/matrix"/></animation></animation>
    <animation id="jnt_spine3-anim" name="jnt_spine3"><animation><source id="jnt_spine3-Matrix-animation-input"><float_array id="jnt_spine3-Matrix-animation-input-array" count="23">

0.000000 0.033333 0.066667 0.100000 0.133333 0.166667 0.200000 0.233333 0.266667 0.300000 0.333333 0.366667 0.400000 0.433333 0.466667 0.500000
0.533333 0.566667 0.600000 0.633333 0.666667 0.700000 0.733333</float_array><technique_common><accessor source="#jnt_spine3-Matrix-animation-input-array" count="23"><param name="TIME" type="float"/></accessor></technique_common></source><source id="jnt_spine3-Matrix-animation-output-transform"><float_array id="jnt_spine3-Matrix-animation-output-transform-array" count="368">

0.978095 0.208152 0.001498 0.727645 -0.208156 0.978039 0.010501 0.078480 0.000721 -0.010583 0.999944 -0.093513 0.000000 0.000000 0.000000 1.000000
0.978349 0.206958 0.001471 0.727645 -0.206962 0.978294 0.010351 0.078479 0.000704 -0.010432 0.999945 -0.093513 0.000000 0.000000 0.000000 1.000000
0.977999 0.208604 0.001506 0.727645 -0.208608 0.977942 0.010544 0.078480 0.000726 -0.010627 0.999943 -0.093513 0.000000 0.000000 0.000000 1.000000
0.978308 0.207146 0.001478 0.727645 -0.207151 0.978253 0.010399 0.078480 0.000708 -0.010479 0.999945 -0.093513 0.000000 0.000000 0.000000 1.000000
0.978611 0.205716 0.001450 0.727645 -0.205720 0.978557 0.010253 0.078479 0.000691 -0.010332 0.999946 -0.093513 0.000000 0.000000 0.000000 1.000000
0.978659 0.205486 0.001445 0.727645 -0.205490 0.978606 0.010230 0.078480 0.000688 -0.010308 0.999947 -0.093513 0.000000 0.000000 0.000000 1.000000
0.978447 0.206494 0.001465 0.727645 -0.206498 0.978392 0.010334 0.078480 0.000701 -0.010413 0.999946 -0.093513 0.000000 0.000000 0.000000 1.000000
0.978195 0.207685 0.001489 0.727646 -0.207689 0.978139 0.010456 0.078480 0.000715 -0.010538 0.999944 -0.093513 0.000000 0.000000 0.000000 1.000000
0.978150 0.207892 0.001493 0.727645 -0.207897 0.978094 0.010478 0.078480 0.000718 -0.010559 0.999944 -0.093513 0.000000 0.000000 0.000000 1.000000
0.978152 0.207883 0.001493 0.727645 -0.207887 0.978096 0.010477 0.078480 0.000718 -0.010558 0.999944 -0.093513 0.000000 0.000000 0.000000 1.000000
0.978155 0.207871 0.001493 0.727646 -0.207875 0.978099 0.010475 0.078480 0.000718 -0.010557 0.999944 -0.093513 0.000000 0.000000 0.000000 1.000000
0.978158 0.207857 0.001492 0.727645 -0.207861 0.978102 0.010474 0.078480 0.000717 -0.010555 0.999944 -0.093513 0.000000 0.000000 0.000000 1.000000
0.978160 0.207846 0.001492 0.727645 -0.207850 0.978104 0.010472 0.078480 0.000717 -0.010554 0.999944 -0.093513 0.000000 0.000000 0.000000 1.000000
0.978161 0.207845 0.001492 0.727645 -0.207849 0.978105 0.010472 0.078480 0.000717 -0.010553 0.999944 -0.093513 0.000000 0.000000 0.000000 1.000000
0.978159 0.207852 0.001492 0.727645 -0.207856 0.978103 0.010472 0.078480 0.000717 -0.010553 0.999944 -0.093513 0.000000 0.000000 0.000000 1.000000
0.978155 0.207871 0.001492 0.727646 -0.207875 0.978099 0.010474 0.078480 0.000718 -0.010555 0.999944 -0.093513 0.000000 0.000000 0.000000 1.000000
0.978149 0.207901 0.001493 0.727645 -0.207905 0.978093 0.010476 0.078480 0.000718 -0.010558 0.999944 -0.093513 0.000000 0.000000 0.000000 1.000000
0.978139 0.207944 0.001494 0.727646 -0.207949 0.978083 0.010481 0.078479 0.000718 -0.010562 0.999944 -0.093513 0.000000 0.000000 0.000000 1.000000
0.978129 0.207993 0.001495 0.727645 -0.207997 0.978073 0.010485 0.078479 0.000719 -0.010567 0.999944 -0.093513 0.000000 0.000000 0.000000 1.000000
0.978118 0.208043 0.001496 0.727646 -0.208048 0.978062 0.010490 0.078479 0.000720 -0.010572 0.999944 -0.093513 0.000000 0.000000 0.000000 1.000000
0.978109 0.208089 0.001497 0.727645 -0.208093 0.978052 0.010495 0.078480 0.000720 -0.010576 0.999944 -0.093513 0.000000 0.000000 0.000000 1.000000
0.978100 0.208127 0.001497 0.727645 -0.208131 0.978044 0.010498 0.078480 0.000721 -0.010580 0.999944 -0.093513 0.000000 0.000000 0.000000 1.000000
