<?xml version="1.0"?>
<COLLADA xmlns="http://www.collada.org/2005/11/COLLADASchema" version="1.4.1">
 <asset>
  <contributor>
   <author></author>
   <authoring_tool>FBX COLLADA exporter</authoring_tool>
   <comments></comments>
  </contributor>
  <created>2024-07-14T01:48:58Z</created>
  <keywords></keywords>
  <modified>2024-07-14T01:48:58Z</modified>
  <revision></revision>
  <subject></subject>
  <title></title>
  <unit meter="0.010000" name="centimeter"></unit>
  <up_axis>Y_UP</up_axis>
 </asset>
 <library_animations>
  <animation id="ShotgunAnim-anim" name="ShotgunAnim">
   <animation>
    <source id="ShotgunAnim-Matrix-animation-input">
     <float_array id="ShotgunAnim-Matrix-animation-input-array" count="60">

0.000000 0.033333 0.066667 0.100000 0.133333 0.166667 0.200000 0.233333 0.266667 0.300000 0.333333 0.366667 0.400000 0.433333 0.466667 0.500000
0.533333 0.566667 0.600000 0.633333 0.666667 0.700000 0.733333 0.766667 0.800000 0.833333 0.866667 0.900000 0.933333 0.966667 1.000000 1.033333
1.066667 1.100000 1.133333 1.166667 1.200000 1.233333 1.266667 1.300000 1.333333 1.366667 1.400000 1.433333 1.466667 1.500000 1.533333 1.566667
1.600000 1.633333 1.666667 1.700000 1.733333 1.766667 1.800000 1.833333 1.866667 1.900000 1.933333 1.966667</float_array>
     <technique_common>
      <accessor source="#ShotgunAnim-Matrix-animation-input-array" count="60">
       <param name="TIME" type="float"></param>
      </accessor>
     </technique_common>
    </source>
    <source id="ShotgunAnim-Matrix-animation-output-transform">
     <float_array id="ShotgunAnim-Matrix-animation-output-transform-array" count="960">

0.997050 0.065748 0.039602 -0.753364 -0.067244 0.997023 0.037712 3.369869 -0.037005 -0.040264 0.998504 0.026755 0.000000 0.000000 0.000000 1.000000
0.997120 0.065486 0.038243 -0.752840 -0.068823 0.993217 0.093700 3.365913 -0.031848 -0.096062 0.994867 -0.274275 0.000000 0.000000 0.000000 1.000000
0.997184 0.065300 0.036871 -0.751490 -0.070111 0.986288 0.149390 3.331241 -0.026610 -0.151554 0.988092 -0.637405 0.000000 0.000000 0.000000 1.000000
0.997171 0.065340 0.037148 -0.750255 -0.070046 0.987085 0.144064 3.272280 -0.027255 -0.146258 0.988872 -0.708784 0.000000 0.000000 0.000000 1.000000
0.997137 0.065443 0.037889 -0.749731 -0.069843 0.989089 0.129701 3.240766 -0.028988 -0.131976 0.990830 -0.719988 0.000000 0.000000 0.000000 1.000000
0.997084 0.065612 0.038954 -0.750097 -0.069501 0.991642 0.108690 3.241674 -0.031497 -0.111080 0.993313 -0.710540 0.000000 0.000000 0.000000 1.000000
0.997020 0.065841 0.040205 -0.751278 -0.069014 0.994118 0.083446 3.254944 -0.034474 -0.085971 0.995702 -0.682848 0.000000 0.000000 0.000000 1.000000
0.996948 0.066112 0.041504 -0.752457 -0.068402 0.996060 0.056417 3.274800 -0.037610 -0.059083 0.997545 -0.641798 0.000000 0.000000 0.000000 1.000000
0.996878 0.066399 0.042715 -0.752768 -0.067712 0.997250 0.030074 3.295415 -0.040600 -0.032873 0.998636 -0.592087 0.000000 0.000000 0.000000 1.000000
0.996816 0.066665 0.043730 -0.752355 -0.067013 0.997729 0.006542 3.312045 -0.043195 -0.009452 0.999023 -0.537866 0.000000 0.000000 0.000000 1.000000
0.996765 0.066897 0.044536 -0.751883 -0.066358 0.997703 -0.013478 3.324219 -0.045335 0.010479 0.998918 -0.480840 0.000000 0.000000 0.000000 1.000000
0.996725 0.067085 0.045146 -0.751453 -0.065787 0.997392 -0.029640 3.332589 -0.047017 0.026573 0.998542 -0.422420 0.000000 0.000000 0.000000 1.000000
0.996697 0.067223 0.045568 -0.751061 -0.065341 0.996994 -0.041607 3.337782 -0.048228 0.038492 0.998095 -0.363773 0.000000 0.000000 0.000000 1.000000
0.996680 0.067306 0.045815 -0.750816 -0.065052 0.996675 -0.049036 3.340422 -0.048964 0.045892 0.997747 -0.306304 0.000000 0.000000 0.000000 1.000000
0.996674 0.067334 0.045897 -0.750745 -0.064950 0.996553 -0.051587 3.341149 -0.049213 0.048434 0.997614 -0.251270 0.000000 0.000000 0.000000 1.000000
0.996683 0.067290 0.045767 -0.750782 -0.065014 0.996654 -0.049522 3.341858 -0.048946 0.046382 0.997725 -0.199940 0.000000 0.000000 0.000000 1.000000
0.996708 0.067170 0.045398 -0.750907 -0.065187 0.996908 -0.043848 3.343766 -0.048203 0.040745 0.998007 -0.153488 0.000000 0.000000 0.000000 1.000000
0.996746 0.066998 0.044826 -0.751141 -0.065440 0.997229 -0.035349 3.346538 -0.047070 0.032301 0.998370 -0.112993 0.000000 0.000000 0.000000 1.000000
0.996793 0.066794 0.044080 -0.751452 -0.065746 0.997527 -0.024811 3.349873 -0.045628 0.021834 0.998720 -0.079474 0.000000 0.000000 0.000000 1.000000
0.996846 0.066580 0.043195 -0.751848 -0.066075 0.997729 -0.013022 3.353443 -0.043963 0.010127 0.998982 -0.053994 0.000000 0.000000 0.000000 1.000000
0.996897 0.066364 0.042339 -0.752220 -0.066387 0.997792 -0.000872 3.357342 -0.042303 -0.001942 0.999103 -0.029005 0.000000 0.000000 0.000000 1.000000
0.996926 0.066109 0.042039 -0.751219 -0.066608 0.997722 0.010580 3.372411 -0.041244 -0.013348 0.999061 0.023004 0.000000 0.000000 0.000000 1.000000
0.996939 0.065822 0.042204 -0.749143 -0.066755 0.997545 0.021097 3.396266 -0.040712 -0.023850 0.998887 0.080620 0.000000 0.000000 0.000000 1.000000
0.996943 0.065530 0.042548 -0.747897 -0.066862 0.997290 0.030671 3.410644 -0.040423 -0.033422 0.998624 0.108353 0.000000 0.000000 0.000000 1.000000
0.996948 0.065263 0.042840 -0.749235 -0.066954 0.996981 0.039306 3.408606 -0.040145 -0.042055 0.998309 0.058104 0.000000 0.000000 0.000000 1.000000
0.996954 0.065025 0.043051 -0.752469 -0.067037 0.996639 0.047055 3.399714 -0.039846 -0.049798 0.997965 -0.053767 0.000000 0.000000 0.000000 1.000000
0.996962 0.064815 0.043201 -0.755705 -0.067110 0.996282 0.053989 3.390518 -0.039541 -0.056724 0.997607 -0.165642 0.000000 0.000000 0.000000 1.000000
0.996969 0.064631 0.043308 -0.757120 -0.067177 0.995923 0.060176 3.387545 -0.039242 -0.062902 0.997248 -0.216181 0.000000 0.000000 0.000000 1.000000
0.996975 0.064473 0.043395 -0.756637 -0.067236 0.995581 0.065537 3.390551 -0.038978 -0.068256 0.996907 -0.200135 0.000000 0.000000 0.000000 1.000000
0.996980 0.064363 0.043450 -0.755323 -0.067279 0.995318 0.069372 3.394780 -0.038781 -0.072086 0.996645 -0.157894 0.000000 0.000000 0.000000 1.000000
0.996982 0.064321 0.043469 -0.753517 -0.067296 0.995214 0.070839 3.399724 -0.038704 -0.073550 0.996541 -0.097172 0.000000 0.000000 0.000000 1.000000
0.996976 0.064491 0.043364 -0.751586 -0.067236 0.995606 0.065157 3.403039 -0.038972 -0.067875 0.996933 -0.028369 0.000000 0.000000 0.000000 1.000000
0.996962 0.064886 0.043099 -0.750170 -0.067094 0.996393 0.051943 3.402723 -0.039573 -0.054677 0.997721 0.028374 0.000000 0.000000 0.000000 1.000000
0.996948 0.065337 0.042729 -0.749694 -0.066929 0.997073 0.036945 3.398976 -0.040190 -0.039692 0.998404 0.051301 0.000000 0.000000 0.000000 1.000000
0.996941 0.065703 0.042333 -0.749910 -0.066800 0.997451 0.025045 3.394140 -0.040580 -0.027797 0.998790 0.049875 0.000000 0.000000 0.000000 1.000000
0.996938 0.065939 0.042017 -0.750200 -0.066725 0.997616 0.017578 3.390432 -0.040757 -0.020328 0.998963 0.048095 0.000000 0.000000 0.000000 1.000000
0.996938 0.066022 0.041887 -0.750435 -0.066700 0.997660 0.014991 3.387815 -0.040799 -0.017739 0.999010 0.046187 0.000000 0.000000 0.000000 1.000000
0.996942 0.066012 0.041808 -0.750663 -0.066720 0.997646 0.015771 3.385555 -0.040668 -0.018513 0.999002 0.044024 0.000000 0.000000 0.000000 1.000000
0.996953 0.065984 0.041598 -0.751038 -0.066773 0.997608 0.017861 3.383014 -0.040320 -0.020584 0.998975 0.041360 0.000000 0.000000 0.000000 1.000000
0.996968 0.065946 0.041295 -0.751462 -0.066849 0.997543 0.020886 3.380361 -0.039816 -0.023583 0.998929 0.038508 0.000000 0.000000 0.000000 1.000000
0.996986 0.065901 0.040935 -0.751913 -0.066937 0.997456 0.024471 3.377733 -0.039218 -0.027137 0.998863 0.035620 0.000000 0.000000 0.000000 1.000000
0.997005 0.065856 0.040556 -0.752359 -0.067028 0.997350 0.028242 3.375269 -0.038588 -0.030876 0.998779 0.032864 0.000000 0.000000 0.000000 1.000000
0.997022 0.065814 0.040196 -0.752766 -0.067111 0.997237 0.031825 3.373109 -0.037990 -0.034428 0.998686 0.030412 0.000000 0.000000 0.000000 1.000000
0.997036 0.065780 0.039892 -0.753099 -0.067180 0.997131 0.034847 3.371392 -0.037485 -0.037424 0.998597 0.028440 0.000000 0.000000 0.000000 1.000000
0.997046 0.065756 0.039680 -0.753275 -0.067227 0.997053 0.036933 3.370280 -0.037135 -0.039492 0.998530 0.027244 0.000000 0.000000 0.000000 1.000000
0.997050 0.065748 0.039602 -0.753364 -0.067244 0.997023 0.037712 3.369869 -0.037005 -0.040264 0.998504 0.026755 0.000000 0.000000 0.000000 1.000000
0.997050 0.065748 0.039602 -0.753364 -0.067244 0.997023 0.037712 3.369869 -0.037005 -0.040264 0.998504 0.026755 0.000000 0.000000 0.000000 1.000000
0.997050 0.065748 0.039602 -0.753364 -0.067244 0.997023 0.037712 3.369869 -0.037005 -0.040264 0.998504 0.026755 0.000000 0.000000 0.000000 1.000000
0.997050 0.065748 0.039602 -0.753364 -0.067244 0.997023 0.037712 3.369869 -0.037005 -0.040264 0.998504 0.026755 0.000000 0.000000 0.000000 1.000000
0.997050 0.065748 0.039602 -0.753364 -0.067244 0.997023 0.037712 3.369869 -0.037005 -0.040264 0.998504 0.026755 0.000000 0.000000 0.000000 1.000000
0.997050 0.065748 0.039602 -0.753364 -0.067244 0.997023 0.037712 3.369869 -0.037005 -0.040264 0.998504 0.026755 0.000000 0.000000 0.000000 1.000000
0.997050 0.065748 0.039602 -0.753364 -0.067244 0.997023 0.037712 3.369869 -0.037005 -0.040264 0.998504 0.026755 0.000000 0.000000 0.000000 1.000000
0.997050 0.065748 0.039602 -0.753364 -0.067244 0.997023 0.037712 3.369869 -0.037005 -0.040264 0.998504 0.026755 0.000000 0.000000 0.000000 1.000000
0.997050 0.065748 0.039602 -0.753364 -0.067244 0.997023 0.037712 3.369869 -0.037005 -0.040264 0.998504 0.026755 0.000000 0.000000 0.000000 1.000000
0.997050 0.065748 0.039602 -0.753364 -0.067244 0.997023 0.037712 3.369869 -0.037005 -0.040264 0.998504 0.026755 0.000000 0.000000 0.000000 1.000000
0.997050 0.065748 0.039602 -0.753364 -0.067244 0.997023 0.037712 3.369869 -0.037005 -0.040264 0.998504 0.026755 0.000000 0.000000 0.000000 1.000000
0.997050 0.065748 0.039602 -0.753364 -0.067244 0.997023 0.037712 3.369869 -0.037005 -0.040264 0.998504 0.026755 0.000000 0.000000 0.000000 1.000000
0.997050 0.065748 0.039602 -0.753364 -0.067244 0.997023 0.037712 3.369869 -0.037005 -0.040264 0.998504 0.026755 0.000000 0.000000 0.000000 1.000000
0.997050 0.065748 0.039602 -0.753364 -0.067244 0.997023 0.037712 3.369869 -0.037005 -0.040264 0.998504 0.026755 0.000000 0.000000 0.000000 1.000000
0.997050 0.065748 0.039602 -0.753364 -0.067244 0.997023 0.037712 3.369869 -0.037005 -0.040264 0.998504 0.026755 0.000000 0.000000 0.000000 1.000000</float_array>
     <technique_common>
      <accessor source="#ShotgunAnim-Matrix-animation-output-transform-array" count="60" stride="16">
       <param type="float4x4"></param>
      </accessor>
     </technique_common>
    </source>
    <source id="ShotgunAnim-Interpolations">
     <Name_array id="ShotgunAnim-Interpolations-array" count="60">
 LINEAR LINEAR LINEAR LINEAR LINEAR LINEAR LINEAR LINEAR LINEAR LINEAR LINEAR
LINEAR LINEAR LINEAR LINEAR LINEAR LINEAR LINEAR LINEAR LINEAR LINEAR LINEAR LINEAR
LINEAR LINEAR LINEAR LINEAR LINEAR LINEAR LINEAR LINEAR LINEAR LINEAR LINEAR LINEAR
LINEAR LINEAR LINEAR LINEAR LINEAR LINEAR LINEAR LINEAR LINEAR LINEAR LINEAR LINEAR
LINEAR LINEAR LINEAR LINEAR LINEAR LINEAR LINEAR LINEAR LINEAR LINEAR LINEAR LINEAR
LINEAR</Name_array>
     <technique_common>
      <accessor source="#ShotgunAnim-Interpolations-array" count="60">
       <param type="name"></param>
      </accessor>
     </technique_common>
    </source>
    <sampler id="ShotgunAnim-Matrix-animation-transform">
     <input semantic="INPUT" source="#ShotgunAnim-Matrix-animation-input"></input>
     <input semantic="OUTPUT" source="#ShotgunAnim-Matrix-animation-output-transform"></input>
     <input semantic="INTERPOLATION" source="#ShotgunAnim-Interpolations"></input>
    </sampler>
    <channel source="#ShotgunAnim-Matrix-animation-transform" target="ShotgunAnim/matrix"></channel>
   </animation>
  </animation>
  <animation id="jnt_anim-anim" name="jnt_anim">
   <animation>
    <source id="jnt_anim-Matrix-animation-input">
     <float_array id="jnt_anim-Matrix-animation-input-array" count="60">

0.000000 0.033333 0.066667 0.100000 0.133333 0.166667 0.200000 0.233333 0.266667 0.300000 0.333333 0.366667 0.400000 0.433333 0.466667 0.500000
0.533333 0.566667 0.600000 0.633333 0.666667 0.700000 0.733333 0.766667 0.800000 0.833333 0.866667 0.900000 0.933333 0.966667 1.000000 1.033333
1.066667 1.100000 1.133333 1.166667 1.200000 1.233333 1.266667 1.300000 1.333333 1.366667 1.400000 1.433333 1.466667 1.500000 1.533333 1.566667
1.600000 1.633333 1.666667 1.700000 1.733333 1.766667 1.800000 1.833333 1.866667 1.900000 1.933333 1.966667</float_array>
     <technique_common>
      <accessor source="#jnt_anim-Matrix-animation-input-array" count="60">
       <param name="TIME" type="float"></param>
      </accessor>
     </technique_common>
    </source>
    <source id="jnt_anim-Matrix-animation-output-transform">
     <float_array id="jnt_anim-Matrix-animation-output-transform-array" count="960">

1.000000 -0.000000 -0.000001 0.000000 0.000000 1.000000 0.000000 0.000000 0.000001 -0.000000 1.000000 0.000000 0.000000 0.000000 0.000000 1.000000
1.000000 -0.000000 -0.000001 0.000000 0.000000 1.000000 0.000000 0.000000 0.000001 -0.000000 1.000000 0.000000 0.000000 0.000000 0.000000 1.000000
1.000000 -0.000000 -0.000001 0.000000 0.000000 1.000000 0.000000 0.000000 0.000001 -0.000000 1.000000 0.000000 0.000000 0.000000 0.000000 1.000000
1.000000 -0.000000 -0.000001 0.000000 0.000000 1.000000 0.000000 0.000000 0.000001 -0.000000 1.000000 0.000000 0.000000 0.000000 0.000000 1.000000
1.000000 -0.000000 -0.000001 0.000000 0.000000 1.000000 0.000000 0.000000 0.000001 -0.000000 1.000000 0.000000 0.000000 0.000000 0.000000 1.000000
1.000000 -0.000000 -0.000001 0.000000 0.000000 1.000000 0.000000 0.000000 0.000001 -0.000000 1.000000 0.000000 0.000000 0.000000 0.000000 1.000000
1.000000 -0.000000 -0.000001 0.000000 0.000000 1.000000 0.000000 0.000000 0.000001 -0.000000 1.000000 0.000000 0.000000 0.000000 0.000000 1.000000
1.000000 -0.000000 -0.000001 0.000000 0.000000 1.000000 0.000000 0.000000 0.000001 -0.000000 1.000000 0.000000 0.000000 0.000000 0.000000 1.000000
1.000000 -0.000000 -0.000001 0.000000 0.000000 1.000000 0.000000 0.000000 0.000001 -0.000000 1.000000 0.000000 0.000000 0.000000 0.000000 1.000000
1.000000 -0.000000 -0.000001 0.000000 0.000000 1.000000 0.000000 0.000000 0.000001 -0.000000 1.000000 0.000000 0.000000 0.000000 0.000000 1.000000
1.000000 -0.000000 -0.000001 0.000000 0.000000 1.000000 0.000000 0.000000 0.000001 -0.000000 1.000000 0.000000 0.000000 0.000000 0.000000 1.000000
1.000000 -0.000000 -0.000001 0.000000 0.000000 1.000000 0.000000 0.000000 0.000001 -0.000000 1.000000 0.000000 0.000000 0.000000 0.000000 1.000000
1.000000 -0.000000 -0.000001 0.000000 0.000000 1.000000 0.000000 0.000000 0.000001 -0.000000 1.000000 0.000000 0.000000 0.000000 0.000000 1.000000
1.000000 -0.000000 -0.000001 0.000000 0.000000 1.000000 0.000000 0.000000 0.000001 -0.000000 1.000000 0.000000 0.000000 0.000000 0.000000 1.000000
1.000000 -0.000000 -0.000001 0.000000 0.000000 1.000000 0.000000 0.000000 0.000001 -0.000000 1.000000 0.000000 0.000000 0.000000 0.000000 1.000000
1.000000 -0.000000 -0.000001 0.000000 0.000000 1.000000 0.000000 0.000000 0.000001 -0.000000 1.000000 0.000000 0.000000 0.000000 0.000000 1.000000
1.000000 -0.000000 -0.000001 0.000000 0.000000 1.000000 0.000000 0.000000 0.000001 -0.000000 1.000000 0.000000 0.000000 0.000000 0.000000 1.000000
1.000000 -0.000000 -0.000001 0.000000 0.000000 1.000000 0.000000 0.000000 0.000001 -0.000000 1.000000 0.000000 0.000000 0.000000 0.000000 1.000000
1.000000 -0.000000 -0.000001 0.000000 0.000000 1.000000 0.000000 0.000000 0.000001 -0.000000 1.000000 0.000000 0.000000 0.000000 0.000000 1.000000
1.000000 -0.000000 -0.000001 0.000000 0.000000 1.000000 0.000000 0.000000 0.000001 -0.000000 1.000000 0.000000 0.000000 0.000000 0.000000 1.000000
1.000000 -0.000000 -0.000001 0.000000 0.000000 1.000000 0.000000 0.000000 0.000001 -0.000000 1.000000 0.000000 0.000000 0.000000 0.000000 1.000000
1.000000 -0.000000 -0.000001 0.000000 0.000000 1.000000 0.000000 0.000000 0.000001 -0.000000 1.000000 0.000000 0.000000 0.000000 0.000000 1.000000
1.000000 -0.000000 -0.000001 0.000000 0.000000 1.000000 0.000000 0.000000 0.000001 -0.000000 1.000000 0.000000 0.000000 0.000000 0.000000 1.000000
1.000000 -0.000000 -0.000001 0.000000 0.000000 1.000000 0.000000 0.000000 0.000001 -0.000000 1.000000 0.000000 0.000000 0.000000 0.000000 1.000000
1.000000 -0.000000 -0.000001 0.000000 0.000000 1.000000 0.000000 0.000000 0.000001 -0.000000 1.000000 0.000000 0.000000 0.000000 0.000000 1.000000
1.000000 -0.000000 -0.000001 0.000000 0.000000 1.000000 0.000000 0.000000 0.000001 -0.000000 1.000000 0.000000 0.000000 0.000000 0.000000 1.000000
1.000000 -0.000000 -0.000001 0.000000 0.000000 1.000000 0.000000 0.000000 0.000001 -0.000000 1.000000 0.000000 0.000000 0.000000 0.000000 1.000000
1.000000 -0.000000 -0.000001 0.000000 0.000000 1.000000 0.000000 0.000000 0.000001 -0.000000 1.000000 0.000000 0.000000 0.000000 0.000000 1.000000
1.000000 -0.000000 -0.000001 0.000000 0.000000 1.000000 0.000000 0.000000 0.000001 -0.000000 1.000000 0.000000 0.000000 0.000000 0.000000 1.000000
1.000000 -0.000000 -0.000001 0.000000 0.000000 1.000000 0.000000 0.000000 0.000001 -0.000000 1.000000 0.000000 0.000000 0.000000 0.000000 1.000000
1.000000 -0.000000 -0.000001 0.000000 0.000000 1.000000 0.000000 0.000000 0.000001 -0.000000 1.000000 0.000000 0.000000 0.000000 0.000000 1.000000
1.000000 -0.000000 -0.000001 0.000000 0.000000 1.000000 0.000000 0.000000 0.000001 -0.000000 1.000000 0.000000 0.000000 0.000000 0.000000 1.000000
1.000000 -0.000000 -0.000001 0.000000 0.000000 1.000000 0.000000 0.000000 0.000001 -0.000000 1.000000 0.000000 0.000000 0.000000 0.000000 1.000000
1.000000 -0.000000 -0.000001 0.000000 0.000000 1.000000 0.000000 0.000000 0.000001 -0.000000 1.000000 0.000000 0.000000 0.000000 0.000000 1.000000
1.000000 -0.000000 -0.000001 0.000000 0.000000 1.000000 0.000000 0.000000 0.000001 -0.000000 1.000000 0.000000 0.000000 0.000000 0.000000 1.000000
1.000000 -0.000000 -0.000001 0.000000 0.000000 1.000000 0.000000 0.000000 0.000001 -0.000000 1.000000 0.000000 0.000000 0.000000 0.000000 1.000000
1.000000 -0.000000 -0.000001 0.000000 0.000000 1.000000 0.000000 0.000000 0.000001 -0.000000 1.000000 0.000000 0.000000 0.000000 0.000000 1.000000
1.000000 -0.000000 -0.000001 0.000000 0.000000 1.000000 0.000000 0.000000 0.000001 -0.000000 1.000000 0.000000 0.000000 0.000000 0.000000 1.000000
1.000000 -0.000000 -0.000001 0.000000 0.000000 1.000000 0.000000 0.000000 0.000001 -0.000000 1.000000 0.000000 0.000000 0.000000 0.000000 1.000000
1.000000 -0.000000 -0.000001 0.000000 0.000000 1.000000 0.000000 0.000000 0.000001 -0.000000 1.000000 0.000000 0.000000 0.000000 0.000000 1.000000
1.000000 -0.000000 -0.000001 0.000000 0.000000 1.000000 0.000000 0.000000 0.000001 -0.000000 1.000000 0.000000 0.000000 0.000000 0.000000 1.000000
1.000000 -0.000000 -0.000001 0.000000 0.000000 1.000000 0.000000 0.000000 0.000001 -0.000000 1.000000 0.000000 0.000000 0.000000 0.000000 1.000000
1.000000 -0.000000 -0.000001 0.000000 0.000000 1.000000 0.000000 0.000000 0.000001 -0.000000 1.000000 0.000000 0.000000 0.000000 0.000000 1.000000
1.000000 -0.000000 -0.000001 0.000000 0.000000 1.000000 0.000000 0.000000 0.000001 -0.000000 1.000000 0.000000 0.000000 0.000000 0.000000 1.000000
1.000000 -0.000000 -0.000001 0.000000 0.000000 1.000000 0.000000 0.000000 0.000001 -0.000000 1.000000 0.000000 0.000000 0.000000 0.000000 1.000000
1.000000 -0.000000 -0.000001 0.000000 0.000000 1.000000 0.000000 0.000000 0.000001 -0.000000 1.000000 0.000000 0.000000 0.000000 0.000000 1.000000
1.000000 -0.000000 -0.000001 0.000000 0.000000 1.000000 0.000000 0.000000 0.000001 -0.000000 1.000000 0.000000 0.000000 0.000000 0.000000 1.000000
1.000000 -0.000000 -0.000001 0.000000 0.000000 1.000000 0.000000 0.000000 0.000001 -0.000000 1.000000 0.000000 0.000000 0.000000 0.000000 1.000000
1.000000 -0.000000 -0.000001 0.000000 0.000000 1.000000 0.000000 0.000000 0.000001 -0.000000 1.000000 0.000000 0.000000 0.000000 0.000000 1.000000
1.000000 -0.000000 -0.000001 0.000000 0.000000 1.000000 0.000000 0.000000 0.000001 -0.000000 1.000000 0.000000 0.000000 0.000000 0.000000 1.000000
1.000000 -0.000000 -0.000001 0.000000 0.000000 1.000000 0.000000 0.000000 0.000001 -0.000000 1.000000 0.000000 0.000000 0.000000 0.000000 1.000000
1.000000 -0.000000 -0.000001 0.000000 0.000000 1.000000 0.000000 0.000000 0.000001 -0.000000 1.000000 0.000000 0.000000 0.000000 0.000000 1.000000
1.000000 -0.000000 -0.000001 0.000000 0.000000 1.000000 0.000000 0.000000 0.000001 -0.000000 1.000000 0.000000 0.000000 0.000000 0.000000 1.000000
1.000000 -0.000000 -0.000001 0.000000 0.000000 1.000000 0.000000 0.000000 0.000001 -0.000000 1.000000 0.000000 0.000000 0.000000 0.000000 1.000000
1.000000 -0.000000 -0.000001 0.000000 0.000000 1.000000 0.000000 0.000000 0.000001 -0.000000 1.000000 0.000000 0.000000 0.000000 0.000000 1.000000
1.000000 -0.000000 -0.000001 0.000000 0.000000 1.000000 0.000000 0.000000 0.000001 -0.000000 1.000000 0.000000 0.000000 0.000000 0.000000 1.000000
1.000000 -0.000000 -0.000001 0.000000 0.000000 1.000000 0.000000 0.000000 0.000001 -0.000000 1.000000 0.000000 0.000000 0.000000 0.000000 1.000000
1.000000 -0.000000 -0.000001 0.000000 0.000000 1.000000 0.000000 0.000000 0.000001 -0.000000 1.000000 0.000000 0.000000 0.000000 0.000000 1.000000
1.000000 -0.000000 -0.000001 0.000000 0.000000 1.000000 0.000000 0.000000 0.000001 -0.000000 1.000000 0.000000 0.000000 0.000000 0.000000 1.000000
1.000000 -0.000000 -0.000001 0.000000 0.000000 1.000000 0.000000 0.000000 0.000001 -0.000000 1.000000 0.000000 0.000000 0.000000 0.000000 1.000000</float_array>
     <technique_common>
      <accessor source="#jnt_anim-Matrix-animation-output-transform-array" count="60" stride="16">
       <param type="float4x4"></param>
      </accessor>
     </technique_common>
    </source>
    <source id="jnt_anim-Interpolations">
     <Name_array id="jnt_anim-Interpolations-array" count="60">
 LINEAR LINEAR LINEAR LINEAR LINEAR LINEAR LINEAR LINEAR LINEAR LINEAR LINEAR
LINEAR LINEAR LINEAR LINEAR LINEAR LINEAR LINEAR LINEAR LINEAR LINEAR LINEAR LINEAR
LINEAR LINEAR LINEAR LINEAR LINEAR LINEAR LINEAR LINEAR LINEAR LINEAR LINEAR LINEAR
LINEAR LINEAR LINEAR LINEAR LINEAR LINEAR LINEAR LINEAR LINEAR LINEAR LINEAR LINEAR
LINEAR LINEAR LINEAR LINEAR LINEAR LINEAR LINEAR LINEAR LINEAR LINEAR LINEAR LINEAR
LINEAR</Name_array>
     <technique_common>
      <accessor source="#jnt_anim-Interpolations-array" count="60">
       <param type="name"></param>
      </accessor>
     </technique_common>
    </source>
    <sampler id="jnt_anim-Matrix-animation-transform">
     <input semantic="INPUT" source="#jnt_anim-Matrix-animation-input"></input>
     <input semantic="OUTPUT" source="#jnt_anim-Matrix-animation-output-transform"></input>
     <input semantic="INTERPOLATION" source="#jnt_anim-Interpolations"></input>
    </sampler>
    <channel source="#jnt_anim-Matrix-animation-transform" target="jnt_anim/matrix"></channel>
   </animation>
  </animation>
  <animation id="jnt_pump-anim" name="jnt_pump">
   <animation>
    <source id="jnt_pump-Matrix-animation-input">
     <float_array id="jnt_pump-Matrix-animation-input-array" count="60">

0.000000 0.033333 0.066667 0.100000 0.133333 0.166667 0.200000 0.233333 0.266667 0.300000 0.333333 0.366667 0.400000 0.433333 0.466667 0.500000
0.533333 0.566667 0.600000 0.633333 0.666667 0.700000 0.733333 0.766667 0.800000 0.833333 0.866667 0.900000 0.933333 0.966667 1.000000 1.033333
1.066667 1.100000 1.133333 1.166667 1.200000 1.233333 1.266667 1.300000 1.333333 1.366667 1.400000 1.433333 1.466667 1.500000 1.533333 1.566667
1.600000 1.633333 1.666667 1.700000 1.733333 1.766667 1.800000 1.833333 1.866667 1.900000 1.933333 1.966667</float_array>
     <technique_common>
      <accessor source="#jnt_pump-Matrix-animation-input-array" count="60">
       <param name="TIME" type="float"></param>
      </accessor>
     </technique_common>
    </source>
    <source id="jnt_pump-Matrix-animation-output-transform">
     <float_array id="jnt_pump-Matrix-animation-output-transform-array" count="960">

1.000000 -0.000000 0.000000 0.000001 0.000000 1.000000 0.000000 0.199999 0.000000 -0.000000 1.000000 2.000000 0.000000 0.000000 0.000000 1.000000
1.000000 -0.000000 0.000000 0.000001 -0.000000 1.000000 0.000000 0.199999 0.000000 0.000000 1.000000 2.000000 0.000000 0.000000 0.000000 1.000000
1.000000 -0.000000 0.000000 0.000001 0.000000 1.000000 0.000000 0.199999 0.000000 0.000000 1.000000 2.000000 0.000000 0.000000 0.000000 1.000000
1.000000 -0.000000 -0.000000 0.000001 -0.000000 1.000000 0.000000 0.199999 0.000000 0.000000 1.000000 2.000000 0.000000 0.000000 0.000000 1.000000
1.000000 0.000000 0.000000 0.000001 0.000000 1.000000 -0.000000 0.199999 0.000000 0.000000 1.000000 2.000000 0.000000 0.000000 0.000000 1.000000
1.000000 -0.000000 0.000000 0.000001 -0.000000 1.000000 0.000000 0.199999 0.000000 -0.000000 1.000000 2.000000 0.000000 0.000000 0.000000 1.000000
1.000000 0.000000 0.000000 0.000001 -0.000000 1.000000 -0.000000 0.199999 0.000000 -0.000000 1.000000 2.000000 0.000000 0.000000 0.000000 1.000000
1.000000 0.000000 0.000000 0.000001 0.000000 1.000000 0.000000 0.199999 0.000000 0.000000 1.000000 2.000000 0.000000 0.000000 0.000000 1.000000
1.000000 0.000000 0.000000 0.000001 0.000000 1.000000 0.000000 0.199999 0.000000 0.000000 1.000000 2.000000 0.000000 0.000000 0.000000 1.000000
1.000000 0.000000 0.000000 0.000001 -0.000000 1.000000 0.000000 0.199999 0.000000 0.000000 1.000000 2.000000 0.000000 0.000000 0.000000 1.000000
1.000000 0.000000 0.000000 0.000001 -0.000000 1.000000 -0.000000 0.199999 0.000000 0.000000 1.000000 2.000000 0.000000 0.000000 0.000000 1.000000
1.000000 0.000000 -0.000000 0.000001 0.000000 1.000000 0.000000 0.199999 -0.000000 -0.000000 1.000000 2.000000 0.000000 0.000000 0.000000 1.000000
1.000000 0.000000 0.000000 0.000001 0.000000 1.000000 0.000000 0.199999 0.000000 0.000000 1.000000 2.000000 0.000000 0.000000 0.000000 1.000000
1.000000 -0.000000 0.000000 0.000001 0.000000 1.000000 0.000000 0.199999 -0.000000 0.000000 1.000000 2.000000 0.000000 0.000000 0.000000 1.000000
1.000000 0.000000 -0.000000 0.000001 -0.000000 1.000000 0.000000 0.199999 -0.000000 0.000000 1.000000 2.000000 0.000000 0.000000 0.000000 1.000000
1.000000 -0.000000 -0.000000 0.000001 0.000000 1.000000 -0.000000 0.199999 -0.000000 0.000000 1.000000 2.000000 0.000000 0.000000 0.000000 1.000000
1.000000 0.000000 0.000000 0.000001 0.000000 1.000000 0.000000 0.199999 0.000000 0.000000 1.000000 2.000000 0.000000 0.000000 0.000000 1.000000
1.000000 0.000000 0.000000 0.000001 -0.000000 1.000000 0.000000 0.199999 0.000000 -0.000000 1.000000 2.000000 0.000000 0.000000 0.000000 1.000000
1.000000 -0.000000 0.000000 0.000001 0.000000 1.000000 0.000000 0.199999 0.000000 -0.000000 1.000000 2.000000 0.000000 0.000000 0.000000 1.000000
1.000000 0.000000 0.000000 0.000001 -0.000000 1.000000 -0.000000 0.199999 0.000000 0.000000 1.000000 2.000000 0.000000 0.000000 0.000000 1.000000
1.000000 -0.000000 0.000000 0.000001 -0.000000 1.000000 0.000000 0.199999 -0.000000 0.000000 1.000000 2.000000 0.000000 0.000000 0.000000 1.000000
1.000000 -0.000000 -0.000000 0.000001 0.000000 1.000000 -0.000000 0.199999 0.000000 0.000000 1.000000 1.882818 0.000000 0.000000 0.000000 1.000000
1.000000 -0.000000 0.000000 0.000001 0.000000 1.000000 0.000000 0.199999 0.000000 0.000000 1.000000 1.665193 0.000000 0.000000 0.000000 1.000000
1.000000 0.000000 -0.000000 0.000001 -0.000000 1.000000 -0.000000 0.199999 -0.000000 -0.000000 1.000000 1.548011 0.000000 0.000000 0.000000 1.000000
1.000000 0.000000 -0.000000 0.000001 0.000000 1.000000 0.000000 0.199999 0.000000 0.000000 1.000000 1.548011 0.000000 0.000000 0.000000 1.000000
1.000000 0.000000 0.000000 0.000001 0.000000 1.000000 -0.000000 0.199999 -0.000000 -0.000000 1.000000 1.548011 0.000000 0.000000 0.000000 1.000000
1.000000 0.000000 0.000000 0.000001 -0.000000 1.000000 0.000000 0.199999 0.000000 -0.000000 1.000000 1.548011 0.000000 0.000000 0.000000 1.000000
1.000000 -0.000000 -0.000000 0.000001 -0.000000 1.000000 0.000000 0.199999 0.000000 0.000000 1.000000 1.548011 0.000000 0.000000 0.000000 1.000000
1.000000 0.000000 -0.000000 0.000001 0.000000 1.000000 0.000000 0.199999 -0.000000 0.000000 1.000000 1.665194 0.000000 0.000000 0.000000 1.000000
1.000000 0.000000 -0.000000 0.000001 -0.000000 1.000000 0.000000 0.199999 0.000000 0.000000 1.000000 1.882818 0.000000 0.000000 0.000000 1.000000
1.000000 0.000000 0.000000 0.000001 0.000000 1.000000 0.000000 0.199999 0.000000 0.000000 1.000000 2.000000 0.000000 0.000000 0.000000 1.000000
1.000000 -0.000000 0.000000 0.000001 0.000000 1.000000 0.000000 0.199999 0.000000 0.000000 1.000000 2.000000 0.000000 0.000000 0.000000 1.000000
1.000000 0.000000 -0.000000 0.000001 0.000000 1.000000 0.000000 0.199999 0.000000 0.000000 1.000000 2.000000 0.000000 0.000000 0.000000 1.000000
1.000000 -0.000000 0.000000 0.000001 -0.000000 1.000000 0.000000 0.199999 0.000000 -0.000000 1.000000 2.000000 0.000000 0.000000 0.000000 1.000000
1.000000 -0.000000 0.000000 0.000001 -0.000000 1.000000 0.000000 0.199999 0.000000 0.000000 1.000000 2.000000 0.000000 0.000000 0.000000 1.000000
1.000000 -0.000000 0.000000 0.000001 0.000000 1.000000 0.000000 0.199999 -0.000000 -0.000000 1.000000 2.000000 0.000000 0.000000 0.000000 1.000000
1.000000 0.000000 0.000000 0.000001 0.000000 1.000000 -0.000000 0.199999 -0.000000 0.000000 1.000000 2.000000 0.000000 0.000000 0.000000 1.000000
1.000000 0.000000 0.000000 0.000001 -0.000000 1.000000 -0.000000 0.199999 -0.000000 0.000000 1.000000 2.000000 0.000000 0.000000 0.000000 1.000000
1.000000 -0.000000 0.000000 0.000001 0.000000 1.000000 -0.000000 0.199999 0.000000 -0.000000 1.000000 2.000000 0.000000 0.000000 0.000000 1.000000
1.000000 -0.000000 -0.000000 0.000001 -0.000000 1.000000 -0.000000 0.199999 0.000000 0.000000 1.000000 2.000000 0.000000 0.000000 0.000000 1.000000
1.000000 -0.000000 -0.000000 0.000001 -0.000000 1.000000 0.000000 0.199999 0.000000 0.000000 1.000000 2.000000 0.000000 0.000000 0.000000 1.000000
1.000000 -0.000000 -0.000000 0.000001 0.000000 1.000000 -0.000000 0.199999 0.000000 0.000000 1.000000 2.000000 0.000000 0.000000 0.000000 1.000000
1.000000 0.000000 0.000000 0.000001 -0.000000 1.000000 0.000000 0.199999 0.000000 -0.000000 1.000000 2.000000 0.000000 0.000000 0.000000 1.000000
1.000000 0.000000 0.000000 0.000001 -0.000000 1.000000 0.000000 0.199999 0.000000 0.000000 1.000000 2.000000 0.000000 0.000000 0.000000 1.000000
1.000000 0.000000 -0.000000 0.000001 0.000000 1.000000 0.000000 0.199999 -0.000000 0.000000 1.000000 2.000000 0.000000 0.000000 0.000000 1.000000
1.000000 -0.000000 0.000000 0.000001 0.000000 1.000000 0.000000 0.199999 0.000000 -0.000000 1.000000 2.000000 0.000000 0.000000 0.000000 1.000000
1.000000 -0.000000 0.000000 0.000001 0.000000 1.000000 0.000000 0.199999 0.000000 -0.000000 1.000000 2.000000 0.000000 0.000000 0.000000 1.000000
1.000000 -0.000000 0.000000 0.000001 0.000000 1.000000 0.000000 0.199999 0.000000 -0.000000 1.000000 2.000000 0.000000 0.000000 0.000000 1.000000
1.000000 -0.000000 0.000000 0.000001 0.000000 1.000000 0.000000 0.199999 0.000000 -0.000000 1.000000 2.000000 0.000000 0.000000 0.000000 1.000000
1.000000 -0.000000 0.000000 0.000001 0.000000 1.000000 0.000000 0.199999 0.000000 -0.000000 1.000000 2.000000 0.000000 0.000000 0.000000 1.000000
1.000000 -0.000000 0.000000 0.000001 0.000000 1.000000 0.000000 0.199999 0.000000 -0.000000 1.000000 2.000000 0.000000 0.000000 0.000000 1.000000
1.000000 -0.000000 0.000000 0.000001 0.000000 1.000000 0.000000 0.199999 0.000000 -0.000000 1.000000 2.000000 0.000000 0.000000 0.000000 1.000000
1.000000 -0.000000 0.000000 0.000001 0.000000 1.000000 0.000000 0.199999 0.000000 -0.000000 1.000000 2.000000 0.000000 0.000000 0.000000 1.000000
1.000000 -0.000000 0.000000 0.000001 0.000000 1.000000 0.000000 0.199999 0.000000 -0.000000 1.000000 2.000000 0.000000 0.000000 0.000000 1.000000
1.000000 -0.000000 0.000000 0.000001 0.000000 1.000000 0.000000 0.199999 0.000000 -0.000000 1.000000 2.000000 0.000000 0.000000 0.000000 1.000000
1.000000 -0.000000 0.000000 0.000001 0.000000 1.000000 0.000000 0.199999 0.000000 -0.000000 1.000000 2.000000 0.000000 0.000000 0.000000 1.000000
1.000000 -0.000000 0.000000 0.000001 0.000000 1.000000 0.000000 0.199999 0.000000 -0.000000 1.000000 2.000000 0.000000 0.000000 0.000000 1.000000
1.000000 -0.000000 0.000000 0.000001 0.000000 1.000000 0.000000 0.199999 0.000000 -0.000000 1.000000 2.000000 0.000000 0.000000 0.000000 1.000000
1.000000 -0.000000 0.000000 0.000001 0.000000 1.000000 0.000000 0.199999 0.000000 -0.000000 1.000000 2.000000 0.000000 0.000000 0.000000 1.000000
1.000000 -0.000000 0.000000 0.000001 0.000000 1.000000 0.000000 0.199999 0.000000 -0.000000 1.000000 2.000000 0.000000 0.000000 0.000000 1.000000</float_array>
     <technique_common>
      <accessor source="#jnt_pump-Matrix-animation-output-transform-array" count="60" stride="16">
       <param type="float4x4"></param>
      </accessor>
     </technique_common>
    </source>
    <source id="jnt_pump-Interpolations">
     <Name_array id="jnt_pump-Interpolations-array" count="60">
 LINEAR LINEAR LINEAR LINEAR LINEAR LINEAR LINEAR LINEAR LINEAR LINEAR LINEAR
LINEAR LINEAR LINEAR LINEAR LINEAR LINEAR LINEAR LINEAR LINEAR LINEAR LINEAR LINEAR
LINEAR LINEAR LINEAR LINEAR LINEAR LINEAR LINEAR LINEAR LINEAR LINEAR LINEAR LINEAR
LINEAR LINEAR LINEAR LINEAR LINEAR LINEAR LINEAR LINEAR LINEAR LINEAR LINEAR LINEAR
LINEAR LINEAR LINEAR LINEAR LINEAR LINEAR LINEAR LINEAR LINEAR LINEAR LINEAR LINEAR
LINEAR</Name_array>
     <technique_common>
      <accessor source="#jnt_pump-Interpolations-array" count="60">
       <param type="name"></param>
      </accessor>
     </technique_common>
    </source>
    <sampler id="jnt_pump-Matrix-animation-transform">
     <input semantic="INPUT" source="#jnt_pump-Matrix-animation-input"></input>
     <input semantic="OUTPUT" source="#jnt_pump-Matrix-animation-output-transform"></input>
     <input semantic="INTERPOLATION" source="#jnt_pump-Interpolations"></input>
    </sampler>
    <channel source="#jnt_pump-Matrix-animation-transform" target="jnt_pump/matrix"></channel>
   </animation>
  </animation>
  <animation id="jnt_ammo-anim" name="jnt_ammo">
   <animation>
    <source id="jnt_ammo-Matrix-animation-input">
     <float_array id="jnt_ammo-Matrix-animation-input-array" count="60">

0.000000 0.033333 0.066667 0.100000 0.133333 0.166667 0.200000 0.233333 0.266667 0.300000 0.333333 0.366667 0.400000 0.433333 0.466667 0.500000
0.533333 0.566667 0.600000 0.633333 0.666667 0.700000 0.733333 0.766667 0.800000 0.833333 0.866667 0.900000 0.933333 0.966667 1.000000 1.033333
1.066667 1.100000 1.133333 1.166667 1.200000 1.233333 1.266667 1.300000 1.333333 1.366667 1.400000 1.433333 1.466667 1.500000 1.533333 1.566667
1.600000 1.633333 1.666667 1.700000 1.733333 1.766667 1.800000 1.833333 1.866667 1.900000 1.933333 1.966667</float_array>
     <technique_common>
      <accessor source="#jnt_ammo-Matrix-animation-input-array" count="60">
       <param name="TIME" type="float"></param>
      </accessor>
     </technique_common>
    </source>
    <source id="jnt_ammo-Matrix-animation-output-transform">
     <float_array id="jnt_ammo-Matrix-animation-output-transform-array" count="960">

1.000000 0.000001 -0.000001 0.000001 -0.000001 0.000000 -1.000000 0.339510 -0.000001 1.000000 0.000000 1.063953 0.000000 0.000000 0.000000 1.000000
1.000000 0.000001 -0.000001 0.000001 -0.000001 0.000000 -1.000000 0.339510 -0.000001 1.000000 0.000000 1.063953 0.000000 0.000000 0.000000 1.000000
1.000000 0.000001 -0.000001 0.000001 -0.000001 0.000000 -1.000000 0.339510 -0.000001 1.000000 0.000000 1.063953 0.000000 0.000000 0.000000 1.000000
1.000000 0.000001 -0.000001 0.000001 -0.000001 0.000000 -1.000000 0.339510 -0.000001 1.000000 0.000000 1.063953 0.000000 0.000000 0.000000 1.000000
1.000000 0.000001 -0.000001 0.000001 -0.000001 0.000000 -1.000000 0.339510 -0.000001 1.000000 0.000000 1.063953 0.000000 0.000000 0.000000 1.000000
1.000000 0.000001 -0.000001 0.000001 -0.000001 0.000000 -1.000000 0.339510 -0.000001 1.000000 0.000000 1.063953 0.000000 0.000000 0.000000 1.000000
1.000000 0.000001 -0.000001 0.000001 -0.000001 0.000000 -1.000000 0.339510 -0.000001 1.000000 0.000000 1.063953 0.000000 0.000000 0.000000 1.000000
1.000000 0.000001 -0.000001 0.000001 -0.000001 0.000000 -1.000000 0.339510 -0.000001 1.000000 0.000000 1.063953 0.000000 0.000000 0.000000 1.000000
1.000000 0.000001 -0.000001 0.000001 -0.000001 0.000000 -1.000000 0.339510 -0.000001 1.000000 0.000000 1.063953 0.000000 0.000000 0.000000 1.000000
1.000000 0.000001 -0.000001 0.000001 -0.000001 0.000000 -1.000000 0.339510 -0.000001 1.000000 0.000000 1.063953 0.000000 0.000000 0.000000 1.000000
1.000000 0.000001 -0.000001 0.000001 -0.000001 0.000000 -1.000000 0.339510 -0.000001 1.000000 0.000000 1.063953 0.000000 0.000000 0.000000 1.000000
1.000000 0.000001 -0.000001 0.000001 -0.000001 0.000000 -1.000000 0.339510 -0.000001 1.000000 0.000000 1.063953 0.000000 0.000000 0.000000 1.000000
1.000000 0.000001 -0.000001 0.000001 -0.000001 0.000000 -1.000000 0.339510 -0.000001 1.000000 0.000000 1.063953 0.000000 0.000000 0.000000 1.000000
1.000000 0.000001 -0.000001 0.000001 -0.000001 0.000000 -1.000000 0.339510 -0.000001 1.000000 0.000000 1.063953 0.000000 0.000000 0.000000 1.000000
1.000000 0.000001 -0.000001 0.000001 -0.000001 0.000000 -1.000000 0.339510 -0.000001 1.000000 0.000000 1.063953 0.000000 0.000000 0.000000 1.000000
1.000000 0.000001 -0.000001 0.000001 -0.000001 0.000000 -1.000000 0.339510 -0.000001 1.000000 0.000000 1.063953 0.000000 0.000000 0.000000 1.000000
1.000000 0.000001 -0.000001 0.000001 -0.000001 0.000000 -1.000000 0.339510 -0.000001 1.000000 0.000000 1.063953 0.000000 0.000000 0.000000 1.000000
1.000000 0.000001 -0.000001 0.000001 -0.000001 0.000000 -1.000000 0.339510 -0.000001 1.000000 0.000000 1.063953 0.000000 0.000000 0.000000 1.000000
1.000000 0.000001 -0.000001 0.000001 -0.000001 0.000000 -1.000000 0.339510 -0.000001 1.000000 0.000000 1.063953 0.000000 0.000000 0.000000 1.000000
1.000000 0.000001 -0.000001 0.000001 -0.000001 0.000000 -1.000000 0.339510 -0.000001 1.000000 0.000000 1.063953 0.000000 0.000000 0.000000 1.000000
1.000000 0.000001 -0.000001 0.000001 -0.000001 0.000000 -1.000000 0.339510 -0.000001 1.000000 0.000000 1.063953 0.000000 0.000000 0.000000 1.000000
1.000000 0.000001 -0.000001 0.000001 -0.000001 0.000000 -1.000000 0.339510 -0.000001 1.000000 0.000000 1.063953 0.000000 0.000000 0.000000 1.000000
1.000000 0.000001 -0.000001 0.000001 -0.000001 0.000000 -1.000000 0.339510 -0.000001 1.000000 0.000000 1.063953 0.000000 0.000000 0.000000 1.000000
1.000000 0.000001 -0.000001 0.000001 -0.000001 0.000000 -1.000000 0.339510 -0.000001 1.000000 0.000000 1.063953 0.000000 0.000000 0.000000 1.000000
1.000000 0.000001 -0.000001 0.000001 -0.000001 0.000000 -1.000000 0.339510 -0.000001 1.000000 0.000000 1.063953 0.000000 0.000000 0.000000 1.000000
1.000000 0.000001 -0.000001 0.000001 -0.000001 0.000000 -1.000000 0.339510 -0.000001 1.000000 0.000000 1.063953 0.000000 0.000000 0.000000 1.000000
1.000000 0.000001 -0.000001 0.000001 -0.000001 0.000000 -1.000000 0.339510 -0.000001 1.000000 0.000000 1.063953 0.000000 0.000000 0.000000 1.000000
1.000000 0.000001 -0.000001 0.000001 -0.000001 0.000000 -1.000000 0.339510 -0.000001 1.000000 0.000000 1.063953 0.000000 0.000000 0.000000 1.000000
1.000000 0.000001 -0.000001 0.000001 -0.000001 0.000000 -1.000000 0.339510 -0.000001 1.000000 0.000000 1.063953 0.000000 0.000000 0.000000 1.000000
