<?xml version="1.0"?>
<COLLADA xmlns="http://www.collada.org/2005/11/COLLADASchema" version="1.4.1">
 <asset>
  <contributor>
   <author></author>
   <authoring_tool>FBX COLLADA exporter</authoring_tool>
   <comments></comments>
  </contributor>
  <created>2024-08-29T16:26:41Z</created>
  <keywords></keywords>
  <modified>2024-08-29T16:26:41Z</modified>
  <revision></revision>
  <subject></subject>
  <title></title>
  <unit meter="0.010000" name="centimeter"></unit>
  <up_axis>Y_UP</up_axis>
 </asset>
 <library_animations>
  <animation id="Armature.003-anim" name="Armature.003">
   <animation>
    <source id="Armature.003-Matrix-animation-input">
     <float_array id="Armature.003-Matrix-animation-input-array" count="38">

0.000000 0.033333 0.066667 0.100000 0.133333 0.166667 0.200000 0.233333 0.266667 0.300000 0.333333 0.366667 0.400000 0.433333 0.466667 0.500000
0.533333 0.566667 0.600000 0.633333 0.666667 0.700000 0.733333 0.766667 0.800000 0.833333 0.866667 0.900000 0.933333 0.966667 1.000000 1.033333
1.066667 1.100000 1.133333 1.166667 1.200000 1.233333</float_array>
     <technique_common>
      <accessor source="#Armature.003-Matrix-animation-input-array" count="38">
       <param name="TIME" type="float"></param>
      </accessor>
     </technique_common>
    </source>
    <source id="Armature.003-Matrix-animation-output-transform">
     <float_array id="Armature.003-Matrix-animation-output-transform-array" count="608">

0.979916 0.170067 -0.104116 -0.905515 -0.198841 0.872653 -0.446025 2.871601 0.015003 0.457770 0.888944 0.678149 0.000000 0.000000 0.000000 1.000000
0.979926 0.170565 -0.103200 -0.904599 -0.198403 0.884959 -0.421287 2.893799 0.019471 0.433306 0.901037 0.693672 0.000000 0.000000 0.000000 1.000000
0.979976 0.171753 -0.100734 -0.902171 -0.196665 0.914013 -0.354828 2.953694 0.031130 0.367534 0.929489 0.734086 0.000000 0.000000 0.000000 1.000000
0.980099 0.173115 -0.097139 -0.898716 -0.192811 0.946587 -0.258448 3.041366 0.047209 0.272035 0.961129 0.790025 0.000000 0.000000 0.000000 1.000000
0.980311 0.174206 -0.092963 -0.894573 -0.186544 0.971422 -0.146762 3.146746 0.064739 0.161214 0.984794 0.851545 0.000000 0.000000 0.000000 1.000000
0.980586 0.174802 -0.088852 -0.890352 -0.178654 0.983202 -0.037370 3.258233 0.080827 0.052518 0.995344 0.909746 0.000000 0.000000 0.000000 1.000000
0.980857 0.174952 -0.085497 -0.886588 -0.171012 0.983923 0.051481 3.363630 0.093129 -0.035874 0.995008 0.956207 0.000000 0.000000 0.000000 1.000000
0.981035 0.174903 -0.083541 -0.883778 -0.166058 0.980703 0.103174 3.450435 0.099974 -0.087344 0.991149 0.983020 0.000000 0.000000 0.000000 1.000000
0.981055 0.174891 -0.083323 -0.882387 -0.165474 0.980170 0.109019 3.507382 0.100737 -0.093166 0.990542 0.984965 0.000000 0.000000 0.000000 1.000000
0.981027 0.174907 -0.083629 -0.882039 -0.166278 0.980897 0.100958 3.537130 0.099689 -0.085136 0.991370 0.967175 0.000000 0.000000 0.000000 1.000000
0.980992 0.174923 -0.083996 -0.881647 -0.167236 0.981687 0.091223 3.548651 0.098414 -0.075442 0.992282 0.920041 0.000000 0.000000 0.000000 1.000000
0.980976 0.174930 -0.084173 -0.880126 -0.167697 0.982037 0.086493 3.550565 0.097791 -0.070732 0.992690 0.831416 0.000000 0.000000 0.000000 1.000000
0.980089 0.177329 -0.089328 -0.870777 -0.164614 0.977235 0.133841 3.506690 0.111028 -0.116472 0.986969 0.711220 0.000000 0.000000 0.000000 1.000000
0.979137 0.179964 -0.094352 -0.860523 -0.160901 0.970255 0.180876 3.453186 0.124096 -0.161921 0.978970 0.621695 0.000000 0.000000 0.000000 1.000000
0.979159 0.179906 -0.094229 -0.857036 -0.160976 0.970406 0.179996 3.437344 0.123823 -0.161076 0.979144 0.580246 0.000000 0.000000 0.000000 1.000000
0.979236 0.179702 -0.093822 -0.855004 -0.161256 0.970968 0.176686 3.428039 0.122849 -0.157888 0.979786 0.556509 0.000000 0.000000 0.000000 1.000000
0.979380 0.179306 -0.093074 -0.853988 -0.161820 0.972079 0.169927 3.423206 0.120944 -0.151362 0.981052 0.545136 0.000000 0.000000 0.000000 1.000000
0.979603 0.178677 -0.091926 -0.853544 -0.162731 0.973825 0.158691 3.420769 0.117874 -0.140495 0.983040 0.540870 0.000000 0.000000 0.000000 1.000000
0.979915 0.177785 -0.090319 -0.853554 -0.164021 0.976185 0.141984 3.420321 0.113411 -0.124318 0.985740 0.542639 0.000000 0.000000 0.000000 1.000000
0.980297 0.176659 -0.088363 -0.855454 -0.165578 0.978861 0.120057 3.428706 0.107704 -0.103061 0.988827 0.568730 0.000000 0.000000 0.000000 1.000000
0.980709 0.175369 -0.086341 -0.858952 -0.167178 0.981394 0.094433 3.442942 0.101295 -0.078177 0.991781 0.614091 0.000000 0.000000 0.000000 1.000000
0.981114 0.173971 -0.084548 -0.863460 -0.168631 0.983419 0.066711 3.458352 0.094752 -0.051194 0.994184 0.668758 0.000000 0.000000 0.000000 1.000000
0.981482 0.172496 -0.083287 -0.868343 -0.169797 0.984725 0.038531 3.470116 0.088662 -0.023675 0.995781 0.723555 0.000000 0.000000 0.000000 1.000000
0.981787 0.170955 -0.082870 -0.872990 -0.170589 0.985274 0.011533 3.473474 0.083621 0.002813 0.996494 0.768796 0.000000 0.000000 0.000000 1.000000
0.982009 0.169405 -0.083416 -0.876867 -0.170996 0.985195 -0.012260 3.468978 0.080105 0.026303 0.996440 0.797452 0.000000 0.000000 0.000000 1.000000
0.982145 0.168164 -0.084326 -0.879566 -0.171141 0.984808 -0.029370 3.463305 0.078106 0.043277 0.996005 0.811188 0.000000 0.000000 0.000000 1.000000
0.982191 0.167653 -0.084802 -0.880898 -0.171164 0.984587 -0.035926 3.460477 0.077472 0.049802 0.995750 0.814843 0.000000 0.000000 0.000000 1.000000
0.982139 0.169144 -0.082408 -0.881187 -0.170982 0.985148 -0.015727 3.480205 0.078524 0.029536 0.996475 0.816408 0.000000 0.000000 0.000000 1.000000
0.982064 0.171952 -0.077343 -0.881095 -0.169985 0.984946 0.031388 3.525943 0.081576 -0.017678 0.996511 0.819934 0.000000 0.000000 0.000000 1.000000
0.982081 0.173774 -0.072932 -0.880843 -0.167480 0.982201 0.085036 3.577446 0.086411 -0.071297 0.993705 0.823730 0.000000 0.000000 0.000000 1.000000
0.982230 0.173416 -0.071765 -0.880257 -0.163414 0.978299 0.127385 3.617081 0.092298 -0.113393 0.989254 0.826555 0.000000 0.000000 0.000000 1.000000
0.982373 0.172333 -0.072412 -0.879318 -0.160004 0.975510 0.150927 3.638534 0.096648 -0.136680 0.985890 0.828129 0.000000 0.000000 0.000000 1.000000
0.982371 0.172171 -0.072820 -0.878438 -0.159547 0.975205 0.153359 3.640572 0.097418 -0.139038 0.985484 0.828126 0.000000 0.000000 0.000000 1.000000
0.982195 0.172572 -0.074239 -0.877969 -0.160262 0.975885 0.148201 3.634975 0.098024 -0.133665 0.986167 0.827864 0.000000 0.000000 0.000000 1.000000
0.981908 0.173201 -0.076527 -0.877829 -0.161418 0.976921 0.139888 3.625964 0.098990 -0.125004 0.987206 0.827571 0.000000 0.000000 0.000000 1.000000
0.981582 0.173885 -0.079111 -0.877899 -0.162731 0.978000 0.130515 3.615819 0.100065 -0.115238 0.988285 0.827278 0.000000 0.000000 0.000000 1.000000
0.981291 0.174470 -0.081411 -0.878063 -0.163904 0.978880 0.122186 3.606812 0.101009 -0.106557 0.989163 0.827028 0.000000 0.000000 0.000000 1.000000
0.981108 0.174824 -0.082841 -0.878201 -0.164637 0.979389 0.117011 3.601221 0.101590 -0.101162 0.989670 0.826876 0.000000 0.000000 0.000000 1.000000</float_array>
     <technique_common>
      <accessor source="#Armature.003-Matrix-animation-output-transform-array" count="38" stride="16">
       <param type="float4x4"></param>
      </accessor>
     </technique_common>
    </source>
    <source id="Armature.003-Interpolations">
     <Name_array id="Armature.003-Interpolations-array" count="38">
 LINEAR LINEAR LINEAR LINEAR LINEAR LINEAR LINEAR LINEAR LINEAR LINEAR LINEAR
LINEAR LINEAR LINEAR LINEAR LINEAR LINEAR LINEAR LINEAR LINEAR LINEAR LINEAR LINEAR
LINEAR LINEAR LINEAR LINEAR LINEAR LINEAR LINEAR LINEAR LINEAR LINEAR LINEAR LINEAR
LINEAR LINEAR LINEAR</Name_array>
     <technique_common>
      <accessor source="#Armature.003-Interpolations-array" count="38">
       <param type="name"></param>
      </accessor>
     </technique_common>
    </source>
    <sampler id="Armature.003-Matrix-animation-transform">
     <input semantic="INPUT" source="#Armature.003-Matrix-animation-input"></input>
     <input semantic="OUTPUT" source="#Armature.003-Matrix-animation-output-transform"></input>
     <input semantic="INTERPOLATION" source="#Armature.003-Interpolations"></input>
    </sampler>
    <channel source="#Armature.003-Matrix-animation-transform" target="Armature.003/matrix"></channel>
   </animation>
  </animation>
  <animation id="jnt_anim-anim" name="jnt_anim">
   <animation>
    <source id="jnt_anim-Matrix-animation-input">
     <float_array id="jnt_anim-Matrix-animation-input-array" count="38">

0.000000 0.033333 0.066667 0.100000 0.133333 0.166667 0.200000 0.233333 0.266667 0.300000 0.333333 0.366667 0.400000 0.433333 0.466667 0.500000
0.533333 0.566667 0.600000 0.633333 0.666667 0.700000 0.733333 0.766667 0.800000 0.833333 0.866667 0.900000 0.933333 0.966667 1.000000 1.033333
1.066667 1.100000 1.133333 1.166667 1.200000 1.233333</float_array>
     <technique_common>
      <accessor source="#jnt_anim-Matrix-animation-input-array" count="38">
       <param name="TIME" type="float"></param>
      </accessor>
     </technique_common>
    </source>
    <source id="jnt_anim-Matrix-animation-output-transform">
     <float_array id="jnt_anim-Matrix-animation-output-transform-array" count="608">

1.000000 -0.000000 -0.000000 0.000000 0.000000 1.000000 -0.000000 0.000000 0.000000 0.000000 1.000000 0.000000 0.000000 0.000000 0.000000 1.000000
1.000000 -0.000000 -0.000000 0.000000 0.000000 1.000000 -0.000000 0.000000 0.000000 0.000000 1.000000 0.000000 0.000000 0.000000 0.000000 1.000000
1.000000 -0.000000 -0.000000 0.000000 0.000000 1.000000 -0.000000 0.000000 0.000000 0.000000 1.000000 0.000000 0.000000 0.000000 0.000000 1.000000
1.000000 -0.000000 -0.000000 0.000000 0.000000 1.000000 -0.000000 0.000000 0.000000 0.000000 1.000000 0.000000 0.000000 0.000000 0.000000 1.000000
1.000000 -0.000000 -0.000000 0.000000 0.000000 1.000000 -0.000000 0.000000 0.000000 0.000000 1.000000 0.000000 0.000000 0.000000 0.000000 1.000000
1.000000 -0.000000 -0.000000 0.000000 0.000000 1.000000 -0.000000 0.000000 0.000000 0.000000 1.000000 0.000000 0.000000 0.000000 0.000000 1.000000
1.000000 -0.000000 -0.000000 0.000000 0.000000 1.000000 -0.000000 0.000000 0.000000 0.000000 1.000000 0.000000 0.000000 0.000000 0.000000 1.000000
1.000000 -0.000000 -0.000000 0.000000 0.000000 1.000000 -0.000000 0.000000 0.000000 0.000000 1.000000 0.000000 0.000000 0.000000 0.000000 1.000000
1.000000 -0.000000 -0.000000 0.000000 0.000000 1.000000 -0.000000 0.000000 0.000000 0.000000 1.000000 0.000000 0.000000 0.000000 0.000000 1.000000
1.000000 -0.000000 -0.000000 0.000000 0.000000 1.000000 -0.000000 0.000000 0.000000 0.000000 1.000000 0.000000 0.000000 0.000000 0.000000 1.000000
1.000000 -0.000000 -0.000000 0.000000 0.000000 1.000000 -0.000000 0.000000 0.000000 0.000000 1.000000 0.000000 0.000000 0.000000 0.000000 1.000000
1.000000 -0.000000 -0.000000 0.000000 0.000000 1.000000 -0.000000 0.000000 0.000000 0.000000 1.000000 0.000000 0.000000 0.000000 0.000000 1.000000
1.000000 -0.000000 -0.000000 0.000000 0.000000 1.000000 -0.000000 0.000000 0.000000 0.000000 1.000000 0.000000 0.000000 0.000000 0.000000 1.000000
1.000000 -0.000000 -0.000000 0.000000 0.000000 1.000000 -0.000000 0.000000 0.000000 0.000000 1.000000 0.000000 0.000000 0.000000 0.000000 1.000000
1.000000 -0.000000 -0.000000 0.000000 0.000000 1.000000 -0.000000 0.000000 0.000000 0.000000 1.000000 0.000000 0.000000 0.000000 0.000000 1.000000
1.000000 -0.000000 -0.000000 0.000000 0.000000 1.000000 -0.000000 0.000000 0.000000 0.000000 1.000000 0.000000 0.000000 0.000000 0.000000 1.000000
1.000000 -0.000000 -0.000000 0.000000 0.000000 1.000000 -0.000000 0.000000 0.000000 0.000000 1.000000 0.000000 0.000000 0.000000 0.000000 1.000000
1.000000 -0.000000 -0.000000 0.000000 0.000000 1.000000 -0.000000 0.000000 0.000000 0.000000 1.000000 0.000000 0.000000 0.000000 0.000000 1.000000
1.000000 -0.000000 -0.000000 0.000000 0.000000 1.000000 -0.000000 0.000000 0.000000 0.000000 1.000000 0.000000 0.000000 0.000000 0.000000 1.000000
1.000000 -0.000000 -0.000000 0.000000 0.000000 1.000000 -0.000000 0.000000 0.000000 0.000000 1.000000 0.000000 0.000000 0.000000 0.000000 1.000000
1.000000 -0.000000 -0.000000 0.000000 0.000000 1.000000 -0.000000 0.000000 0.000000 0.000000 1.000000 0.000000 0.000000 0.000000 0.000000 1.000000
1.000000 -0.000000 -0.000000 0.000000 0.000000 1.000000 -0.000000 0.000000 0.000000 0.000000 1.000000 0.000000 0.000000 0.000000 0.000000 1.000000
1.000000 -0.000000 -0.000000 0.000000 0.000000 1.000000 -0.000000 0.000000 0.000000 0.000000 1.000000 0.000000 0.000000 0.000000 0.000000 1.000000
1.000000 -0.000000 -0.000000 0.000000 0.000000 1.000000 -0.000000 0.000000 0.000000 0.000000 1.000000 0.000000 0.000000 0.000000 0.000000 1.000000
1.000000 -0.000000 -0.000000 0.000000 0.000000 1.000000 -0.000000 0.000000 0.000000 0.000000 1.000000 0.000000 0.000000 0.000000 0.000000 1.000000
1.000000 -0.000000 -0.000000 0.000000 0.000000 1.000000 -0.000000 0.000000 0.000000 0.000000 1.000000 0.000000 0.000000 0.000000 0.000000 1.000000
1.000000 -0.000000 -0.000000 0.000000 0.000000 1.000000 -0.000000 0.000000 0.000000 0.000000 1.000000 0.000000 0.000000 0.000000 0.000000 1.000000
1.000000 -0.000000 -0.000000 0.000000 0.000000 1.000000 -0.000000 0.000000 0.000000 0.000000 1.000000 0.000000 0.000000 0.000000 0.000000 1.000000
1.000000 -0.000000 -0.000000 0.000000 0.000000 1.000000 -0.000000 0.000000 0.000000 0.000000 1.000000 0.000000 0.000000 0.000000 0.000000 1.000000
1.000000 -0.000000 -0.000000 0.000000 0.000000 1.000000 -0.000000 0.000000 0.000000 0.000000 1.000000 0.000000 0.000000 0.000000 0.000000 1.000000
1.000000 -0.000000 -0.000000 0.000000 0.000000 1.000000 -0.000000 0.000000 0.000000 0.000000 1.000000 0.000000 0.000000 0.000000 0.000000 1.000000
1.000000 -0.000000 -0.000000 0.000000 0.000000 1.000000 -0.000000 0.000000 0.000000 0.000000 1.000000 0.000000 0.000000 0.000000 0.000000 1.000000
1.000000 -0.000000 -0.000000 0.000000 0.000000 1.000000 -0.000000 0.000000 0.000000 0.000000 1.000000 0.000000 0.000000 0.000000 0.000000 1.000000
1.000000 -0.000000 -0.000000 0.000000 0.000000 1.000000 -0.000000 0.000000 0.000000 0.000000 1.000000 0.000000 0.000000 0.000000 0.000000 1.000000
1.000000 -0.000000 -0.000000 0.000000 0.000000 1.000000 -0.000000 0.000000 0.000000 0.000000 1.000000 0.000000 0.000000 0.000000 0.000000 1.000000
1.000000 -0.000000 -0.000000 0.000000 0.000000 1.000000 -0.000000 0.000000 0.000000 0.000000 1.000000 0.000000 0.000000 0.000000 0.000000 1.000000
1.000000 -0.000000 -0.000000 0.000000 0.000000 1.000000 -0.000000 0.000000 0.000000 0.000000 1.000000 0.000000 0.000000 0.000000 0.000000 1.000000
1.000000 -0.000000 -0.000000 0.000000 0.000000 1.000000 -0.000000 0.000000 0.000000 0.000000 1.000000 0.000000 0.000000 0.000000 0.000000 1.000000</float_array>
     <technique_common>
      <accessor source="#jnt_anim-Matrix-animation-output-transform-array" count="38" stride="16">
       <param type="float4x4"></param>
      </accessor>
     </technique_common>
    </source>
    <source id="jnt_anim-Interpolations">
     <Name_array id="jnt_anim-Interpolations-array" count="38">
 LINEAR LINEAR LINEAR LINEAR LINEAR LINEAR LINEAR LINEAR LINEAR LINEAR LINEAR
LINEAR LINEAR LINEAR LINEAR LINEAR LINEAR LINEAR LINEAR LINEAR LINEAR LINEAR LINEAR
LINEAR LINEAR LINEAR LINEAR LINEAR LINEAR LINEAR LINEAR LINEAR LINEAR LINEAR LINEAR
LINEAR LINEAR LINEAR</Name_array>
     <technique_common>
      <accessor source="#jnt_anim-Interpolations-array" count="38">
       <param type="name"></param>
      </accessor>
     </technique_common>
    </source>
    <sampler id="jnt_anim-Matrix-animation-transform">
     <input semantic="INPUT" source="#jnt_anim-Matrix-animation-input"></input>
     <input semantic="OUTPUT" source="#jnt_anim-Matrix-animation-output-transform"></input>
     <input semantic="INTERPOLATION" source="#jnt_anim-Interpolations"></input>
    </sampler>
    <channel source="#jnt_anim-Matrix-animation-transform" target="jnt_anim/matrix"></channel>
   </animation>
  </animation>
  <animation id="jnt_sight-anim" name="jnt_sight">
   <animation>
    <source id="jnt_sight-Matrix-animation-input">
     <float_array id="jnt_sight-Matrix-animation-input-array" count="38">

0.000000 0.033333 0.066667 0.100000 0.133333 0.166667 0.200000 0.233333 0.266667 0.300000 0.333333 0.366667 0.400000 0.433333 0.466667 0.500000
0.533333 0.566667 0.600000 0.633333 0.666667 0.700000 0.733333 0.766667 0.800000 0.833333 0.866667 0.900000 0.933333 0.966667 1.000000 1.033333
1.066667 1.100000 1.133333 1.166667 1.200000 1.233333</float_array>
     <technique_common>
      <accessor source="#jnt_sight-Matrix-animation-input-array" count="38">
       <param name="TIME" type="float"></param>
      </accessor>
     </technique_common>
    </source>
    <source id="jnt_sight-Matrix-animation-output-transform">
     <float_array id="jnt_sight-Matrix-animation-output-transform-array" count="608">

1.000000 0.000000 -0.000000 0.000000 -0.000000 -0.000000 -1.000000 0.268976 -0.000000 1.000000 -0.000000 0.666443 0.000000 0.000000 0.000000 1.000000
1.000000 0.000000 -0.000000 -0.000000 -0.000000 -0.000000 -1.000000 0.268976 -0.000000 1.000000 -0.000000 0.666443 0.000000 0.000000 0.000000 1.000000
1.000000 0.000000 -0.000000 0.000000 -0.000000 -0.000000 -1.000000 0.268976 -0.000000 1.000000 -0.000000 0.666443 0.000000 0.000000 0.000000 1.000000
1.000000 0.000000 -0.000000 0.000000 -0.000000 -0.000000 -1.000000 0.268976 -0.000000 1.000000 -0.000000 0.666443 0.000000 0.000000 0.000000 1.000000
1.000000 0.000000 -0.000000 -0.000000 -0.000000 -0.000000 -1.000000 0.268976 -0.000000 1.000000 -0.000000 0.666443 0.000000 0.000000 0.000000 1.000000
1.000000 0.000000 -0.000000 -0.000000 -0.000000 -0.000000 -1.000000 0.268976 -0.000000 1.000000 -0.000000 0.666443 0.000000 0.000000 0.000000 1.000000
1.000000 0.000000 -0.000000 0.000000 -0.000000 -0.000000 -1.000000 0.268976 -0.000000 1.000000 -0.000000 0.666443 0.000000 0.000000 0.000000 1.000000
1.000000 0.000000 -0.000000 0.000000 -0.000000 -0.000000 -1.000000 0.268976 -0.000000 1.000000 -0.000000 0.666443 0.000000 0.000000 0.000000 1.000000
1.000000 -0.000629 -0.000035 0.000000 0.000011 0.074160 -0.997246 0.268976 0.000630 0.997246 0.074160 0.666443 0.000000 0.000000 0.000000 1.000000
0.999989 -0.004536 -0.001455 0.000000 0.001236 0.541986 -0.840387 0.268976 0.004601 0.840375 0.541985 0.666443 0.000000 0.000000 0.000000 1.000000
0.999953 -0.007684 -0.005830 0.000000 0.005315 0.943342 -0.331778 0.268976 0.008049 0.331731 0.943339 0.666443 0.000000 0.000000 0.000000 1.000000
0.999931 -0.007720 -0.008856 -0.000000 0.008021 0.999373 0.034487 0.268976 0.008584 -0.034556 0.999366 0.666443 0.000000 0.000000 0.000000 1.000000
0.999929 -0.007313 -0.009423 -0.000000 0.008303 0.993924 0.109751 0.268976 0.008563 -0.109821 0.993914 0.666443 0.000000 0.000000 0.000000 1.000000
0.999931 -0.006927 -0.009489 0.000000 0.008021 0.992676 0.120539 0.268976 0.008584 -0.120607 0.992663 0.666443 0.000000 0.000000 0.000000 1.000000
0.999958 -0.005341 -0.007510 0.000000 0.006041 0.995314 0.096507 0.268976 0.006959 -0.096548 0.995304 0.666443 0.000000 0.000000 0.000000 1.000000
0.999990 -0.002632 -0.003602 0.000000 0.002800 0.998882 0.047195 0.268976 0.003473 -0.047205 0.998879 0.666443 0.000000 0.000000 0.000000 1.000000
1.000000 -0.000374 -0.000497 0.000000 0.000377 0.999978 0.006615 0.268976 0.000494 -0.006615 0.999978 0.666443 0.000000 0.000000 0.000000 1.000000
1.000000 0.000000 0.000000 0.000000 0.000000 1.000000 -0.000000 0.268976 -0.000000 0.000000 1.000000 0.666443 0.000000 0.000000 0.000000 1.000000
1.000000 -0.000000 0.000000 0.000000 0.000000 1.000000 -0.000000 0.268976 -0.000000 0.000000 1.000000 0.666443 0.000000 0.000000 0.000000 1.000000
1.000000 0.000000 0.000000 0.000000 0.000000 1.000000 -0.000000 0.268976 -0.000000 0.000000 1.000000 0.666443 0.000000 0.000000 0.000000 1.000000
1.000000 -0.000000 0.000000 0.000000 0.000000 1.000000 -0.000000 0.268976 -0.000000 0.000000 1.000000 0.666443 0.000000 0.000000 0.000000 1.000000
1.000000 0.000000 0.000000 -0.000000 0.000000 1.000000 -0.000000 0.268976 -0.000000 0.000000 1.000000 0.666443 0.000000 0.000000 0.000000 1.000000
1.000000 0.000000 0.000000 0.000000 0.000000 1.000000 -0.000000 0.268976 -0.000000 0.000000 1.000000 0.666443 0.000000 0.000000 0.000000 1.000000
0.999997 0.002338 0.000100 0.000000 -0.002338 0.999997 0.000171 0.268976 -0.000100 -0.000171 1.000000 0.666443 0.000000 0.000000 0.000000 1.000000
0.999920 0.012623 0.000549 0.000000 -0.012624 0.999919 0.001428 0.268976 -0.000531 -0.001435 0.999999 0.666443 0.000000 0.000000 0.000000 1.000000
0.999943 0.010624 0.000391 0.000000 -0.010626 0.999937 0.003645 0.268976 -0.000352 -0.003649 0.999993 0.666443 0.000000 0.000000 0.000000 1.000000
0.999964 -0.008453 -0.000831 0.000000 0.008458 0.999948 0.005683 0.268976 0.000783 -0.005690 0.999984 0.666443 0.000000 0.000000 0.000000 1.000000
0.999933 -0.011519 -0.000876 0.000000 0.011522 0.999926 0.003827 0.268976 0.000832 -0.003837 0.999992 0.666443 0.000000 0.000000 0.000000 1.000000
0.999991 -0.004207 0.000435 0.000000 0.004211 0.999952 -0.008832 0.268976 -0.000397 0.008834 0.999961 0.666443 0.000000 0.000000 0.000000 1.000000
0.999994 0.003121 0.001653 0.000000 -0.003085 0.999764 -0.021499 0.268976 -0.001720 0.021494 0.999767 0.666443 0.000000 0.000000 0.000000 1.000000
0.999989 0.004294 0.001813 0.000000 -0.004251 0.999723 -0.023150 0.268976 -0.001912 0.023142 0.999730 0.666443 0.000000 0.000000 0.000000 1.000000
0.999992 0.003591 0.001524 -0.000000 -0.003561 0.999806 -0.019375 0.268976 -0.001594 0.019369 0.999811 0.666443 0.000000 0.000000 0.000000 1.000000
0.999996 0.002492 0.001067 0.000000 -0.002477 0.999906 -0.013463 0.268976 -0.001100 0.013460 0.999909 0.666443 0.000000 0.000000 0.000000 1.000000
0.999999 0.001317 0.000569 0.000000 -0.001313 0.999974 -0.007123 0.268976 -0.000578 0.007122 0.999974 0.666443 0.000000 0.000000 0.000000 1.000000
1.000000 0.000381 0.000166 0.000000 -0.000381 0.999998 -0.002066 0.268976 -0.000167 0.002066 0.999998 0.666443 0.000000 0.000000 0.000000 1.000000
1.000000 0.000000 0.000000 0.000000 0.000000 1.000000 -0.000000 0.268976 -0.000000 0.000000 1.000000 0.666443 0.000000 0.000000 0.000000 1.000000
1.000000 0.000000 0.000000 0.000000 0.000000 1.000000 -0.000000 0.268976 -0.000000 0.000000 1.000000 0.666443 0.000000 0.000000 0.000000 1.000000
1.000000 0.000000 0.000000 0.000000 0.000000 1.000000 -0.000000 0.268976 -0.000000 0.000000 1.000000 0.666443 0.000000 0.000000 0.000000 1.000000</float_array>
     <technique_common>
      <accessor source="#jnt_sight-Matrix-animation-output-transform-array" count="38" stride="16">
       <param type="float4x4"></param>
      </accessor>
     </technique_common>
    </source>
    <source id="jnt_sight-Interpolations">
     <Name_array id="jnt_sight-Interpolations-array" count="38">
 LINEAR LINEAR LINEAR LINEAR LINEAR LINEAR LINEAR LINEAR LINEAR LINEAR LINEAR
LINEAR LINEAR LINEAR LINEAR LINEAR LINEAR LINEAR LINEAR LINEAR LINEAR LINEAR LINEAR
LINEAR LINEAR LINEAR LINEAR LINEAR LINEAR LINEAR LINEAR LINEAR LINEAR LINEAR LINEAR
LINEAR LINEAR LINEAR</Name_array>
     <technique_common>
      <accessor source="#jnt_sight-Interpolations-array" count="38">
       <param type="name"></param>
      </accessor>
     </technique_common>
    </source>
    <sampler id="jnt_sight-Matrix-animation-transform">
     <input semantic="INPUT" source="#jnt_sight-Matrix-animation-input"></input>
     <input semantic="OUTPUT" source="#jnt_sight-Matrix-animation-output-transform"></input>
     <input semantic="INTERPOLATION" source="#jnt_sight-Interpolations"></input>
    </sampler>
    <channel source="#jnt_sight-Matrix-animation-transform" target="jnt_sight/matrix"></channel>
   </animation>
  </animation>
  <animation id="jnt_trigger-anim" name="jnt_trigger">
   <animation>
    <source id="jnt_trigger-Matrix-animation-input">
     <float_array id="jnt_trigger-Matrix-animation-input-array" count="38">

0.000000 0.033333 0.066667 0.100000 0.133333 0.166667 0.200000 0.233333 0.266667 0.300000 0.333333 0.366667 0.400000 0.433333 0.466667 0.500000
0.533333 0.566667 0.600000 0.633333 0.666667 0.700000 0.733333 0.766667 0.800000 0.833333 0.866667 0.900000 0.933333 0.966667 1.000000 1.033333
1.066667 1.100000 1.133333 1.166667 1.200000 1.233333</float_array>
     <technique_common>
      <accessor source="#jnt_trigger-Matrix-animation-input-array" count="38">
       <param name="TIME" type="float"></param>
      </accessor>
     </technique_common>
    </source>
    <source id="jnt_trigger-Matrix-animation-output-transform">
     <float_array id="jnt_trigger-Matrix-animation-output-transform-array" count="608">

1.000000 0.000000 0.000000 0.000000 0.000000 1.000000 -0.000000 0.173472 -0.000000 -0.000000 1.000000 0.079098 0.000000 0.000000 0.000000 1.000000
1.000000 -0.000000 0.000000 -0.000000 -0.000000 1.000000 -0.000000 0.173472 -0.000000 0.000000 1.000000 0.079098 0.000000 0.000000 0.000000 1.000000
1.000000 -0.000000 0.000000 0.000000 -0.000000 1.000000 0.000000 0.173472 -0.000000 0.000000 1.000000 0.079098 0.000000 0.000000 0.000000 1.000000
1.000000 0.000000 0.000000 -0.000000 0.000000 1.000000 0.000000 0.173472 -0.000000 0.000000 1.000000 0.079098 0.000000 0.000000 0.000000 1.000000
1.000000 0.000000 0.000000 -0.000000 0.000000 1.000000 0.000000 0.173472 -0.000000 -0.000000 1.000000 0.079098 0.000000 0.000000 0.000000 1.000000
1.000000 -0.000000 0.000000 0.000000 -0.000000 1.000000 -0.000000 0.173472 -0.000000 0.000000 1.000000 0.079098 0.000000 0.000000 0.000000 1.000000
1.000000 0.000000 0.000000 0.000000 -0.000000 1.000000 0.000000 0.173472 -0.000000 0.000000 1.000000 0.079098 0.000000 0.000000 0.000000 1.000000
1.000000 -0.000000 0.000000 0.000000 0.000000 1.000000 -0.000000 0.173472 -0.000000 0.000000 1.000000 0.079098 0.000000 0.000000 0.000000 1.000000
1.000000 -0.000000 0.000000 0.000000 -0.000000 1.000000 0.000000 0.173472 -0.000000 0.000000 1.000000 0.079098 0.000000 0.000000 0.000000 1.000000
1.000000 0.000000 0.000000 0.000000 -0.000000 1.000000 0.000000 0.173472 -0.000000 0.000000 1.000000 0.079098 0.000000 0.000000 0.000000 1.000000
1.000000 0.000000 0.000000 0.000000 -0.000000 1.000000 0.000000 0.173472 -0.000000 0.000000 1.000000 0.079098 0.000000 0.000000 0.000000 1.000000
1.000000 0.000000 0.000000 0.000000 0.000000 1.000000 -0.000000 0.173472 -0.000000 0.000000 1.000000 0.079098 0.000000 0.000000 0.000000 1.000000
1.000000 0.000000 0.000000 0.000000 0.000000 1.000000 -0.000000 0.173472 -0.000000 0.000000 1.000000 0.079098 0.000000 0.000000 0.000000 1.000000
1.000000 0.000000 0.000000 0.000000 0.000000 1.000000 0.000000 0.173472 -0.000000 0.000000 1.000000 0.079098 0.000000 0.000000 0.000000 1.000000
1.000000 0.000000 0.000000 0.000000 -0.000000 1.000000 0.000000 0.173472 -0.000000 0.000000 1.000000 0.079098 0.000000 0.000000 0.000000 1.000000
1.000000 0.000000 0.000000 0.000000 0.000000 1.000000 0.000000 0.173472 -0.000000 0.000000 1.000000 0.079098 0.000000 0.000000 0.000000 1.000000
1.000000 0.000000 0.000000 0.000000 0.000000 1.000000 0.000000 0.173472 -0.000000 0.000000 1.000000 0.079098 0.000000 0.000000 0.000000 1.000000
1.000000 -0.000000 0.000000 0.000000 0.000000 1.000000 0.000000 0.173472 -0.000000 0.000000 1.000000 0.079098 0.000000 0.000000 0.000000 1.000000
1.000000 0.000000 0.000000 -0.000000 -0.000000 1.000000 0.000000 0.173472 -0.000000 0.000000 1.000000 0.079098 0.000000 0.000000 0.000000 1.000000
1.000000 -0.000000 0.000000 0.000000 -0.000000 1.000000 0.000000 0.173472 -0.000000 -0.000000 1.000000 0.079098 0.000000 0.000000 0.000000 1.000000
1.000000 -0.000000 0.000000 0.000000 -0.000000 1.000000 0.000000 0.173472 -0.000000 0.000000 1.000000 0.079098 0.000000 0.000000 0.000000 1.000000
1.000000 0.000000 0.000000 -0.000000 -0.000000 1.000000 -0.000000 0.173472 -0.000000 0.000000 1.000000 0.079098 0.000000 0.000000 0.000000 1.000000
1.000000 0.000000 0.000000 0.000000 -0.000000 1.000000 0.000000 0.173472 -0.000000 0.000000 1.000000 0.079098 0.000000 0.000000 0.000000 1.000000
1.000000 0.000000 0.000000 0.000000 0.000000 0.980829 -0.194868 0.173472 -0.000000 0.194868 0.980829 0.079098 0.000000 0.000000 0.000000 1.000000
1.000000 0.000000 0.000000 0.000000 0.000000 0.924053 -0.382264 0.173472 -0.000000 0.382264 0.924053 0.079098 0.000000 0.000000 0.000000 1.000000
1.000000 0.000000 0.000000 0.000000 0.000000 0.924053 -0.382264 0.173472 -0.000000 0.382264 0.924053 0.079098 0.000000 0.000000 0.000000 1.000000
1.000000 0.000000 0.000000 0.000000 0.000000 0.924053 -0.382264 0.173472 -0.000000 0.382264 0.924053 0.079098 0.000000 0.000000 0.000000 1.000000
1.000000 0.000000 0.000000 0.000000 0.000000 0.924053 -0.382264 0.173472 -0.000000 0.382264 0.924053 0.079098 0.000000 0.000000 0.000000 1.000000
1.000000 0.000000 0.000000 0.000000 0.000000 0.928172 -0.372152 0.173472 -0.000000 0.372152 0.928172 0.079098 0.000000 0.000000 0.000000 1.000000
1.000000 0.000000 0.000000 0.000000 -0.000000 0.953014 -0.302927 0.173472 -0.000000 0.302927 0.953014 0.079098 0.000000 0.000000 0.000000 1.000000
1.000000 0.000000 0.000000 0.000000 0.000000 0.980830 -0.194868 0.173472 -0.000000 0.194868 0.980830 0.079098 0.000000 0.000000 0.000000 1.000000
1.000000 0.000000 0.000000 0.000000 0.000000 0.996433 -0.084382 0.173472 -0.000000 0.084382 0.996433 0.079098 0.000000 0.000000 0.000000 1.000000
1.000000 0.000000 0.000000 0.000000 0.000000 0.999940 -0.010918 0.173472 -0.000000 0.010918 0.999940 0.079098 0.000000 0.000000 0.000000 1.000000
1.000000 -0.000000 0.000000 0.000000 0.000000 1.000000 -0.000000 0.173472 -0.000000 0.000000 1.000000 0.079098 0.000000 0.000000 0.000000 1.000000
1.000000 0.000000 0.000000 0.000000 0.000000 1.000000 -0.000000 0.173472 -0.000000 0.000000 1.000000 0.079098 0.000000 0.000000 0.000000 1.000000
1.000000 0.000000 0.000000 0.000000 0.000000 1.000000 -0.000000 0.173472 -0.000000 0.000000 1.000000 0.079098 0.000000 0.000000 0.000000 1.000000
1.000000 0.000000 0.000000 0.000000 0.000000 1.000000 -0.000000 0.173472 -0.000000 0.000000 1.000000 0.079098 0.000000 0.000000 0.000000 1.000000
1.000000 0.000000 0.000000 0.000000 -0.000000 1.000000 0.000000 0.173472 -0.000000 -0.000000 1.000000 0.079098 0.000000 0.000000 0.000000 1.000000</float_array>
     <technique_common>
      <accessor source="#jnt_trigger-Matrix-animation-output-transform-array" count="38" stride="16">
       <param type="float4x4"></param>
      </accessor>
     </technique_common>
    </source>
    <source id="jnt_trigger-Interpolations">
     <Name_array id="jnt_trigger-Interpolations-array" count="38">
 LINEAR LINEAR LINEAR LINEAR LINEAR LINEAR LINEAR LINEAR LINEAR LINEAR LINEAR
LINEAR LINEAR LINEAR LINEAR LINEAR LINEAR LINEAR LINEAR LINEAR LINEAR LINEAR LINEAR
LINEAR LINEAR LINEAR LINEAR LINEAR LINEAR LINEAR LINEAR LINEAR LINEAR LINEAR LINEAR
LINEAR LINEAR LINEAR</Name_array>
     <technique_common>
      <accessor source="#jnt_trigger-Interpolations-array" count="38">
       <param type="name"></param>
      </accessor>
     </technique_common>
    </source>
    <sampler id="jnt_trigger-Matrix-animation-transform">
     <input semantic="INPUT" source="#jnt_trigger-Matrix-animation-input"></input>
     <input semantic="OUTPUT" source="#jnt_trigger-Matrix-animation-output-transform"></input>
     <input semantic="INTERPOLATION" source="#jnt_trigger-Interpolations"></input>
    </sampler>
    <channel source="#jnt_trigger-Matrix-animation-transform" target="jnt_trigger/matrix"></channel>
   </animation>
  </animation>
  <animation id="jnt_warhead-anim" name="jnt_warhead">
   <animation>
    <source id="jnt_warhead-Matrix-animation-input">
     <float_array id="jnt_warhead-Matrix-animation-input-array" count="38">

0.000000 0.033333 0.066667 0.100000 0.133333 0.166667 0.200000 0.233333 0.266667 0.300000 0.333333 0.366667 0.400000 0.433333 0.466667 0.500000
0.533333 0.566667 0.600000 0.633333 0.666667 0.700000 0.733333 0.766667 0.800000 0.833333 0.866667 0.900000 0.933333 0.966667 1.000000 1.033333
1.066667 1.100000 1.133333 1.166667 1.200000 1.233333</float_array>
     <technique_common>
      <accessor source="#jnt_warhead-Matrix-animation-input-array" count="38">
       <param name="TIME" type="float"></param>
      </accessor>
     </technique_common>
    </source>
    <source id="jnt_warhead-Matrix-animation-output-transform">
     <float_array id="jnt_warhead-Matrix-animation-output-transform-array" count="608">

1.000000 -0.000000 -0.000000 0.000000 -0.000000 -0.000000 -1.000000 0.000000 -0.000000 1.000000 -0.000000 1.300000 0.000000 0.000000 0.000000 1.000000
1.000000 -0.000000 -0.000000 0.000000 -0.000000 -0.000000 -1.000000 0.000000 0.000000 1.000000 -0.000000 1.300000 0.000000 0.000000 0.000000 1.000000
1.000000 -0.000000 -0.000000 0.000000 -0.000000 -0.000000 -1.000000 0.000000 -0.000000 1.000000 -0.000000 1.300000 0.000000 0.000000 0.000000 1.000000
1.000000 -0.000000 -0.000000 0.000000 -0.000000 -0.000000 -1.000000 -0.000000 0.000000 1.000000 -0.000000 1.300000 0.000000 0.000000 0.000000 1.000000
1.000000 -0.000000 -0.000000 -0.000000 -0.000000 -0.000000 -1.000000 0.000000 0.000000 1.000000 -0.000000 1.300000 0.000000 0.000000 0.000000 1.000000
1.000000 -0.000000 -0.000000 -0.000000 -0.000000 -0.000000 -1.000000 -0.000000 -0.000000 1.000000 -0.000000 1.300000 0.000000 0.000000 0.000000 1.000000
1.000000 -0.000000 -0.000000 0.000000 -0.000000 -0.000000 -1.000000 -0.000000 0.000000 1.000000 -0.000000 1.300000 0.000000 0.000000 0.000000 1.000000
1.000000 -0.000000 -0.000000 0.000000 -0.000000 -0.000000 -1.000000 0.000000 0.000000 1.000000 -0.000000 1.300000 0.000000 0.000000 0.000000 1.000000
1.000000 -0.000000 -0.000000 -0.000000 -0.000000 -0.000000 -1.000000 0.000000 0.000000 1.000000 -0.000000 1.300000 0.000000 0.000000 0.000000 1.000000
1.000000 -0.000000 -0.000000 0.000000 -0.000000 -0.000000 -1.000000 0.000000 -0.000000 1.000000 -0.000000 1.300000 0.000000 0.000000 0.000000 1.000000
1.000000 -0.000000 -0.000000 0.000000 -0.000000 -0.000000 -1.000000 0.000000 0.000000 1.000000 -0.000000 1.300000 0.000000 0.000000 0.000000 1.000000
1.000000 -0.000000 -0.000000 -0.000000 -0.000000 -0.000000 -1.000000 0.000000 0.000000 1.000000 -0.000000 1.300000 0.000000 0.000000 0.000000 1.000000
1.000000 -0.000000 -0.000000 -0.000000 -0.000000 -0.000000 -1.000000 0.000000 -0.000000 1.000000 -0.000000 1.300000 0.000000 0.000000 0.000000 1.000000
1.000000 -0.000000 -0.000000 0.000000 -0.000000 -0.000000 -1.000000 0.000000 -0.000000 1.000000 -0.000000 1.300000 0.000000 0.000000 0.000000 1.000000
1.000000 -0.000000 -0.000000 0.000000 -0.000000 -0.000000 -1.000000 -0.000000 0.000000 1.000000 -0.000000 1.300000 0.000000 0.000000 0.000000 1.000000
1.000000 -0.000000 -0.000000 0.000000 -0.000000 -0.000000 -1.000000 0.000000 -0.000000 1.000000 -0.000000 1.300000 0.000000 0.000000 0.000000 1.000000
1.000000 -0.000000 -0.000000 0.000000 -0.000000 -0.000000 -1.000000 0.000000 -0.000000 1.000000 -0.000000 1.300000 0.000000 0.000000 0.000000 1.000000
1.000000 -0.000000 -0.000000 -0.000000 -0.000000 -0.000000 -1.000000 0.000000 -0.000000 1.000000 -0.000000 1.300000 0.000000 0.000000 0.000000 1.000000
1.000000 -0.000000 -0.000000 -0.000000 -0.000000 -0.000000 -1.000000 0.000000 -0.000000 1.000000 -0.000000 1.300000 0.000000 0.000000 0.000000 1.000000
1.000000 -0.000000 -0.000000 0.000000 -0.000000 -0.000000 -1.000000 -0.000000 -0.000000 1.000000 -0.000000 1.300000 0.000000 0.000000 0.000000 1.000000
1.000000 -0.000000 -0.000000 0.000000 -0.000000 -0.000000 -1.000000 0.000000 -0.000000 1.000000 -0.000000 1.300000 0.000000 0.000000 0.000000 1.000000
1.000000 -0.000000 -0.000000 0.000000 -0.000000 -0.000000 -1.000000 0.000000 0.000000 1.000000 -0.000000 1.300000 0.000000 0.000000 0.000000 1.000000
1.000000 -0.000000 -0.000000 -0.000000 -0.000000 -0.000000 -1.000000 0.000000 0.000000 1.000000 -0.000000 1.300000 0.000000 0.000000 0.000000 1.000000
1.000000 -0.000000 -0.000000 -0.000000 -0.000000 -0.000000 -1.000000 0.000000 0.000000 1.000000 -0.000000 1.300000 0.000000 0.000000 0.000000 1.000000
0.000100 -0.000000 -0.000000 -0.000000 -0.000000 -0.000000 -0.000100 0.000000 -0.000000 0.000100 -0.000000 1.300000 0.000000 0.000000 0.000000 1.000000
0.000100 -0.000000 -0.000000 0.000000 -0.000000 -0.000000 -0.000100 0.000000 0.000000 0.000100 -0.000000 1.300000 0.000000 0.000000 0.000000 1.000000
0.000100 -0.000000 -0.000000 -0.000000 -0.000000 -0.000000 -0.000100 0.000000 0.000000 0.000100 -0.000000 1.300000 0.000000 0.000000 0.000000 1.000000
0.000100 -0.000000 -0.000000 0.000000 -0.000000 -0.000000 -0.000100 0.000000 0.000000 0.000100 -0.000000 1.300000 0.000000 0.000000 0.000000 1.000000
0.000100 -0.000000 -0.000000 -0.000000 -0.000000 -0.000000 -0.000100 -0.000000 -0.000000 0.000100 -0.000000 1.300000 0.000000 0.000000 0.000000 1.000000
0.000100 -0.000000 -0.000000 0.000000 -0.000000 -0.000000 -0.000100 0.000000 0.000000 0.000100 -0.000000 1.300000 0.000000 0.000000 0.000000 1.000000
0.000100 -0.000000 -0.000000 0.000000 -0.000000 -0.000000 -0.000100 0.000000 -0.000000 0.000100 -0.000000 1.300000 0.000000 0.000000 0.000000 1.000000
0.000100 -0.000000 -0.000000 0.000000 -0.000000 -0.000000 -0.000100 0.000000 0.000000 0.000100 -0.000000 1.300000 0.000000 0.000000 0.000000 1.000000
0.000100 -0.000000 -0.000000 0.000000 -0.000000 -0.000000 -0.000100 0.000000 0.000000 0.000100 -0.000000 1.300000 0.000000 0.000000 0.000000 1.000000
0.000100 -0.000000 -0.000000 0.000000 -0.000000 -0.000000 -0.000100 0.000000 0.000000 0.000100 -0.000000 1.300000 0.000000 0.000000 0.000000 1.000000
0.000100 -0.000000 -0.000000 0.000000 -0.000000 -0.000000 -0.000100 0.000000 0.000000 0.000100 -0.000000 1.300000 0.000000 0.000000 0.000000 1.000000
0.000100 -0.000000 -0.000000 0.000000 -0.000000 -0.000000 -0.000100 -0.000000 0.000000 0.000100 -0.000000 1.300000 0.000000 0.000000 0.000000 1.000000
0.000100 -0.000000 -0.000000 0.000000 -0.000000 -0.000000 -0.000100 0.000000 0.000000 0.000100 -0.000000 1.300000 0.000000 0.000000 0.000000 1.000000
0.000100 -0.000000 -0.000000 0.000000 -0.000000 -0.000000 -0.000100 0.000000 0.000000 0.000100 -0.000000 1.300000 0.000000 0.000000 0.000000 1.000000</float_array>
     <technique_common>
      <accessor source="#jnt_warhead-Matrix-animation-output-transform-array" count="38" stride="16">
       <param type="float4x4"></param>
      </accessor>
     </technique_common>
    </source>
    <source id="jnt_warhead-Interpolations">
     <Name_array id="jnt_warhead-Interpolations-array" count="38">
 LINEAR LINEAR LINEAR LINEAR LINEAR LINEAR LINEAR LINEAR LINEAR LINEAR LINEAR
LINEAR LINEAR LINEAR LINEAR LINEAR LINEAR LINEAR LINEAR LINEAR LINEAR LINEAR LINEAR
LINEAR LINEAR LINEAR LINEAR LINEAR LINEAR LINEAR LINEAR LINEAR LINEAR LINEAR LINEAR
LINEAR LINEAR LINEAR</Name_array>
     <technique_common>
      <accessor source="#jnt_warhead-Interpolations-array" count="38">
       <param type="name"></param>
      </accessor>
     </technique_common>
    </source>
    <sampler id="jnt_warhead-Matrix-animation-transform">
     <input semantic="INPUT" source="#jnt_warhead-Matrix-animation-input"></input>
     <input semantic="OUTPUT" source="#jnt_warhead-Matrix-animation-output-transform"></input>
     <input semantic="INTERPOLATION" source="#jnt_warhead-Interpolations"></input>
    </sampler>
    <channel source="#jnt_warhead-Matrix-animation-transform" target="jnt_warhead/matrix"></channel>
   </animation>
  </animation>
 </library_animations>
 <library_visual_scenes>
  <visual_scene id="Scene" name="Scene">
   <node name="jnt_anim" id="jnt_anim" sid="jnt_anim" type="JOINT">
    <matrix sid="matrix">1.000000 -0.000000 -0.000000 0.000000 0.000000 1.000000 -0.000000 0.000000 0.000000 0.000000 1.000000 0.000000 0.000000 0.000000 0.000000 1.000000</matrix>
    <extra>
     <technique profile="FCOLLADA">
      <visibility>1.000000</visibility>
