<?xml version="1.0"?>
<COLLADA xmlns="http://www.collada.org/2005/11/COLLADASchema" version="1.4.1">
 <asset>
  <contributor>
   <author></author>
   <authoring_tool>FBX COLLADA exporter</authoring_tool>
   <comments></comments>
  </contributor>
  <created>2024-08-21T21:38:47Z</created>
  <keywords></keywords>
  <modified>2024-08-21T21:38:47Z</modified>
  <revision></revision>
  <subject></subject>
  <title></title>
  <unit meter="0.010000" name="centimeter"></unit>
  <up_axis>Y_UP</up_axis>
 </asset>
 <library_animations>
  <animation id="Armature.001-anim" name="Armature.001">
   <animation>
    <source id="Armature.001-Matrix-animation-input">
     <float_array id="Armature.001-Matrix-animation-input-array" count="144">

0.000000 0.033333 0.066667 0.100000 0.133333 0.166667 0.200000 0.233333 0.266667 0.300000 0.333333 0.366667 0.400000 0.433333 0.466667 0.500000
0.533333 0.566667 0.600000 0.633333 0.666667 0.700000 0.733333 0.766667 0.800000 0.833333 0.866667 0.900000 0.933333 0.966667 1.000000 1.033333
1.066667 1.100000 1.133333 1.166667 1.200000 1.233333 1.266667 1.300000 1.333333 1.366667 1.400000 1.433333 1.466667 1.500000 1.533333 1.566667
1.600000 1.633333 1.666667 1.700000 1.733333 1.766667 1.800000 1.833333 1.866667 1.900000 1.933333 1.966667 2.000000 2.033333 2.066667 2.100000
2.133333 2.166667 2.200000 2.233333 2.266667 2.300000 2.333333 2.366667 2.400000 2.433333 2.466667 2.500000 2.533333 2.566667 2.600000 2.633333
2.666667 2.700000 2.733333 2.766667 2.800000 2.833333 2.866667 2.900000 2.933333 2.966667 3.000000 3.033333 3.066667 3.100000 3.133333 3.166667
3.200000 3.233333 3.266667 3.300000 3.333333 3.366667 3.400000 3.433333 3.466667 3.500000 3.533333 3.566667 3.600000 3.633333 3.666667 3.700000
3.733333 3.766667 3.800000 3.833333 3.866667 3.900000 3.933333 3.966667 4.000000 4.033333 4.066667 4.100000 4.133333 4.166667 4.200000 4.233333
4.266667 4.300000 4.333333 4.366667 4.400000 4.433333 4.466667 4.500000 4.533333 4.566667 4.600000 4.633333 4.666667 4.700000 4.733333 4.766667</float_array>
     <technique_common>
      <accessor source="#Armature.001-Matrix-animation-input-array" count="144">
       <param name="TIME" type="float"></param>
      </accessor>
     </technique_common>
    </source>
    <source id="Armature.001-Matrix-animation-output-transform">
     <float_array id="Armature.001-Matrix-animation-output-transform-array" count="2304">

0.992831 0.119251 0.008054 -0.814820 -0.119227 0.992861 -0.003358 3.793865 -0.008397 0.002374 0.999962 1.440736 0.000000 0.000000 0.000000 1.000000
0.993109 0.113578 0.028888 -0.800531 -0.113026 0.993388 -0.020091 3.783360 -0.030979 0.016688 0.999381 1.441483 0.000000 0.000000 0.000000 1.000000
0.991367 0.098359 0.086700 -0.761344 -0.093013 0.993625 -0.063689 3.755736 -0.092412 0.055075 0.994196 1.442222 0.000000 0.000000 0.000000 1.000000
0.981632 0.077192 0.174471 -0.702886 -0.056022 0.990803 -0.123166 3.717324 -0.182374 0.111130 0.976929 1.439655 0.000000 0.000000 0.000000 1.000000
0.957488 0.053648 0.283439 -0.631497 -0.000102 0.982617 -0.185640 3.675125 -0.288471 0.177719 0.940851 1.431108 0.000000 0.000000 0.000000 1.000000
0.915008 0.029682 0.402341 -0.554350 0.072928 0.968691 -0.237318 3.636297 -0.396787 0.246490 0.884196 1.415774 0.000000 0.000000 0.000000 1.000000
0.853458 0.008518 0.521091 -0.478025 0.152318 0.952132 -0.265035 3.607257 -0.498404 0.305568 0.811308 1.395118 0.000000 0.000000 0.000000 1.000000
0.777755 -0.008086 0.628515 -0.409221 0.225484 0.936954 -0.266972 3.589843 -0.586730 0.349359 0.730545 1.372061 0.000000 0.000000 0.000000 1.000000
0.698914 -0.023243 0.714828 -0.353748 0.286140 0.925083 -0.249691 3.582966 -0.655471 0.379053 0.653205 1.350308 0.000000 0.000000 0.000000 1.000000
0.629538 -0.040183 0.775929 -0.315055 0.331263 0.917228 -0.221265 3.585060 -0.702812 0.396331 0.590742 1.333764 0.000000 0.000000 0.000000 1.000000
0.581497 -0.061598 0.811213 -0.295293 0.360729 0.913272 -0.189233 3.594971 -0.729201 0.402667 0.553286 1.325429 0.000000 0.000000 0.000000 1.000000
0.551235 -0.105426 0.827662 -0.299240 0.397949 0.905103 -0.149750 3.609603 -0.733331 0.411915 0.540880 1.303442 0.000000 0.000000 0.000000 1.000000
0.528394 -0.167128 0.832387 -0.315979 0.445201 0.889365 -0.104043 3.620613 -0.722906 0.425556 0.544342 1.264254 0.000000 0.000000 0.000000 1.000000
0.518041 -0.216868 0.827407 -0.323644 0.473550 0.878268 -0.066293 3.621571 -0.712307 0.426161 0.557677 1.237783 0.000000 0.000000 0.000000 1.000000
0.520106 -0.241621 0.819213 -0.325219 0.477876 0.877292 -0.044646 3.613262 -0.707900 0.414703 0.571750 1.237113 0.000000 0.000000 0.000000 1.000000
0.523813 -0.245585 0.815664 -0.327436 0.471980 0.880793 -0.037908 3.607344 -0.709121 0.404834 0.577283 1.242223 0.000000 0.000000 0.000000 1.000000
0.529222 -0.230945 0.816449 -0.326013 0.459086 0.887167 -0.046631 3.606974 -0.713556 0.399498 0.575532 1.244234 0.000000 0.000000 0.000000 1.000000
0.538667 -0.205393 0.817099 -0.324468 0.442579 0.894224 -0.066988 3.607065 -0.716910 0.397715 0.572592 1.247156 0.000000 0.000000 0.000000 1.000000
0.548946 -0.174306 0.817481 -0.319575 0.423769 0.901040 -0.092443 3.606669 -0.720470 0.397170 0.568488 1.252971 0.000000 0.000000 0.000000 1.000000
0.557268 -0.143237 0.817885 -0.308166 0.404234 0.907200 -0.116548 3.604798 -0.725290 0.395565 0.563455 1.263597 0.000000 0.000000 0.000000 1.000000
0.561253 -0.117844 0.819212 -0.287166 0.385807 0.912943 -0.132995 3.600694 -0.732220 0.390701 0.557858 1.281006 0.000000 0.000000 0.000000 1.000000
0.551652 -0.099944 0.828064 -0.272143 0.365914 0.921155 -0.132591 3.593449 -0.749523 0.376145 0.544728 1.289779 0.000000 0.000000 0.000000 1.000000
0.522427 -0.088292 0.848100 -0.269534 0.342877 0.932420 -0.114141 3.580445 -0.780707 0.350424 0.517396 1.280165 0.000000 0.000000 0.000000 1.000000
0.476039 -0.083469 0.875454 -0.262901 0.318855 0.944130 -0.083365 3.560214 -0.819583 0.318828 0.476058 1.264394 0.000000 0.000000 0.000000 1.000000
0.415375 -0.085895 0.905585 -0.237100 0.294864 0.954492 -0.044715 3.534576 -0.860533 0.285598 0.421800 1.255876 0.000000 0.000000 0.000000 1.000000
0.344379 -0.096855 0.933821 -0.180489 0.270898 0.962608 -0.000062 3.508900 -0.898897 0.252992 0.357740 1.270396 0.000000 0.000000 0.000000 1.000000
0.269345 -0.105662 0.957230 -0.103184 0.221857 0.974036 0.045091 3.498095 -0.937140 0.200223 0.285794 1.319533 0.000000 0.000000 0.000000 1.000000
0.204244 -0.108017 0.972942 -0.039123 0.135124 0.987490 0.081266 3.508552 -0.969549 0.114870 0.216284 1.389516 0.000000 0.000000 0.000000 1.000000
0.164394 -0.114893 0.979680 -0.008483 0.034791 0.993250 0.110646 3.526291 -0.985781 0.015895 0.167282 1.459223 0.000000 0.000000 0.000000 1.000000
0.160161 -0.137152 0.977516 -0.014005 -0.049720 0.987921 0.146758 3.530747 -0.985838 -0.072107 0.151407 1.510564 0.000000 0.000000 0.000000 1.000000
0.194684 -0.188862 0.962511 -0.041775 -0.088478 0.973905 0.208994 3.503587 -0.976867 -0.125849 0.172894 1.531294 0.000000 0.000000 0.000000 1.000000
0.248255 -0.307380 0.918633 -0.085082 -0.088630 0.937135 0.337523 3.448338 -0.964631 -0.165210 0.205405 1.531492 0.000000 0.000000 0.000000 1.000000
0.277403 -0.444289 0.851853 -0.133743 -0.084890 0.871848 0.482362 3.391494 -0.956995 -0.206122 0.204138 1.526952 0.000000 0.000000 0.000000 1.000000
0.279905 -0.537490 0.795460 -0.172581 -0.084627 0.811540 0.578134 3.340580 -0.956290 -0.229140 0.181668 1.520337 0.000000 0.000000 0.000000 1.000000
0.278078 -0.596821 0.752646 -0.201657 -0.083152 0.765652 0.637857 3.287701 -0.956952 -0.239958 0.163285 1.513697 0.000000 0.000000 0.000000 1.000000
0.273094 -0.632268 0.725021 -0.220897 -0.080534 0.735999 0.672175 3.236322 -0.958610 -0.241956 0.150078 1.506721 0.000000 0.000000 0.000000 1.000000
0.266217 -0.651826 0.710106 -0.230347 -0.076408 0.720103 0.689647 3.189528 -0.960880 -0.237853 0.141899 1.499295 0.000000 0.000000 0.000000 1.000000
0.258803 -0.662038 0.703367 -0.230136 -0.070163 0.713368 0.697267 3.150387 -0.963378 -0.229806 0.138172 1.491244 0.000000 0.000000 0.000000 1.000000
0.261934 -0.667588 0.696933 -0.222870 -0.051848 0.711369 0.700903 3.119501 -0.963691 -0.219725 0.151719 1.483825 0.000000 0.000000 0.000000 1.000000
0.281867 -0.669095 0.687650 -0.211335 -0.015834 0.713369 0.700609 3.095864 -0.959322 -0.208367 0.190481 1.476757 0.000000 0.000000 0.000000 1.000000
0.313017 -0.666435 0.676671 -0.195890 0.031810 0.719432 0.693834 3.079959 -0.949214 -0.195657 0.246394 1.467699 0.000000 0.000000 0.000000 1.000000
0.350314 -0.659485 0.665101 -0.176855 0.084878 0.729529 0.678662 3.072253 -0.932778 -0.181293 0.311540 1.454342 0.000000 0.000000 0.000000 1.000000
0.389340 -0.647998 0.654609 -0.154483 0.137426 0.743598 0.654351 3.073186 -0.910784 -0.164805 0.378564 1.434399 0.000000 0.000000 0.000000 1.000000
0.428857 -0.630247 0.647201 -0.133864 0.184741 0.762474 0.620083 3.088100 -0.884280 -0.146362 0.443425 1.405299 0.000000 0.000000 0.000000 1.000000
0.469911 -0.605570 0.642237 -0.119447 0.225255 0.785748 0.576073 3.119706 -0.853489 -0.126036 0.505639 1.367315 0.000000 0.000000 0.000000 1.000000
0.511780 -0.575205 0.638138 -0.110463 0.258360 0.811446 0.524218 3.164463 -0.819347 -0.103415 0.563892 1.322412 0.000000 0.000000 0.000000 1.000000
0.553495 -0.540556 0.633594 -0.106135 0.283789 0.837636 0.466722 3.218800 -0.783011 -0.078522 0.617031 1.272585 0.000000 0.000000 0.000000 1.000000
0.593943 -0.503235 0.627683 -0.105693 0.301706 0.862595 0.406083 3.279190 -0.745791 -0.051815 0.664161 1.219788 0.000000 0.000000 0.000000 1.000000
0.631991 -0.465029 0.619947 -0.108361 0.312749 0.884966 0.344996 3.342066 -0.709065 -0.024147 0.704728 1.166013 0.000000 0.000000 0.000000 1.000000
0.666602 -0.427838 0.610406 -0.113369 0.318015 0.903849 0.286221 3.403888 -0.674171 0.003322 0.738567 1.113225 0.000000 0.000000 0.000000 1.000000
0.696907 -0.393595 0.599502 -0.119943 0.318973 0.918819 0.232438 3.461106 -0.642320 0.029237 0.765878 1.063400 0.000000 0.000000 0.000000 1.000000
0.722243 -0.364191 0.587987 -0.127313 0.317343 0.929863 0.186140 3.510188 -0.614538 0.052156 0.787160 1.018500 0.000000 0.000000 0.000000 1.000000
0.742124 -0.341440 0.576775 -0.134700 0.314955 0.937245 0.149583 3.547543 -0.591653 0.070649 0.803090 0.980532 0.000000 0.000000 0.000000 1.000000
0.756172 -0.327076 0.566766 -0.141335 0.313608 0.941314 0.124812 3.569652 -0.574328 0.083363 0.814369 0.951447 0.000000 0.000000 0.000000 1.000000
0.763999 -0.322793 0.558666 -0.146446 0.314948 0.942270 0.113731 3.572969 -0.563126 0.089060 0.821557 0.933218 0.000000 0.000000 0.000000 1.000000
0.767198 -0.325198 0.552858 -0.147979 0.317540 0.941472 0.113137 3.563215 -0.557292 0.088756 0.825559 0.922871 0.000000 0.000000 0.000000 1.000000
0.768376 -0.329187 0.548846 -0.145506 0.319278 0.940404 0.117052 3.550050 -0.554669 0.085295 0.827687 0.915704 0.000000 0.000000 0.000000 1.000000
0.768558 -0.333901 0.545736 -0.140685 0.320567 0.939184 0.123172 3.535753 -0.553673 0.080280 0.828855 0.911163 0.000000 0.000000 0.000000 1.000000
0.768739 -0.338497 0.542640 -0.135184 0.321806 0.937950 0.129198 3.522683 -0.552702 0.075305 0.829969 0.908635 0.000000 0.000000 0.000000 1.000000
0.769899 -0.342143 0.538696 -0.130664 0.323404 0.936890 0.132842 3.513142 -0.550150 0.071942 0.831960 0.907545 0.000000 0.000000 0.000000 1.000000
0.772991 -0.344019 0.533043 -0.128788 0.325765 0.936217 0.131813 3.509446 -0.544390 0.071757 0.835756 0.907312 0.000000 0.000000 0.000000 1.000000
0.780322 -0.327393 0.532832 -0.126231 0.323784 0.940435 0.103664 3.518043 -0.535032 0.091631 0.839847 0.909960 0.000000 0.000000 0.000000 1.000000
0.785532 -0.309421 0.535908 -0.123674 0.319650 0.944423 0.076747 3.526639 -0.529870 0.111016 0.840780 0.912607 0.000000 0.000000 0.000000 1.000000
0.781069 -0.311856 0.540996 -0.114077 0.321250 0.943599 0.080126 3.515427 -0.535471 0.111211 0.837199 0.931175 0.000000 0.000000 0.000000 1.000000
0.769850 -0.319847 0.552293 -0.095869 0.325586 0.941105 0.091179 3.489627 -0.548929 0.109624 0.828649 0.973326 0.000000 0.000000 0.000000 1.000000
0.756404 -0.328328 0.565731 -0.089331 0.328358 0.938619 0.105711 3.461815 -0.565714 0.105802 0.817785 1.016693 0.000000 0.000000 0.000000 1.000000
0.745554 -0.332227 0.577731 -0.099552 0.325793 0.937930 0.118929 3.442908 -0.581383 0.099553 0.807516 1.044231 0.000000 0.000000 0.000000 1.000000
0.741171 -0.327593 0.585959 -0.115013 0.315535 0.940423 0.126649 3.436829 -0.592540 0.091022 0.800382 1.052467 0.000000 0.000000 0.000000 1.000000
0.745243 -0.312121 0.589231 -0.141536 0.296377 0.946643 0.126595 3.448749 -0.597305 0.080290 0.797985 1.048316 0.000000 0.000000 0.000000 1.000000
0.758596 -0.284244 0.586291 -0.176349 0.266722 0.956448 0.118595 3.488409 -0.594467 0.066411 0.801372 1.043256 0.000000 0.000000 0.000000 1.000000
0.769428 -0.242742 0.590810 -0.205835 0.224993 0.968687 0.104983 3.520987 -0.597794 0.052151 0.799951 1.055351 0.000000 0.000000 0.000000 1.000000
0.777246 -0.192277 0.599098 -0.218714 0.179439 0.980358 0.081844 3.523041 -0.603067 0.043889 0.796482 1.083990 0.000000 0.000000 0.000000 1.000000
0.794123 -0.132260 0.593190 -0.206639 0.131452 0.990308 0.044824 3.523011 -0.593370 0.042381 0.803813 1.113305 0.000000 0.000000 0.000000 1.000000
0.812966 -0.067281 0.578411 -0.176184 0.080644 0.996739 0.002595 3.534765 -0.576700 0.044535 0.815741 1.134542 0.000000 0.000000 0.000000 1.000000
0.826773 -0.011698 0.562414 -0.143709 0.036475 0.998795 -0.032846 3.560459 -0.561353 0.047670 0.826202 1.145416 0.000000 0.000000 0.000000 1.000000
0.832033 0.019787 0.554372 -0.126582 0.009790 0.998684 -0.050338 3.597981 -0.554640 0.047310 0.830744 1.146637 0.000000 0.000000 0.000000 1.000000
0.838365 0.005642 0.545080 -0.099786 0.018290 0.999093 -0.038472 3.631311 -0.544803 0.042223 0.837500 1.143597 0.000000 0.000000 0.000000 1.000000
0.850334 -0.054309 0.523433 -0.045541 0.065627 0.997839 -0.003082 3.648261 -0.522135 0.036971 0.852061 1.135942 0.000000 0.000000 0.000000 1.000000
0.856009 -0.141937 0.497093 0.004912 0.141193 0.989201 0.039313 3.654579 -0.497305 0.036534 0.866805 1.113082 0.000000 0.000000 0.000000 1.000000
0.846918 -0.236328 0.476317 0.028109 0.228504 0.970627 0.075290 3.648861 -0.480120 0.045076 0.876044 1.072224 0.000000 0.000000 0.000000 1.000000
0.823631 -0.314652 0.471831 0.021271 0.305007 0.947167 0.099219 3.619784 -0.478122 0.062191 0.876088 1.024614 0.000000 0.000000 0.000000 1.000000
0.798936 -0.353837 0.486312 -0.005278 0.344036 0.932130 0.113014 3.578651 -0.493295 0.077018 0.866445 0.984380 0.000000 0.000000 0.000000 1.000000
0.782945 -0.359263 0.507865 -0.044268 0.347296 0.929746 0.122296 3.548739 -0.516122 0.080628 0.852711 0.952021 0.000000 0.000000 0.000000 1.000000
0.775123 -0.350305 0.525804 -0.079157 0.334407 0.933559 0.128990 3.530504 -0.536055 0.075850 0.840768 0.930706 0.000000 0.000000 0.000000 1.000000
0.772991 -0.344019 0.533043 -0.094384 0.325765 0.936217 0.131813 3.523996 -0.544390 0.071757 0.835757 0.923544 0.000000 0.000000 0.000000 1.000000
0.774512 -0.336083 0.535890 -0.077996 0.318566 0.939142 0.128563 3.520125 -0.546485 0.071143 0.834441 0.933734 0.000000 0.000000 0.000000 1.000000
0.778227 -0.313483 0.544141 -0.034144 0.298362 0.947022 0.118868 3.507796 -0.552577 0.069845 0.830530 0.960415 0.000000 0.000000 0.000000 1.000000
0.782303 -0.278723 0.557058 0.020403 0.267780 0.957932 0.103243 3.485524 -0.562400 0.068402 0.824030 0.996654 0.000000 0.000000 0.000000 1.000000
0.784729 -0.234604 0.573725 0.067504 0.229801 0.969757 0.082230 3.454319 -0.575665 0.067314 0.814909 1.035286 0.000000 0.000000 0.000000 1.000000
0.783878 -0.184570 0.592847 0.092180 0.187916 0.980541 0.056803 3.418766 -0.591795 0.066878 0.803309 1.071002 0.000000 0.000000 0.000000 1.000000
0.779027 -0.132665 0.612794 0.086386 0.145920 0.988883 0.028581 3.386637 -0.609773 0.067154 0.789725 1.101038 0.000000 0.000000 0.000000 1.000000
0.770632 -0.083121 0.631835 0.051273 0.107389 0.994217 -0.000185 3.365381 -0.628166 0.067995 0.775103 1.125526 0.000000 0.000000 0.000000 1.000000
0.760238 -0.039821 0.648423 -0.003521 0.075129 0.996811 -0.026869 3.358512 -0.645286 0.069142 0.760806 1.146544 0.000000 0.000000 0.000000 1.000000
0.750054 -0.005933 0.661350 -0.062959 0.050933 0.997508 -0.048817 3.363559 -0.659412 0.070300 0.748488 1.166855 0.000000 0.000000 0.000000 1.000000
0.742450 0.016056 0.669709 -0.110512 0.035786 0.997334 -0.063583 3.372947 -0.668944 0.071173 0.739897 1.188939 0.000000 0.000000 0.000000 1.000000
0.739534 0.023923 0.672693 -0.131651 0.030482 0.997152 -0.068972 3.377604 -0.672428 0.071512 0.736700 1.214275 0.000000 0.000000 0.000000 1.000000
0.739849 0.022651 0.672391 -0.133727 0.031646 0.997155 -0.068413 3.383510 -0.672027 0.071894 0.737028 1.240574 0.000000 0.000000 0.000000 1.000000
0.742013 0.013756 0.670244 -0.133392 0.039806 0.997121 -0.064532 3.399104 -0.669201 0.074564 0.739330 1.264337 0.000000 0.000000 0.000000 1.000000
0.747469 -0.010409 0.664214 -0.133816 0.061979 0.996608 -0.054130 3.420634 -0.661398 0.081628 0.745580 1.285331 0.000000 0.000000 0.000000 1.000000
0.734284 -0.147618 0.662598 -0.133603 0.234175 0.971237 -0.043132 3.447795 -0.637172 0.186835 0.747732 1.297490 0.000000 0.000000 0.000000 1.000000
0.691097 -0.293256 0.660595 -0.140983 0.417775 0.907913 -0.034018 3.466732 -0.589786 0.299490 0.749972 1.305230 0.000000 0.000000 0.000000 1.000000
0.678872 -0.333406 0.654197 -0.157648 0.461990 0.886454 -0.027642 3.477794 -0.570699 0.320998 0.755820 1.309092 0.000000 0.000000 0.000000 1.000000
0.673898 -0.347918 0.651777 -0.184011 0.477898 0.878047 -0.025417 3.496428 -0.563447 0.328612 0.757985 1.310979 0.000000 0.000000 0.000000 1.000000
0.673167 -0.349979 0.651430 -0.218515 0.480153 0.876825 -0.025103 3.522267 -0.562404 0.329684 0.758294 1.311844 0.000000 0.000000 0.000000 1.000000
0.689483 -0.332358 0.643546 -0.262237 0.458654 0.888009 -0.032783 3.550352 -0.560579 0.317769 0.764705 1.315144 0.000000 0.000000 0.000000 1.000000
0.732673 -0.286933 0.617138 -0.316893 0.402273 0.914006 -0.052625 3.576404 -0.548967 0.286815 0.785094 1.324625 0.000000 0.000000 0.000000 1.000000
0.793274 -0.223401 0.566398 -0.382850 0.321843 0.943523 -0.078612 3.601463 -0.516848 0.244652 0.820374 1.341058 0.000000 0.000000 0.000000 1.000000
0.862105 -0.151463 0.483562 -0.461246 0.223906 0.969932 -0.095380 3.629980 -0.454576 0.190500 0.870098 1.364704 0.000000 0.000000 0.000000 1.000000
0.924360 -0.074547 0.374167 -0.548322 0.116272 0.989115 -0.090178 3.665376 -0.363371 0.126862 0.922967 1.391108 0.000000 0.000000 0.000000 1.000000
0.966970 0.003265 0.254868 -0.635866 0.013790 0.997783 -0.065104 3.705577 -0.254516 0.066469 0.964782 1.413870 0.000000 0.000000 0.000000 1.000000
0.986674 0.072692 0.145568 -0.713818 -0.069091 0.997169 -0.029651 3.745488 -0.147311 0.019199 0.988904 1.429353 0.000000 0.000000 0.000000 1.000000
0.990399 0.122221 0.064583 -0.772218 -0.122586 0.992456 0.001710 3.777776 -0.063887 -0.009610 0.997911 1.437452 0.000000 0.000000 0.000000 1.000000
0.989635 0.141157 0.026376 -0.802411 -0.141559 0.989829 0.014044 3.794686 -0.024125 -0.017632 0.999553 1.440098 0.000000 0.000000 0.000000 1.000000
0.990573 0.136254 0.014087 -0.812104 -0.136357 0.990637 0.006576 3.796353 -0.013059 -0.008435 0.999879 1.440671 0.000000 0.000000 0.000000 1.000000
0.992831 0.119251 0.008054 -0.814820 -0.119227 0.992861 -0.003358 3.793865 -0.008397 0.002374 0.999962 1.440736 0.000000 0.000000 0.000000 1.000000
0.997661 0.045957 0.050593 -0.775326 -0.047260 0.998572 0.024863 3.707395 -0.049378 -0.027196 0.998410 1.420970 0.000000 0.000000 0.000000 1.000000
0.982431 -0.111392 0.149736 -0.681155 0.094175 0.988591 0.117546 3.498410 -0.161121 -0.101379 0.981714 1.366158 0.000000 0.000000 0.000000 1.000000
0.913266 -0.317733 0.254932 -0.570440 0.251590 0.932127 0.260460 3.234980 -0.320386 -0.173731 0.931220 1.282369 0.000000 0.000000 0.000000 1.000000
0.794642 -0.514215 0.322684 -0.477033 0.370050 0.831659 0.414011 2.974495 -0.481254 -0.209582 0.851158 1.186348 0.000000 0.000000 0.000000 1.000000
0.678542 -0.648004 0.345935 -0.418038 0.429154 0.731922 0.529260 2.771849 -0.596160 -0.210666 0.774733 1.106610 0.000000 0.000000 0.000000 1.000000
0.772991 -0.344019 0.533043 -0.128788 0.325765 0.936217 0.131813 3.509446 -0.544390 0.071757 0.835757 0.907312 0.000000 0.000000 0.000000 1.000000
0.783962 -0.313880 0.535614 -0.124313 0.320544 0.943524 0.083752 3.524489 -0.531652 0.106030 0.840299 0.911945 0.000000 0.000000 0.000000 1.000000
0.785532 -0.309421 0.535908 -0.123674 0.319650 0.944423 0.076747 3.526639 -0.529870 0.111016 0.840780 0.912607 0.000000 0.000000 0.000000 1.000000
0.780991 -0.312840 0.540540 -0.114077 0.321800 0.943336 0.081011 3.515427 -0.535254 0.110677 0.837408 0.931175 0.000000 0.000000 0.000000 1.000000
0.769962 -0.321090 0.551415 -0.095869 0.326192 0.940782 0.092344 3.489627 -0.548412 0.108766 0.829104 0.973325 0.000000 0.000000 0.000000 1.000000
0.756853 -0.329323 0.564551 -0.089331 0.328711 0.938381 0.106712 3.461814 -0.564907 0.104809 0.818470 1.016693 0.000000 0.000000 0.000000 1.000000
0.746235 -0.332788 0.576528 -0.099552 0.325853 0.937828 0.119570 3.442908 -0.580476 0.098636 0.808281 1.044231 0.000000 0.000000 0.000000 1.000000
0.741797 -0.327797 0.585051 -0.115013 0.315438 0.940415 0.126953 3.436830 -0.591806 0.090374 0.800998 1.052466 0.000000 0.000000 0.000000 1.000000
0.745568 -0.312152 0.588803 -0.141536 0.296292 0.946657 0.126689 3.448749 -0.596941 0.080002 0.798286 1.048316 0.000000 0.000000 0.000000 1.000000
0.758596 -0.284244 0.586291 -0.176349 0.266722 0.956448 0.118595 3.488409 -0.594467 0.066411 0.801372 1.043256 0.000000 0.000000 0.000000 1.000000
0.769256 -0.242751 0.591030 -0.205834 0.225047 0.968678 0.104950 3.520987 -0.597995 0.052277 0.799793 1.055351 0.000000 0.000000 0.000000 1.000000
0.777027 -0.192291 0.599377 -0.218714 0.179507 0.980349 0.081803 3.523041 -0.603330 0.044030 0.796275 1.083990 0.000000 0.000000 0.000000 1.000000
0.793944 -0.132272 0.593427 -0.206640 0.131509 0.990302 0.044788 3.523011 -0.593597 0.042482 0.803640 1.113305 0.000000 0.000000 0.000000 1.000000
0.812865 -0.067287 0.578552 -0.176184 0.080677 0.996737 0.002572 3.534765 -0.576838 0.044585 0.815640 1.134542 0.000000 0.000000 0.000000 1.000000
0.826742 -0.011699 0.562458 -0.143709 0.036485 0.998794 -0.032854 3.560459 -0.561396 0.047683 0.826171 1.145416 0.000000 0.000000 0.000000 1.000000
0.832033 0.019787 0.554372 -0.126582 0.009790 0.998684 -0.050338 3.597981 -0.554640 0.047310 0.830744 1.146637 0.000000 0.000000 0.000000 1.000000
0.838364 0.005642 0.545080 -0.099959 0.018290 0.999092 -0.038472 3.631310 -0.544803 0.042223 0.837500 1.143598 0.000000 0.000000 0.000000 1.000000
0.850334 -0.054309 0.523433 -0.046150 0.065627 0.997839 -0.003081 3.648261 -0.522135 0.036971 0.852061 1.135943 0.000000 0.000000 0.000000 1.000000
0.856009 -0.141937 0.497093 0.003736 0.141193 0.989201 0.039313 3.654578 -0.497305 0.036534 0.866806 1.113083 0.000000 0.000000 0.000000 1.000000
0.846918 -0.236328 0.476317 0.026367 0.228504 0.970627 0.075290 3.648859 -0.480120 0.045076 0.876044 1.072228 0.000000 0.000000 0.000000 1.000000
0.823631 -0.314652 0.471831 0.019092 0.305007 0.947167 0.099219 3.619783 -0.478122 0.062191 0.876088 1.024615 0.000000 0.000000 0.000000 1.000000
0.798943 -0.353863 0.486282 -0.007632 0.344046 0.932122 0.113043 3.578651 -0.493276 0.076989 0.866459 0.984380 0.000000 0.000000 0.000000 1.000000
0.782945 -0.359364 0.507793 -0.046404 0.347349 0.929714 0.122392 3.548737 -0.516086 0.080556 0.852740 0.952023 0.000000 0.000000 0.000000 1.000000
0.775109 -0.350446 0.525731 -0.080552 0.334492 0.933512 0.129112 3.530504 -0.536023 0.075777 0.840795 0.930706 0.000000 0.000000 0.000000 1.000000</float_array>
     <technique_common>
      <accessor source="#Armature.001-Matrix-animation-output-transform-array" count="144" stride="16">
       <param type="float4x4"></param>
      </accessor>
     </technique_common>
    </source>
    <source id="Armature.001-Interpolations">
     <Name_array id="Armature.001-Interpolations-array" count="144">
 LINEAR LINEAR LINEAR LINEAR LINEAR LINEAR LINEAR LINEAR LINEAR LINEAR LINEAR
LINEAR LINEAR LINEAR LINEAR LINEAR LINEAR LINEAR LINEAR LINEAR LINEAR LINEAR LINEAR
LINEAR LINEAR LINEAR LINEAR LINEAR LINEAR LINEAR LINEAR LINEAR LINEAR LINEAR LINEAR
LINEAR LINEAR LINEAR LINEAR LINEAR LINEAR LINEAR LINEAR LINEAR LINEAR LINEAR LINEAR
LINEAR LINEAR LINEAR LINEAR LINEAR LINEAR LINEAR LINEAR LINEAR LINEAR LINEAR LINEAR
LINEAR LINEAR LINEAR LINEAR LINEAR LINEAR LINEAR LINEAR LINEAR LINEAR LINEAR LINEAR
LINEAR LINEAR LINEAR LINEAR LINEAR LINEAR LINEAR LINEAR LINEAR LINEAR LINEAR LINEAR
LINEAR LINEAR LINEAR LINEAR LINEAR LINEAR LINEAR LINEAR LINEAR LINEAR LINEAR LINEAR
LINEAR LINEAR LINEAR LINEAR LINEAR LINEAR LINEAR LINEAR LINEAR LINEAR LINEAR LINEAR
LINEAR LINEAR LINEAR LINEAR LINEAR LINEAR LINEAR LINEAR LINEAR LINEAR LINEAR LINEAR
LINEAR LINEAR LINEAR LINEAR LINEAR LINEAR LINEAR LINEAR LINEAR LINEAR LINEAR LINEAR
LINEAR LINEAR LINEAR LINEAR LINEAR LINEAR LINEAR LINEAR LINEAR LINEAR LINEAR LINEAR
LINEAR</Name_array>
     <technique_common>
      <accessor source="#Armature.001-Interpolations-array" count="144">
       <param type="name"></param>
      </accessor>
     </technique_common>
    </source>
    <sampler id="Armature.001-Matrix-animation-transform">
     <input semantic="INPUT" source="#Armature.001-Matrix-animation-input"></input>
     <input semantic="OUTPUT" source="#Armature.001-Matrix-animation-output-transform"></input>
     <input semantic="INTERPOLATION" source="#Armature.001-Interpolations"></input>
    </sampler>
    <channel source="#Armature.001-Matrix-animation-transform" target="Armature.001/matrix"></channel>
   </animation>
  </animation>
  <animation id="jnt_anim-anim" name="jnt_anim">
   <animation>
    <source id="jnt_anim-Matrix-animation-input">
     <float_array id="jnt_anim-Matrix-animation-input-array" count="144">

0.000000 0.033333 0.066667 0.100000 0.133333 0.166667 0.200000 0.233333 0.266667 0.300000 0.333333 0.366667 0.400000 0.433333 0.466667 0.500000
0.533333 0.566667 0.600000 0.633333 0.666667 0.700000 0.733333 0.766667 0.800000 0.833333 0.866667 0.900000 0.933333 0.966667 1.000000 1.033333
1.066667 1.100000 1.133333 1.166667 1.200000 1.233333 1.266667 1.300000 1.333333 1.366667 1.400000 1.433333 1.466667 1.500000 1.533333 1.566667
1.600000 1.633333 1.666667 1.700000 1.733333 1.766667 1.800000 1.833333 1.866667 1.900000 1.933333 1.966667 2.000000 2.033333 2.066667 2.100000
2.133333 2.166667 2.200000 2.233333 2.266667 2.300000 2.333333 2.366667 2.400000 2.433333 2.466667 2.500000 2.533333 2.566667 2.600000 2.633333
2.666667 2.700000 2.733333 2.766667 2.800000 2.833333 2.866667 2.900000 2.933333 2.966667 3.000000 3.033333 3.066667 3.100000 3.133333 3.166667
3.200000 3.233333 3.266667 3.300000 3.333333 3.366667 3.400000 3.433333 3.466667 3.500000 3.533333 3.566667 3.600000 3.633333 3.666667 3.700000
3.733333 3.766667 3.800000 3.833333 3.866667 3.900000 3.933333 3.966667 4.000000 4.033333 4.066667 4.100000 4.133333 4.166667 4.200000 4.233333
4.266667 4.300000 4.333333 4.366667 4.400000 4.433333 4.466667 4.500000 4.533333 4.566667 4.600000 4.633333 4.666667 4.700000 4.733333 4.766667</float_array>
     <technique_common>
      <accessor source="#jnt_anim-Matrix-animation-input-array" count="144">
       <param name="TIME" type="float"></param>
      </accessor>
     </technique_common>
    </source>
    <source id="jnt_anim-Matrix-animation-output-transform">
     <float_array id="jnt_anim-Matrix-animation-output-transform-array" count="2304">

1.000000 -0.000000 -0.000000 0.000000 0.000000 1.000000 -0.000000 0.000000 0.000000 0.000000 1.000000 0.000000 0.000000 0.000000 0.000000 1.000000
1.000000 -0.000000 -0.000000 0.000000 0.000000 1.000000 -0.000000 0.000000 0.000000 0.000000 1.000000 0.000000 0.000000 0.000000 0.000000 1.000000
1.000000 -0.000000 -0.000000 0.000000 0.000000 1.000000 -0.000000 0.000000 0.000000 0.000000 1.000000 0.000000 0.000000 0.000000 0.000000 1.000000
1.000000 -0.000000 -0.000000 0.000000 0.000000 1.000000 -0.000000 0.000000 0.000000 0.000000 1.000000 0.000000 0.000000 0.000000 0.000000 1.000000
1.000000 -0.000000 -0.000000 0.000000 0.000000 1.000000 -0.000000 0.000000 0.000000 0.000000 1.000000 0.000000 0.000000 0.000000 0.000000 1.000000
1.000000 -0.000000 -0.000000 0.000000 0.000000 1.000000 -0.000000 0.000000 0.000000 0.000000 1.000000 0.000000 0.000000 0.000000 0.000000 1.000000
1.000000 -0.000000 -0.000000 0.000000 0.000000 1.000000 -0.000000 0.000000 0.000000 0.000000 1.000000 0.000000 0.000000 0.000000 0.000000 1.000000
1.000000 -0.000000 -0.000000 0.000000 0.000000 1.000000 -0.000000 0.000000 0.000000 0.000000 1.000000 0.000000 0.000000 0.000000 0.000000 1.000000
1.000000 -0.000000 -0.000000 0.000000 0.000000 1.000000 -0.000000 0.000000 0.000000 0.000000 1.000000 0.000000 0.000000 0.000000 0.000000 1.000000
1.000000 -0.000000 -0.000000 0.000000 0.000000 1.000000 -0.000000 0.000000 0.000000 0.000000 1.000000 0.000000 0.000000 0.000000 0.000000 1.000000
1.000000 -0.000000 -0.000000 0.000000 0.000000 1.000000 -0.000000 0.000000 0.000000 0.000000 1.000000 0.000000 0.000000 0.000000 0.000000 1.000000
1.000000 -0.000000 -0.000000 0.000000 0.000000 1.000000 -0.000000 0.000000 0.000000 0.000000 1.000000 0.000000 0.000000 0.000000 0.000000 1.000000
1.000000 -0.000000 -0.000000 0.000000 0.000000 1.000000 -0.000000 0.000000 0.000000 0.000000 1.000000 0.000000 0.000000 0.000000 0.000000 1.000000
1.000000 -0.000000 -0.000000 0.000000 0.000000 1.000000 -0.000000 0.000000 0.000000 0.000000 1.000000 0.000000 0.000000 0.000000 0.000000 1.000000
1.000000 -0.000000 -0.000000 0.000000 0.000000 1.000000 -0.000000 0.000000 0.000000 0.000000 1.000000 0.000000 0.000000 0.000000 0.000000 1.000000
1.000000 -0.000000 -0.000000 0.000000 0.000000 1.000000 -0.000000 0.000000 0.000000 0.000000 1.000000 0.000000 0.000000 0.000000 0.000000 1.000000
1.000000 -0.000000 -0.000000 0.000000 0.000000 1.000000 -0.000000 0.000000 0.000000 0.000000 1.000000 0.000000 0.000000 0.000000 0.000000 1.000000
1.000000 -0.000000 -0.000000 0.000000 0.000000 1.000000 -0.000000 0.000000 0.000000 0.000000 1.000000 0.000000 0.000000 0.000000 0.000000 1.000000
1.000000 -0.000000 0.000000 0.000000 0.000000 1.000000 -0.000000 0.000000 0.000000 0.000000 1.000000 0.000000 0.000000 0.000000 0.000000 1.000000
1.000000 -0.000000 -0.000000 0.000000 0.000000 1.000000 -0.000000 0.000000 0.000000 0.000000 1.000000 0.000000 0.000000 0.000000 0.000000 1.000000
1.000000 -0.000000 -0.000000 0.000000 0.000000 1.000000 -0.000000 0.000000 0.000000 0.000000 1.000000 0.000000 0.000000 0.000000 0.000000 1.000000
1.000000 -0.000000 -0.000000 0.000000 0.000000 1.000000 -0.000000 0.000000 0.000000 0.000000 1.000000 0.000000 0.000000 0.000000 0.000000 1.000000
1.000000 -0.000000 -0.000000 0.000000 0.000000 1.000000 -0.000000 0.000000 0.000000 0.000000 1.000000 0.000000 0.000000 0.000000 0.000000 1.000000
1.000000 -0.000000 -0.000000 0.000000 0.000000 1.000000 -0.000000 0.000000 0.000000 0.000000 1.000000 0.000000 0.000000 0.000000 0.000000 1.000000
1.000000 -0.000000 -0.000000 0.000000 0.000000 1.000000 -0.000000 0.000000 0.000000 0.000000 1.000000 0.000000 0.000000 0.000000 0.000000 1.000000
1.000000 -0.000000 -0.000000 0.000000 0.000000 1.000000 -0.000000 0.000000 0.000000 0.000000 1.000000 0.000000 0.000000 0.000000 0.000000 1.000000
1.000000 -0.000000 -0.000000 0.000000 0.000000 1.000000 -0.000000 0.000000 0.000000 0.000000 1.000000 0.000000 0.000000 0.000000 0.000000 1.000000
1.000000 -0.000000 -0.000000 0.000000 0.000000 1.000000 -0.000000 0.000000 0.000000 0.000000 1.000000 0.000000 0.000000 0.000000 0.000000 1.000000
1.000000 -0.000000 -0.000000 0.000000 0.000000 1.000000 -0.000000 0.000000 0.000000 0.000000 1.000000 0.000000 0.000000 0.000000 0.000000 1.000000
1.000000 -0.000000 -0.000000 0.000000 0.000000 1.000000 -0.000000 0.000000 0.000000 0.000000 1.000000 0.000000 0.000000 0.000000 0.000000 1.000000
1.000000 -0.000000 -0.000000 0.000000 0.000000 1.000000 -0.000000 0.000000 0.000000 0.000000 1.000000 0.000000 0.000000 0.000000 0.000000 1.000000
1.000000 -0.000000 -0.000000 0.000000 0.000000 1.000000 -0.000000 0.000000 0.000000 0.000000 1.000000 0.000000 0.000000 0.000000 0.000000 1.000000
1.000000 -0.000000 -0.000000 0.000000 0.000000 1.000000 -0.000000 0.000000 0.000000 0.000000 1.000000 0.000000 0.000000 0.000000 0.000000 1.000000
1.000000 -0.000000 -0.000000 0.000000 0.000000 1.000000 -0.000000 0.000000 0.000000 0.000000 1.000000 0.000000 0.000000 0.000000 0.000000 1.000000
1.000000 -0.000000 -0.000000 0.000000 0.000000 1.000000 -0.000000 0.000000 0.000000 0.000000 1.000000 0.000000 0.000000 0.000000 0.000000 1.000000
1.000000 -0.000000 -0.000000 0.000000 0.000000 1.000000 -0.000000 0.000000 0.000000 0.000000 1.000000 0.000000 0.000000 0.000000 0.000000 1.000000
1.000000 -0.000000 -0.000000 0.000000 0.000000 1.000000 -0.000000 0.000000 0.000000 0.000000 1.000000 0.000000 0.000000 0.000000 0.000000 1.000000
1.000000 -0.000000 -0.000000 0.000000 0.000000 1.000000 -0.000000 0.000000 0.000000 0.000000 1.000000 0.000000 0.000000 0.000000 0.000000 1.000000
1.000000 -0.000000 -0.000000 0.000000 0.000000 1.000000 -0.000000 0.000000 0.000000 0.000000 1.000000 0.000000 0.000000 0.000000 0.000000 1.000000
1.000000 -0.000000 -0.000000 0.000000 0.000000 1.000000 -0.000000 0.000000 0.000000 0.000000 1.000000 0.000000 0.000000 0.000000 0.000000 1.000000
1.000000 -0.000000 -0.000000 0.000000 0.000000 1.000000 -0.000000 0.000000 0.000000 0.000000 1.000000 0.000000 0.000000 0.000000 0.000000 1.000000
1.000000 -0.000000 -0.000000 0.000000 0.000000 1.000000 -0.000000 0.000000 0.000000 0.000000 1.000000 0.000000 0.000000 0.000000 0.000000 1.000000
1.000000 -0.000000 -0.000000 0.000000 0.000000 1.000000 -0.000000 0.000000 0.000000 0.000000 1.000000 0.000000 0.000000 0.000000 0.000000 1.000000
1.000000 -0.000000 -0.000000 0.000000 0.000000 1.000000 -0.000000 0.000000 0.000000 0.000000 1.000000 0.000000 0.000000 0.000000 0.000000 1.000000
1.000000 -0.000000 -0.000000 0.000000 0.000000 1.000000 -0.000000 0.000000 0.000000 0.000000 1.000000 0.000000 0.000000 0.000000 0.000000 1.000000
1.000000 -0.000000 -0.000000 0.000000 0.000000 1.000000 -0.000000 0.000000 0.000000 0.000000 1.000000 0.000000 0.000000 0.000000 0.000000 1.000000
1.000000 -0.000000 -0.000000 0.000000 0.000000 1.000000 -0.000000 0.000000 0.000000 0.000000 1.000000 0.000000 0.000000 0.000000 0.000000 1.000000
1.000000 -0.000000 -0.000000 0.000000 0.000000 1.000000 -0.000000 0.000000 0.000000 0.000000 1.000000 0.000000 0.000000 0.000000 0.000000 1.000000
1.000000 -0.000000 0.000000 0.000000 0.000000 1.000000 -0.000000 0.000000 0.000000 0.000000 1.000000 0.000000 0.000000 0.000000 0.000000 1.000000
1.000000 -0.000000 -0.000000 0.000000 0.000000 1.000000 -0.000000 0.000000 0.000000 0.000000 1.000000 0.000000 0.000000 0.000000 0.000000 1.000000
1.000000 -0.000000 -0.000000 0.000000 0.000000 1.000000 -0.000000 0.000000 0.000000 0.000000 1.000000 0.000000 0.000000 0.000000 0.000000 1.000000
1.000000 -0.000000 -0.000000 0.000000 0.000000 1.000000 -0.000000 0.000000 0.000000 0.000000 1.000000 0.000000 0.000000 0.000000 0.000000 1.000000
1.000000 -0.000000 -0.000000 0.000000 0.000000 1.000000 -0.000000 0.000000 0.000000 0.000000 1.000000 0.000000 0.000000 0.000000 0.000000 1.000000
1.000000 -0.000000 0.000000 0.000000 0.000000 1.000000 -0.000000 0.000000 0.000000 0.000000 1.000000 0.000000 0.000000 0.000000 0.000000 1.000000
1.000000 -0.000000 -0.000000 0.000000 0.000000 1.000000 -0.000000 0.000000 0.000000 0.000000 1.000000 0.000000 0.000000 0.000000 0.000000 1.000000
1.000000 -0.000000 -0.000000 0.000000 0.000000 1.000000 -0.000000 0.000000 0.000000 0.000000 1.000000 0.000000 0.000000 0.000000 0.000000 1.000000
1.000000 -0.000000 -0.000000 0.000000 0.000000 1.000000 -0.000000 0.000000 0.000000 0.000000 1.000000 0.000000 0.000000 0.000000 0.000000 1.000000
1.000000 -0.000000 -0.000000 0.000000 0.000000 1.000000 -0.000000 0.000000 0.000000 0.000000 1.000000 0.000000 0.000000 0.000000 0.000000 1.000000
1.000000 -0.000000 -0.000000 0.000000 0.000000 1.000000 -0.000000 0.000000 0.000000 0.000000 1.000000 0.000000 0.000000 0.000000 0.000000 1.000000
1.000000 -0.000000 -0.000000 0.000000 0.000000 1.000000 -0.000000 0.000000 0.000000 0.000000 1.000000 0.000000 0.000000 0.000000 0.000000 1.000000
1.000000 -0.000000 -0.000000 0.000000 0.000000 1.000000 -0.000000 0.000000 0.000000 0.000000 1.000000 0.000000 0.000000 0.000000 0.000000 1.000000
1.000000 -0.000000 -0.000000 0.000000 0.000000 1.000000 -0.000000 0.000000 0.000000 0.000000 1.000000 0.000000 0.000000 0.000000 0.000000 1.000000
1.000000 -0.000000 0.000000 0.000000 0.000000 1.000000 -0.000000 0.000000 0.000000 0.000000 1.000000 0.000000 0.000000 0.000000 0.000000 1.000000
1.000000 -0.000000 -0.000000 0.000000 0.000000 1.000000 -0.000000 0.000000 0.000000 0.000000 1.000000 0.000000 0.000000 0.000000 0.000000 1.000000
1.000000 -0.000000 -0.000000 0.000000 0.000000 1.000000 -0.000000 0.000000 0.000000 0.000000 1.000000 0.000000 0.000000 0.000000 0.000000 1.000000
1.000000 -0.000000 -0.000000 0.000000 0.000000 1.000000 -0.000000 0.000000 0.000000 0.000000 1.000000 0.000000 0.000000 0.000000 0.000000 1.000000
1.000000 -0.000000 -0.000000 0.000000 0.000000 1.000000 -0.000000 0.000000 0.000000 0.000000 1.000000 0.000000 0.000000 0.000000 0.000000 1.000000
1.000000 -0.000000 -0.000000 0.000000 0.000000 1.000000 -0.000000 0.000000 0.000000 0.000000 1.000000 0.000000 0.000000 0.000000 0.000000 1.000000
1.000000 -0.000000 -0.000000 0.000000 0.000000 1.000000 -0.000000 0.000000 0.000000 0.000000 1.000000 0.000000 0.000000 0.000000 0.000000 1.000000
1.000000 -0.000000 -0.000000 0.000000 0.000000 1.000000 -0.000000 0.000000 0.000000 0.000000 1.000000 0.000000 0.000000 0.000000 0.000000 1.000000
1.000000 -0.000000 -0.000000 0.000000 0.000000 1.000000 -0.000000 0.000000 0.000000 0.000000 1.000000 0.000000 0.000000 0.000000 0.000000 1.000000
1.000000 -0.000000 -0.000000 0.000000 0.000000 1.000000 -0.000000 0.000000 0.000000 0.000000 1.000000 0.000000 0.000000 0.000000 0.000000 1.000000
1.000000 -0.000000 -0.000000 0.000000 0.000000 1.000000 -0.000000 0.000000 0.000000 0.000000 1.000000 0.000000 0.000000 0.000000 0.000000 1.000000
1.000000 -0.000000 -0.000000 0.000000 0.000000 1.000000 -0.000000 0.000000 0.000000 0.000000 1.000000 0.000000 0.000000 0.000000 0.000000 1.000000
1.000000 -0.000000 0.000000 0.000000 0.000000 1.000000 -0.000000 0.000000 0.000000 0.000000 1.000000 0.000000 0.000000 0.000000 0.000000 1.000000
1.000000 -0.000000 -0.000000 0.000000 0.000000 1.000000 -0.000000 0.000000 0.000000 0.000000 1.000000 0.000000 0.000000 0.000000 0.000000 1.000000
1.000000 -0.000000 -0.000000 0.000000 0.000000 1.000000 -0.000000 0.000000 0.000000 0.000000 1.000000 0.000000 0.000000 0.000000 0.000000 1.000000
1.000000 -0.000000 -0.000000 0.000000 0.000000 1.000000 -0.000000 0.000000 0.000000 0.000000 1.000000 0.000000 0.000000 0.000000 0.000000 1.000000
1.000000 -0.000000 -0.000000 0.000000 0.000000 1.000000 -0.000000 0.000000 0.000000 0.000000 1.000000 0.000000 0.000000 0.000000 0.000000 1.000000
1.000000 -0.000000 -0.000000 0.000000 0.000000 1.000000 -0.000000 0.000000 0.000000 0.000000 1.000000 0.000000 0.000000 0.000000 0.000000 1.000000
1.000000 -0.000000 -0.000000 0.000000 0.000000 1.000000 -0.000000 0.000000 0.000000 0.000000 1.000000 0.000000 0.000000 0.000000 0.000000 1.000000
1.000000 -0.000000 -0.000000 0.000000 0.000000 1.000000 -0.000000 0.000000 0.000000 0.000000 1.000000 0.000000 0.000000 0.000000 0.000000 1.000000
1.000000 -0.000000 -0.000000 0.000000 0.000000 1.000000 -0.000000 0.000000 0.000000 0.000000 1.000000 0.000000 0.000000 0.000000 0.000000 1.000000
1.000000 -0.000000 -0.000000 0.000000 0.000000 1.000000 -0.000000 0.000000 0.000000 0.000000 1.000000 0.000000 0.000000 0.000000 0.000000 1.000000
