<?xml version="1.0"?>
<COLLADA xmlns="http://www.collada.org/2005/11/COLLADASchema" version="1.4.1">
 <asset>
  <contributor>
   <author></author>
   <authoring_tool>FBX COLLADA exporter</authoring_tool>
   <comments></comments>
  </contributor>
  <created>2024-09-17T20:08:28Z</created>
  <keywords></keywords>
  <modified>2024-09-17T20:08:28Z</modified>
  <revision></revision>
  <subject></subject>
  <title></title>
  <unit meter="0.010000" name="centimeter"></unit>
  <up_axis>Y_UP</up_axis>
 </asset>
 <library_animations>
  <animation id="Armature.001-anim" name="Armature.001">
   <animation>
    <source id="Armature.001-Matrix-animation-input">
     <float_array id="Armature.001-Matrix-animation-input-array" count="120">

0.000000 0.033333 0.066667 0.100000 0.133333 0.166667 0.200000 0.233333 0.266667 0.300000 0.333333 0.366667 0.400000 0.433333 0.466667 0.500000
0.533333 0.566667 0.600000 0.633333 0.666667 0.700000 0.733333 0.766667 0.800000 0.833333 0.866667 0.900000 0.933333 0.966667 1.000000 1.033333
1.066667 1.100000 1.133333 1.166667 1.200000 1.233333 1.266667 1.300000 1.333333 1.366667 1.400000 1.433333 1.466667 1.500000 1.533333 1.566667
1.600000 1.633333 1.666667 1.700000 1.733333 1.766667 1.800000 1.833333 1.866667 1.900000 1.933333 1.966667 2.000000 2.033333 2.066667 2.100000
2.133333 2.166667 2.200000 2.233333 2.266667 2.300000 2.333333 2.366667 2.400000 2.433333 2.466667 2.500000 2.533333 2.566667 2.600000 2.633333
2.666667 2.700000 2.733333 2.766667 2.800000 2.833333 2.866667 2.900000 2.933333 2.966667 3.000000 3.033333 3.066667 3.100000 3.133333 3.166667
3.200000 3.233333 3.266667 3.300000 3.333333 3.366667 3.400000 3.433333 3.466667 3.500000 3.533333 3.566667 3.600000 3.633333 3.666667 3.700000
3.733333 3.766667 3.800000 3.833333 3.866667 3.900000 3.933333 3.966667</float_array>
     <technique_common>
      <accessor source="#Armature.001-Matrix-animation-input-array" count="120">
       <param name="TIME" type="float"></param>
      </accessor>
     </technique_common>
    </source>
    <source id="Armature.001-Matrix-animation-output-transform">
     <float_array id="Armature.001-Matrix-animation-output-transform-array" count="1920">

0.992831 0.119251 0.008054 -0.814820 -0.119227 0.992861 -0.003358 3.793865 -0.008397 0.002374 0.999962 1.440736 0.000000 0.000000 0.000000 1.000000
0.991863 0.123170 0.032178 -0.779899 -0.123092 0.992385 -0.004428 3.788566 -0.032478 0.000431 0.999473 1.420388 0.000000 0.000000 0.000000 1.000000
0.985294 0.140041 0.097900 -0.693537 -0.139836 0.990133 -0.008996 3.773623 -0.098193 -0.004826 0.995156 1.367216 0.000000 0.000000 0.000000 1.000000
0.964829 0.177357 0.194035 -0.583952 -0.176703 0.984043 -0.020812 3.749835 -0.194630 -0.014207 0.980774 1.292277 0.000000 0.000000 0.000000 1.000000
0.921130 0.241257 0.305475 -0.480926 -0.238873 0.969971 -0.045761 3.717283 -0.307342 -0.030818 0.951100 1.207430 0.000000 0.000000 0.000000 1.000000
0.847546 0.334097 0.412363 -0.415974 -0.327082 0.940709 -0.089901 3.676246 -0.417950 -0.058682 0.906573 1.126627 0.000000 0.000000 0.000000 1.000000
0.750855 0.466226 0.467813 -0.410202 -0.480889 0.871438 -0.096639 3.632689 -0.452726 -0.152404 0.878529 1.081048 0.000000 0.000000 0.000000 1.000000
0.736774 0.467126 0.488832 -0.432337 -0.506737 0.860134 -0.058181 3.595399 -0.447639 -0.204843 0.870436 1.072112 0.000000 0.000000 0.000000 1.000000
0.788393 0.363251 0.496472 -0.459921 -0.431264 0.901879 0.024968 3.570892 -0.438688 -0.233795 0.867693 1.078906 0.000000 0.000000 0.000000 1.000000
0.831037 0.267702 0.487558 -0.471496 -0.361921 0.925869 0.108527 3.552715 -0.422362 -0.266647 0.866320 1.087890 0.000000 0.000000 0.000000 1.000000
0.850348 0.218714 0.478613 -0.472358 -0.325507 0.933266 0.151847 3.544315 -0.413463 -0.284915 0.864796 1.089054 0.000000 0.000000 0.000000 1.000000
0.856925 0.201211 0.474546 -0.469899 -0.310738 0.936211 0.164163 3.544378 -0.411244 -0.288134 0.864787 1.085535 0.000000 0.000000 0.000000 1.000000
0.858267 0.196161 0.474234 -0.469620 -0.305796 0.937582 0.165610 3.542905 -0.412147 -0.287156 0.864682 1.083243 0.000000 0.000000 0.000000 1.000000
0.858552 0.196503 0.473576 -0.472606 -0.301762 0.940389 0.156867 3.542936 -0.414521 -0.277586 0.866671 1.081784 0.000000 0.000000 0.000000 1.000000
0.857350 0.203621 0.472746 -0.478751 -0.299787 0.944113 0.137031 3.543409 -0.418423 -0.259207 0.870479 1.079042 0.000000 0.000000 0.000000 1.000000
0.854737 0.217178 0.471442 -0.486537 -0.301261 0.947192 0.109855 3.542176 -0.422688 -0.235924 0.875028 1.075604 0.000000 0.000000 0.000000 1.000000
0.850694 0.236784 0.469310 -0.494615 -0.307607 0.948214 0.079174 3.536925 -0.426259 -0.211716 0.879477 1.071834 0.000000 0.000000 0.000000 1.000000
0.844816 0.263509 0.465669 -0.493946 -0.322373 0.945294 0.049935 3.526614 -0.427036 -0.192305 0.883549 1.078496 0.000000 0.000000 0.000000 1.000000
0.836177 0.300210 0.459000 -0.453644 -0.352370 0.935375 0.030140 3.516523 -0.420289 -0.186941 0.887925 1.135536 0.000000 0.000000 0.000000 1.000000
0.827265 0.333353 0.452224 -0.401974 -0.382888 0.923586 0.019614 3.509568 -0.411129 -0.189377 0.891689 1.205967 0.000000 0.000000 0.000000 1.000000
0.823011 0.347737 0.449145 -0.376429 -0.396799 0.917756 0.016547 3.507004 -0.406451 -0.191839 0.893306 1.240378 0.000000 0.000000 0.000000 1.000000
0.824016 0.346272 0.448432 -0.380340 -0.395767 0.918170 0.018245 3.507997 -0.405419 -0.192509 0.893631 1.224762 0.000000 0.000000 0.000000 1.000000
0.825917 0.342097 0.448141 -0.395315 -0.392689 0.919411 0.021873 3.511826 -0.404543 -0.194045 0.893696 1.195437 0.000000 0.000000 0.000000 1.000000
0.832260 0.345789 0.433327 -0.416187 -0.390658 0.920399 0.015844 3.516883 -0.393355 -0.182469 0.901098 1.171394 0.000000 0.000000 0.000000 1.000000
0.858185 0.395596 0.327141 -0.397869 -0.402090 0.914196 -0.050694 3.524554 -0.319124 -0.088036 0.943615 1.124174 0.000000 0.000000 0.000000 1.000000
0.874767 0.453122 0.171647 -0.360606 -0.431626 0.889678 -0.148906 3.551211 -0.220183 0.056171 0.973840 1.052023 0.000000 0.000000 0.000000 1.000000
0.869026 0.492978 0.042007 -0.339229 -0.472812 0.852481 -0.222991 3.597758 -0.145740 0.173924 0.973915 0.974525 0.000000 0.000000 0.000000 1.000000
0.858016 0.513559 0.008073 -0.356568 -0.497003 0.834117 -0.239241 3.648875 -0.129599 0.201261 0.970926 0.922308 0.000000 0.000000 0.000000 1.000000
0.852821 0.521068 0.034403 -0.383268 -0.499551 0.833248 -0.236951 3.666358 -0.152133 0.184891 0.970912 0.886433 0.000000 0.000000 0.000000 1.000000
0.852414 0.514603 0.092593 -0.411923 -0.485130 0.844449 -0.227054 3.657074 -0.195033 0.148624 0.969470 0.862026 0.000000 0.000000 0.000000 1.000000
0.853746 0.494368 0.163455 -0.439596 -0.459200 0.862853 -0.211233 3.632589 -0.245464 0.105281 0.963671 0.847442 0.000000 0.000000 0.000000 1.000000
0.854498 0.465933 0.229648 -0.462152 -0.429389 0.882363 -0.192510 3.603932 -0.292330 0.065892 0.954044 0.840699 0.000000 0.000000 0.000000 1.000000
0.854486 0.439734 0.276561 -0.475632 -0.404740 0.897297 -0.176191 3.582495 -0.325634 0.038617 0.944706 0.839012 0.000000 0.000000 0.000000 1.000000
0.855513 0.425406 0.295170 -0.478686 -0.392328 0.904607 -0.166628 3.577379 -0.337897 0.026749 0.940802 0.838408 0.000000 0.000000 0.000000 1.000000
0.859202 0.413296 0.301592 -0.478233 -0.384766 0.910487 -0.151555 3.572394 -0.337233 0.014174 0.941314 0.830562 0.000000 0.000000 0.000000 1.000000
0.864658 0.399831 0.304141 -0.476606 -0.380574 0.916540 -0.122951 3.562145 -0.327917 -0.009438 0.944659 0.820347 0.000000 0.000000 0.000000 1.000000
0.870701 0.383430 0.307992 -0.474770 -0.379756 0.922093 -0.074365 3.545184 -0.312511 -0.052212 0.948478 0.815582 0.000000 0.000000 0.000000 1.000000
0.876373 0.361899 0.317801 -0.473290 -0.381972 0.924173 0.000922 3.520672 -0.293370 -0.122199 0.948156 0.824693 0.000000 0.000000 0.000000 1.000000
0.881016 0.331739 0.337282 -0.471826 -0.386688 0.915696 0.109426 3.489284 -0.272547 -0.226830 0.935022 0.857707 0.000000 0.000000 0.000000 1.000000
0.881158 0.292983 0.371107 -0.466520 -0.399917 0.880540 0.254395 3.465699 -0.252241 -0.372575 0.893063 0.931685 0.000000 0.000000 0.000000 1.000000
0.867079 0.266286 0.421028 -0.443364 -0.446467 0.790301 0.419632 3.510603 -0.220996 -0.551830 0.804141 1.063885 0.000000 0.000000 0.000000 1.000000
0.858703 0.240567 0.452499 -0.403845 -0.488635 0.650510 0.581440 3.602340 -0.154480 -0.720392 0.676144 1.198915 0.000000 0.000000 0.000000 1.000000
0.875629 0.208199 0.435806 -0.354269 -0.478703 0.493980 0.725828 3.699099 -0.064163 -0.844179 0.532209 1.237018 0.000000 0.000000 0.000000 1.000000
0.908943 0.183642 0.374295 -0.297492 -0.416556 0.362586 0.833674 3.781032 0.017383 -0.913678 0.406068 1.190625 0.000000 0.000000 0.000000 1.000000
0.936601 0.186992 0.296329 -0.247125 -0.341609 0.299102 0.890977 3.828075 0.077973 -0.935720 0.344017 1.163113 0.000000 0.000000 0.000000 1.000000
0.954762 0.199368 0.220637 -0.223212 -0.273779 0.299716 0.913901 3.662364 0.116074 -0.932964 0.340741 1.243770 0.000000 0.000000 0.000000 1.000000
0.964267 0.206406 0.166085 -0.217574 -0.225805 0.312431 0.922713 3.414748 0.138564 -0.927245 0.347875 1.349426 0.000000 0.000000 0.000000 1.000000
0.968052 0.211718 0.134348 -0.215321 -0.198937 0.322332 0.925487 3.296551 0.152638 -0.922647 0.354153 1.399681 0.000000 0.000000 0.000000 1.000000
0.970213 0.214626 0.112339 -0.216830 -0.180473 0.331034 0.926199 3.228081 0.161598 -0.918886 0.359908 1.422678 0.000000 0.000000 0.000000 1.000000
0.970981 0.215283 0.104154 -0.216847 -0.174644 0.340766 0.923784 3.197513 0.163383 -0.915167 0.368476 1.427401 0.000000 0.000000 0.000000 1.000000
0.970956 0.213998 0.106997 -0.215199 -0.179312 0.354793 0.917589 3.178374 0.158400 -0.910124 0.382861 1.426497 0.000000 0.000000 0.000000 1.000000
0.970619 0.211184 0.115322 -0.215241 -0.189700 0.376769 0.906675 3.149374 0.148026 -0.901912 0.405761 1.426655 0.000000 0.000000 0.000000 1.000000
0.969729 0.207311 0.129022 -0.216651 -0.205792 0.409465 0.888812 3.115721 0.131431 -0.888459 0.439734 1.422080 0.000000 0.000000 0.000000 1.000000
0.967903 0.203101 0.148027 -0.219189 -0.227199 0.455330 0.860845 3.083920 0.107437 -0.866847 0.486860 1.406414 0.000000 0.000000 0.000000 1.000000
0.964612 0.199629 0.172254 -0.222765 -0.252942 0.516124 0.818313 3.061385 0.074455 -0.832925 0.548354 1.373126 0.000000 0.000000 0.000000 1.000000
0.959429 0.197702 0.201017 -0.223613 -0.280426 0.595171 0.753082 3.055598 0.029246 -0.778900 0.626466 1.315018 0.000000 0.000000 0.000000 1.000000
0.953249 0.196114 0.229903 -0.204714 -0.300363 0.698323 0.649713 3.067713 -0.033129 -0.688393 0.724581 1.229542 0.000000 0.000000 0.000000 1.000000
0.946665 0.197781 0.254374 -0.175778 -0.305684 0.800888 0.514913 3.100853 -0.101885 -0.565209 0.818631 1.133588 0.000000 0.000000 0.000000 1.000000
0.941090 0.203735 0.269890 -0.149728 -0.296400 0.881173 0.368350 3.150934 -0.162774 -0.426646 0.889650 1.045658 0.000000 0.000000 0.000000 1.000000
0.938332 0.212806 0.272480 -0.138953 -0.279469 0.930849 0.235411 3.205609 -0.203540 -0.297044 0.932918 0.979735 0.000000 0.000000 0.000000 1.000000
0.937604 0.221954 0.267647 -0.141322 -0.262297 0.956804 0.125406 3.256818 -0.228251 -0.187784 0.955321 0.940434 0.000000 0.000000 0.000000 1.000000
0.936973 0.229793 0.263202 -0.146303 -0.246191 0.968737 0.030643 3.305974 -0.247932 -0.093510 0.964253 0.922916 0.000000 0.000000 0.000000 1.000000
0.936373 0.237073 0.258845 -0.153771 -0.232106 0.971402 -0.050050 3.351922 -0.263308 -0.013214 0.964621 0.921750 0.000000 0.000000 0.000000 1.000000
0.935785 0.244613 0.253910 -0.163315 -0.220937 0.968079 -0.118366 3.394398 -0.274759 0.054667 0.959957 0.932135 0.000000 0.000000 0.000000 1.000000
0.935207 0.253263 0.247477 -0.174499 -0.213599 0.960903 -0.176184 3.433619 -0.282423 0.111908 0.952740 0.949207 0.000000 0.000000 0.000000 1.000000
0.934610 0.263878 0.238477 -0.186778 -0.211042 0.951143 -0.225362 3.470170 -0.286294 0.160297 0.944637 0.968448 0.000000 0.000000 0.000000 1.000000
0.933879 0.277292 0.225781 -0.199519 -0.214226 0.939403 -0.267636 3.504885 -0.286313 0.201572 0.936693 0.985734 0.000000 0.000000 0.000000 1.000000
0.932755 0.294256 0.208277 -0.212120 -0.224050 0.925772 -0.304545 3.538696 -0.282431 0.237402 0.929447 0.997069 0.000000 0.000000 0.000000 1.000000
0.931272 0.314525 0.183866 -0.223135 -0.241095 0.910402 -0.336215 3.572047 -0.273140 0.268778 0.923662 1.000881 0.000000 0.000000 0.000000 1.000000
0.931340 0.333017 0.147322 -0.227224 -0.264008 0.896141 -0.356693 3.600811 -0.250806 0.293309 0.922532 1.006001 0.000000 0.000000 0.000000 1.000000
0.931753 0.348396 0.102249 -0.223246 -0.290594 0.884375 -0.365289 3.621302 -0.217691 0.310646 0.925261 1.013206 0.000000 0.000000 0.000000 1.000000
0.931018 0.360981 0.053827 -0.211211 -0.318540 0.875677 -0.362936 3.630819 -0.178148 0.320754 0.930258 1.021908 0.000000 0.000000 0.000000 1.000000
0.927356 0.374037 0.010257 -0.195546 -0.346866 0.869624 -0.351337 3.629390 -0.140333 0.322257 0.936193 1.011747 0.000000 0.000000 0.000000 1.000000
0.921776 0.386969 -0.024112 -0.179520 -0.372260 0.865923 -0.334064 3.620978 -0.108393 0.316909 0.942241 0.977765 0.000000 0.000000 0.000000 1.000000
0.916896 0.396344 -0.047041 -0.164347 -0.389897 0.864256 -0.317871 3.611818 -0.085331 0.309795 0.946966 0.941787 0.000000 0.000000 0.000000 1.000000
0.915474 0.398384 -0.056531 -0.150975 -0.395417 0.864707 -0.309721 3.608052 -0.074505 0.305895 0.949145 0.925693 0.000000 0.000000 0.000000 1.000000
0.917710 0.393416 -0.055053 -0.139434 -0.390217 0.866804 -0.310452 3.610964 -0.074417 0.306388 0.948993 0.932759 0.000000 0.000000 0.000000 1.000000
0.922110 0.384496 -0.043291 -0.128040 -0.377903 0.870936 -0.314101 3.615654 -0.083067 0.305996 0.948402 0.939243 0.000000 0.000000 0.000000 1.000000
0.927088 0.374240 -0.021254 -0.117570 -0.360989 0.876113 -0.319549 3.621581 -0.100967 0.303923 0.947331 0.939667 0.000000 0.000000 0.000000 1.000000
0.931358 0.364087 0.003559 -0.108854 -0.343124 0.880921 -0.325950 3.627061 -0.121809 0.302355 0.945380 0.942971 0.000000 0.000000 0.000000 1.000000
0.934482 0.355258 0.023104 -0.102334 -0.327909 0.884181 -0.332716 3.630171 -0.138628 0.303341 0.942744 0.958687 0.000000 0.000000 0.000000 1.000000
0.936649 0.349035 0.029353 -0.098288 -0.319063 0.884781 -0.339647 3.629070 -0.144520 0.308765 0.940095 0.996125 0.000000 0.000000 0.000000 1.000000
0.934718 0.351940 -0.049385 -0.135676 -0.346610 0.872095 -0.345416 3.605336 -0.078497 0.339984 0.937149 1.074009 0.000000 0.000000 0.000000 1.000000
0.925877 0.351549 -0.138435 -0.170558 -0.377824 0.861230 -0.339899 3.579742 -0.000267 0.367009 0.930217 1.132382 0.000000 0.000000 0.000000 1.000000
0.924126 0.348908 -0.155731 -0.161298 -0.381648 0.862411 -0.332553 3.580149 0.018274 0.366756 0.930138 1.130119 0.000000 0.000000 0.000000 1.000000
0.922163 0.350658 -0.163260 -0.151372 -0.385991 0.861539 -0.329791 3.588784 0.025011 0.367138 0.929830 1.111762 0.000000 0.000000 0.000000 1.000000
0.921152 0.351856 -0.166358 -0.136732 -0.388223 0.860945 -0.328719 3.599911 0.027564 0.367384 0.929660 1.086046 0.000000 0.000000 0.000000 1.000000
0.922051 0.347579 -0.170322 -0.113398 -0.385612 0.862988 -0.326427 3.607835 0.033526 0.366661 0.929750 1.061895 0.000000 0.000000 0.000000 1.000000
0.933512 0.318121 -0.165389 -0.077704 -0.356139 0.876054 -0.325107 3.606780 0.041467 0.362393 0.931102 1.045166 0.000000 0.000000 0.000000 1.000000
0.970893 0.218475 -0.098148 -0.039702 -0.238979 0.910925 -0.336311 3.596970 0.015930 0.349978 0.936622 1.025723 0.000000 0.000000 0.000000 1.000000
0.987983 0.149931 -0.037521 -0.018306 -0.153754 0.928791 -0.337205 3.586673 -0.015708 0.338923 0.940683 1.008973 0.000000 0.000000 0.000000 1.000000
0.993451 0.114226 -0.002245 -0.007247 -0.108395 0.936160 -0.334447 3.580349 -0.036101 0.332501 0.942412 0.997916 0.000000 0.000000 0.000000 1.000000
0.995212 0.096437 0.015855 -0.001777 -0.085724 0.939282 -0.332265 3.577242 -0.046935 0.329316 0.943052 0.991450 0.000000 0.000000 0.000000 1.000000
0.995752 0.089291 0.022445 0.000525 -0.076850 0.940330 -0.331474 3.575883 -0.050703 0.328341 0.943197 0.988084 0.000000 0.000000 0.000000 1.000000
0.996086 0.085307 0.023085 0.001797 -0.072852 0.940483 -0.331941 3.574745 -0.050028 0.328961 0.943017 0.986681 0.000000 0.000000 0.000000 1.000000
0.996652 0.078613 0.022415 -0.003761 -0.066686 0.940471 -0.333268 3.572553 -0.047280 0.330658 0.942565 0.986097 0.000000 0.000000 0.000000 1.000000
0.997316 0.069967 0.021564 -0.018523 -0.058731 0.940392 -0.334985 3.569424 -0.043717 0.332820 0.941977 0.985988 0.000000 0.000000 0.000000 1.000000
0.997872 0.061799 0.020775 -0.035404 -0.051223 0.940250 -0.336611 3.565782 -0.040336 0.334831 0.941414 0.986060 0.000000 0.000000 0.000000 1.000000
0.998193 0.056546 0.020276 -0.047261 -0.046398 0.940125 -0.337658 3.562050 -0.038155 0.336108 0.941050 0.986101 0.000000 0.000000 0.000000 1.000000
0.997943 0.060628 0.020819 -0.048315 -0.050065 0.939985 -0.337523 3.557251 -0.040033 0.335787 0.941087 0.985233 0.000000 0.000000 0.000000 1.000000
0.995151 0.095352 0.024090 -0.042779 -0.081800 0.938483 -0.335497 3.544582 -0.054598 0.331900 0.941733 0.980688 0.000000 0.000000 0.000000 1.000000
0.987686 0.154193 0.026445 -0.033561 -0.136803 0.933262 -0.332127 3.525800 -0.075892 0.324420 0.942863 0.973453 0.000000 0.000000 0.000000 1.000000
0.973871 0.225879 0.023517 -0.022451 -0.205953 0.922076 -0.327656 3.504060 -0.095695 0.314252 0.944504 0.965015 0.000000 0.000000 0.000000 1.000000
0.954101 0.299285 0.010897 -0.010576 -0.280060 0.904522 -0.321568 3.481854 -0.106097 0.303757 0.946823 0.956435 0.000000 0.000000 0.000000 1.000000
0.931743 0.362913 -0.012172 0.000835 -0.348211 0.883487 -0.313370 3.474718 -0.102972 0.296219 0.949553 0.938423 0.000000 0.000000 0.000000 1.000000
0.915111 0.401939 -0.031873 0.008195 -0.391734 0.867586 -0.306331 3.483207 -0.095474 0.292813 0.951391 0.917493 0.000000 0.000000 0.000000 1.000000
0.923992 0.381649 -0.024123 0.013977 -0.369888 0.875947 -0.309677 3.496967 -0.097058 0.295063 0.950535 0.912666 0.000000 0.000000 0.000000 1.000000
0.970936 0.236359 0.037637 0.026141 -0.211392 0.920642 -0.328227 3.546086 -0.112230 0.310732 0.943848 0.908280 0.000000 0.000000 0.000000 1.000000
0.989444 0.113844 0.089660 -0.002449 -0.077608 0.938807 -0.335588 3.586910 -0.122378 0.325088 0.937732 0.909056 0.000000 0.000000 0.000000 1.000000
0.991609 0.071764 0.107519 -0.058203 -0.031630 0.941164 -0.336468 3.596018 -0.125339 0.330244 0.935536 0.915206 0.000000 0.000000 0.000000 1.000000
0.991759 0.033914 0.123548 -0.073814 0.009732 0.941601 -0.336589 3.601761 -0.127748 0.335018 0.933511 0.917292 0.000000 0.000000 0.000000 1.000000
0.987452 -0.037042 0.153512 -0.060963 0.087292 0.938118 -0.335131 3.625217 -0.131599 0.344327 0.929580 0.909578 0.000000 0.000000 0.000000 1.000000
0.973590 -0.125263 0.190871 -0.043150 0.183802 0.925968 -0.329846 3.650488 -0.135423 0.356218 0.924537 0.902793 0.000000 0.000000 0.000000 1.000000
0.950179 -0.212524 0.228019 -0.032476 0.279340 0.905162 -0.320389 3.653097 -0.138304 0.368122 0.919433 0.909303 0.000000 0.000000 0.000000 1.000000
0.921214 -0.287558 0.262057 -0.017630 0.359566 0.886517 -0.291202 3.630081 -0.148581 0.362486 0.920069 0.927741 0.000000 0.000000 0.000000 1.000000
0.894494 -0.337278 0.293468 0.007193 0.408701 0.882965 -0.230946 3.594984 -0.181229 0.326520 0.927653 0.951409 0.000000 0.000000 0.000000 1.000000
0.883599 -0.339128 0.322870 0.020579 0.402509 0.902423 -0.153684 3.549041 -0.239247 0.265753 0.933882 0.983768 0.000000 0.000000 0.000000 1.000000
0.896757 -0.268049 0.352100 -0.002374 0.315072 0.945458 -0.082686 3.497965 -0.310732 0.185086 0.932303 1.027049 0.000000 0.000000 0.000000 1.000000
0.916836 -0.136360 0.375255 -0.078740 0.164159 0.985497 -0.042971 3.454086 -0.363953 0.100999 0.925925 1.076985 0.000000 0.000000 0.000000 1.000000
0.927919 0.004049 0.372758 -0.187437 0.010098 0.999300 -0.035992 3.433944 -0.372643 0.037161 0.927231 1.117557 0.000000 0.000000 0.000000 1.000000</float_array>
     <technique_common>
      <accessor source="#Armature.001-Matrix-animation-output-transform-array" count="120" stride="16">
       <param type="float4x4"></param>
      </accessor>
     </technique_common>
    </source>
    <source id="Armature.001-Interpolations">
     <Name_array id="Armature.001-Interpolations-array" count="120">
 LINEAR LINEAR LINEAR LINEAR LINEAR LINEAR LINEAR LINEAR LINEAR LINEAR LINEAR
LINEAR LINEAR LINEAR LINEAR LINEAR LINEAR LINEAR LINEAR LINEAR LINEAR LINEAR LINEAR
LINEAR LINEAR LINEAR LINEAR LINEAR LINEAR LINEAR LINEAR LINEAR LINEAR LINEAR LINEAR
LINEAR LINEAR LINEAR LINEAR LINEAR LINEAR LINEAR LINEAR LINEAR LINEAR LINEAR LINEAR
LINEAR LINEAR LINEAR LINEAR LINEAR LINEAR LINEAR LINEAR LINEAR LINEAR LINEAR LINEAR
LINEAR LINEAR LINEAR LINEAR LINEAR LINEAR LINEAR LINEAR LINEAR LINEAR LINEAR LINEAR
LINEAR LINEAR LINEAR LINEAR LINEAR LINEAR LINEAR LINEAR LINEAR LINEAR LINEAR LINEAR
LINEAR LINEAR LINEAR LINEAR LINEAR LINEAR LINEAR LINEAR LINEAR LINEAR LINEAR LINEAR
LINEAR LINEAR LINEAR LINEAR LINEAR LINEAR LINEAR LINEAR LINEAR LINEAR LINEAR LINEAR
LINEAR LINEAR LINEAR LINEAR LINEAR LINEAR LINEAR LINEAR LINEAR LINEAR LINEAR LINEAR
LINEAR</Name_array>
     <technique_common>
      <accessor source="#Armature.001-Interpolations-array" count="120">
       <param type="name"></param>
      </accessor>
     </technique_common>
    </source>
    <sampler id="Armature.001-Matrix-animation-transform">
     <input semantic="INPUT" source="#Armature.001-Matrix-animation-input"></input>
     <input semantic="OUTPUT" source="#Armature.001-Matrix-animation-output-transform"></input>
     <input semantic="INTERPOLATION" source="#Armature.001-Interpolations"></input>
    </sampler>
    <channel source="#Armature.001-Matrix-animation-transform" target="Armature.001/matrix"></channel>
   </animation>
  </animation>
  <animation id="jnt_anim-anim" name="jnt_anim">
   <animation>
    <source id="jnt_anim-Matrix-animation-input">
     <float_array id="jnt_anim-Matrix-animation-input-array" count="120">

0.000000 0.033333 0.066667 0.100000 0.133333 0.166667 0.200000 0.233333 0.266667 0.300000 0.333333 0.366667 0.400000 0.433333 0.466667 0.500000
0.533333 0.566667 0.600000 0.633333 0.666667 0.700000 0.733333 0.766667 0.800000 0.833333 0.866667 0.900000 0.933333 0.966667 1.000000 1.033333
1.066667 1.100000 1.133333 1.166667 1.200000 1.233333 1.266667 1.300000 1.333333 1.366667 1.400000 1.433333 1.466667 1.500000 1.533333 1.566667
1.600000 1.633333 1.666667 1.700000 1.733333 1.766667 1.800000 1.833333 1.866667 1.900000 1.933333 1.966667 2.000000 2.033333 2.066667 2.100000
2.133333 2.166667 2.200000 2.233333 2.266667 2.300000 2.333333 2.366667 2.400000 2.433333 2.466667 2.500000 2.533333 2.566667 2.600000 2.633333
2.666667 2.700000 2.733333 2.766667 2.800000 2.833333 2.866667 2.900000 2.933333 2.966667 3.000000 3.033333 3.066667 3.100000 3.133333 3.166667
3.200000 3.233333 3.266667 3.300000 3.333333 3.366667 3.400000 3.433333 3.466667 3.500000 3.533333 3.566667 3.600000 3.633333 3.666667 3.700000
3.733333 3.766667 3.800000 3.833333 3.866667 3.900000 3.933333 3.966667</float_array>
     <technique_common>
      <accessor source="#jnt_anim-Matrix-animation-input-array" count="120">
       <param name="TIME" type="float"></param>
      </accessor>
     </technique_common>
    </source>
    <source id="jnt_anim-Matrix-animation-output-transform">
     <float_array id="jnt_anim-Matrix-animation-output-transform-array" count="1920">

1.000000 -0.000000 -0.000000 0.000000 0.000000 1.000000 -0.000000 0.000000 0.000000 0.000000 1.000000 0.000000 0.000000 0.000000 0.000000 1.000000
1.000000 -0.000000 -0.000000 0.000000 0.000000 1.000000 -0.000000 0.000000 0.000000 0.000000 1.000000 0.000000 0.000000 0.000000 0.000000 1.000000
1.000000 -0.000000 -0.000000 0.000000 0.000000 1.000000 -0.000000 0.000000 0.000000 0.000000 1.000000 0.000000 0.000000 0.000000 0.000000 1.000000
1.000000 -0.000000 -0.000000 0.000000 0.000000 1.000000 -0.000000 0.000000 0.000000 0.000000 1.000000 0.000000 0.000000 0.000000 0.000000 1.000000
1.000000 -0.000000 -0.000000 0.000000 0.000000 1.000000 -0.000000 0.000000 0.000000 0.000000 1.000000 0.000000 0.000000 0.000000 0.000000 1.000000
1.000000 -0.000000 -0.000000 0.000000 0.000000 1.000000 -0.000000 0.000000 0.000000 0.000000 1.000000 0.000000 0.000000 0.000000 0.000000 1.000000
1.000000 -0.000000 0.000000 0.000000 0.000000 1.000000 -0.000000 0.000000 0.000000 0.000000 1.000000 0.000000 0.000000 0.000000 0.000000 1.000000
1.000000 -0.000000 -0.000000 0.000000 0.000000 1.000000 -0.000000 0.000000 0.000000 0.000000 1.000000 0.000000 0.000000 0.000000 0.000000 1.000000
1.000000 -0.000000 -0.000000 0.000000 0.000000 1.000000 -0.000000 0.000000 0.000000 0.000000 1.000000 0.000000 0.000000 0.000000 0.000000 1.000000
1.000000 -0.000000 -0.000000 0.000000 0.000000 1.000000 -0.000000 0.000000 0.000000 0.000000 1.000000 0.000000 0.000000 0.000000 0.000000 1.000000
1.000000 -0.000000 -0.000000 0.000000 0.000000 1.000000 -0.000000 0.000000 0.000000 0.000000 1.000000 0.000000 0.000000 0.000000 0.000000 1.000000
1.000000 -0.000000 -0.000000 0.000000 0.000000 1.000000 -0.000000 0.000000 0.000000 0.000000 1.000000 0.000000 0.000000 0.000000 0.000000 1.000000
1.000000 -0.000000 -0.000000 0.000000 0.000000 1.000000 -0.000000 0.000000 0.000000 0.000000 1.000000 0.000000 0.000000 0.000000 0.000000 1.000000
1.000000 -0.000000 -0.000000 0.000000 0.000000 1.000000 -0.000000 0.000000 0.000000 0.000000 1.000000 0.000000 0.000000 0.000000 0.000000 1.000000
1.000000 -0.000000 -0.000000 0.000000 0.000000 1.000000 -0.000000 0.000000 0.000000 0.000000 1.000000 0.000000 0.000000 0.000000 0.000000 1.000000
1.000000 -0.000000 -0.000000 0.000000 0.000000 1.000000 -0.000000 0.000000 0.000000 0.000000 1.000000 0.000000 0.000000 0.000000 0.000000 1.000000
1.000000 -0.000000 -0.000000 0.000000 0.000000 1.000000 -0.000000 0.000000 0.000000 0.000000 1.000000 0.000000 0.000000 0.000000 0.000000 1.000000
1.000000 -0.000000 -0.000000 0.000000 0.000000 1.000000 -0.000000 0.000000 0.000000 0.000000 1.000000 0.000000 0.000000 0.000000 0.000000 1.000000
1.000000 -0.000000 -0.000000 0.000000 0.000000 1.000000 -0.000000 0.000000 0.000000 0.000000 1.000000 0.000000 0.000000 0.000000 0.000000 1.000000
1.000000 -0.000000 -0.000000 0.000000 0.000000 1.000000 -0.000000 0.000000 0.000000 0.000000 1.000000 0.000000 0.000000 0.000000 0.000000 1.000000
1.000000 -0.000000 -0.000000 0.000000 0.000000 1.000000 -0.000000 0.000000 0.000000 0.000000 1.000000 0.000000 0.000000 0.000000 0.000000 1.000000
1.000000 -0.000000 -0.000000 0.000000 0.000000 1.000000 -0.000000 0.000000 0.000000 0.000000 1.000000 0.000000 0.000000 0.000000 0.000000 1.000000
1.000000 -0.000000 -0.000000 0.000000 0.000000 1.000000 -0.000000 0.000000 0.000000 0.000000 1.000000 0.000000 0.000000 0.000000 0.000000 1.000000
1.000000 -0.000000 -0.000000 0.000000 0.000000 1.000000 -0.000000 0.000000 0.000000 0.000000 1.000000 0.000000 0.000000 0.000000 0.000000 1.000000
1.000000 -0.000000 -0.000000 0.000000 0.000000 1.000000 -0.000000 0.000000 0.000000 0.000000 1.000000 0.000000 0.000000 0.000000 0.000000 1.000000
1.000000 -0.000000 -0.000000 0.000000 0.000000 1.000000 -0.000000 0.000000 0.000000 0.000000 1.000000 0.000000 0.000000 0.000000 0.000000 1.000000
1.000000 -0.000000 -0.000000 0.000000 0.000000 1.000000 -0.000000 0.000000 0.000000 0.000000 1.000000 0.000000 0.000000 0.000000 0.000000 1.000000
1.000000 -0.000000 -0.000000 0.000000 0.000000 1.000000 -0.000000 0.000000 0.000000 0.000000 1.000000 0.000000 0.000000 0.000000 0.000000 1.000000
1.000000 -0.000000 -0.000000 0.000000 0.000000 1.000000 -0.000000 0.000000 0.000000 0.000000 1.000000 0.000000 0.000000 0.000000 0.000000 1.000000
1.000000 -0.000000 -0.000000 0.000000 0.000000 1.000000 -0.000000 0.000000 0.000000 0.000000 1.000000 0.000000 0.000000 0.000000 0.000000 1.000000
1.000000 -0.000000 -0.000000 0.000000 0.000000 1.000000 -0.000000 0.000000 0.000000 0.000000 1.000000 0.000000 0.000000 0.000000 0.000000 1.000000
1.000000 -0.000000 -0.000000 0.000000 0.000000 1.000000 -0.000000 0.000000 0.000000 0.000000 1.000000 0.000000 0.000000 0.000000 0.000000 1.000000
1.000000 -0.000000 -0.000000 0.000000 0.000000 1.000000 -0.000000 0.000000 0.000000 0.000000 1.000000 0.000000 0.000000 0.000000 0.000000 1.000000
1.000000 -0.000000 -0.000000 0.000000 0.000000 1.000000 -0.000000 0.000000 0.000000 0.000000 1.000000 0.000000 0.000000 0.000000 0.000000 1.000000
1.000000 -0.000000 -0.000000 0.000000 0.000000 1.000000 -0.000000 0.000000 0.000000 0.000000 1.000000 0.000000 0.000000 0.000000 0.000000 1.000000
1.000000 -0.000000 -0.000000 0.000000 0.000000 1.000000 -0.000000 0.000000 0.000000 0.000000 1.000000 0.000000 0.000000 0.000000 0.000000 1.000000
1.000000 -0.000000 -0.000000 0.000000 0.000000 1.000000 -0.000000 0.000000 0.000000 0.000000 1.000000 0.000000 0.000000 0.000000 0.000000 1.000000
1.000000 -0.000000 -0.000000 0.000000 0.000000 1.000000 -0.000000 0.000000 0.000000 0.000000 1.000000 0.000000 0.000000 0.000000 0.000000 1.000000
1.000000 -0.000000 -0.000000 0.000000 0.000000 1.000000 -0.000000 0.000000 0.000000 0.000000 1.000000 0.000000 0.000000 0.000000 0.000000 1.000000
1.000000 -0.000000 -0.000000 0.000000 0.000000 1.000000 -0.000000 0.000000 0.000000 0.000000 1.000000 0.000000 0.000000 0.000000 0.000000 1.000000
1.000000 -0.000000 -0.000000 0.000000 0.000000 1.000000 -0.000000 0.000000 0.000000 0.000000 1.000000 0.000000 0.000000 0.000000 0.000000 1.000000
1.000000 -0.000000 -0.000000 0.000000 0.000000 1.000000 -0.000000 0.000000 0.000000 0.000000 1.000000 0.000000 0.000000 0.000000 0.000000 1.000000
1.000000 -0.000000 -0.000000 0.000000 0.000000 1.000000 -0.000000 0.000000 0.000000 0.000000 1.000000 0.000000 0.000000 0.000000 0.000000 1.000000
1.000000 -0.000000 -0.000000 0.000000 0.000000 1.000000 -0.000000 0.000000 0.000000 0.000000 1.000000 0.000000 0.000000 0.000000 0.000000 1.000000
1.000000 -0.000000 -0.000000 0.000000 0.000000 1.000000 -0.000000 0.000000 0.000000 0.000000 1.000000 0.000000 0.000000 0.000000 0.000000 1.000000
1.000000 -0.000000 -0.000000 0.000000 0.000000 1.000000 -0.000000 0.000000 0.000000 0.000000 1.000000 0.000000 0.000000 0.000000 0.000000 1.000000
1.000000 -0.000000 -0.000000 0.000000 0.000000 1.000000 -0.000000 0.000000 0.000000 0.000000 1.000000 0.000000 0.000000 0.000000 0.000000 1.000000
1.000000 -0.000000 -0.000000 0.000000 0.000000 1.000000 -0.000000 0.000000 0.000000 0.000000 1.000000 0.000000 0.000000 0.000000 0.000000 1.000000
1.000000 -0.000000 -0.000000 0.000000 0.000000 1.000000 -0.000000 0.000000 0.000000 0.000000 1.000000 0.000000 0.000000 0.000000 0.000000 1.000000
1.000000 -0.000000 -0.000000 0.000000 0.000000 1.000000 -0.000000 0.000000 0.000000 0.000000 1.000000 0.000000 0.000000 0.000000 0.000000 1.000000
1.000000 -0.000000 -0.000000 0.000000 0.000000 1.000000 -0.000000 0.000000 0.000000 0.000000 1.000000 0.000000 0.000000 0.000000 0.000000 1.000000
1.000000 -0.000000 -0.000000 0.000000 0.000000 1.000000 -0.000000 0.000000 0.000000 0.000000 1.000000 0.000000 0.000000 0.000000 0.000000 1.000000
1.000000 -0.000000 -0.000000 0.000000 0.000000 1.000000 -0.000000 0.000000 0.000000 0.000000 1.000000 0.000000 0.000000 0.000000 0.000000 1.000000
1.000000 -0.000000 -0.000000 0.000000 0.000000 1.000000 -0.000000 0.000000 0.000000 0.000000 1.000000 0.000000 0.000000 0.000000 0.000000 1.000000
1.000000 -0.000000 -0.000000 0.000000 0.000000 1.000000 -0.000000 0.000000 0.000000 0.000000 1.000000 0.000000 0.000000 0.000000 0.000000 1.000000
1.000000 -0.000000 -0.000000 0.000000 0.000000 1.000000 -0.000000 0.000000 0.000000 0.000000 1.000000 0.000000 0.000000 0.000000 0.000000 1.000000
1.000000 -0.000000 -0.000000 0.000000 0.000000 1.000000 -0.000000 0.000000 0.000000 0.000000 1.000000 0.000000 0.000000 0.000000 0.000000 1.000000
1.000000 -0.000000 -0.000000 0.000000 0.000000 1.000000 -0.000000 0.000000 0.000000 0.000000 1.000000 0.000000 0.000000 0.000000 0.000000 1.000000
1.000000 -0.000000 -0.000000 0.000000 0.000000 1.000000 -0.000000 0.000000 0.000000 0.000000 1.000000 0.000000 0.000000 0.000000 0.000000 1.000000
1.000000 -0.000000 -0.000000 0.000000 0.000000 1.000000 -0.000000 0.000000 0.000000 0.000000 1.000000 0.000000 0.000000 0.000000 0.000000 1.000000
1.000000 -0.000000 -0.000000 0.000000 0.000000 1.000000 -0.000000 0.000000 0.000000 0.000000 1.000000 0.000000 0.000000 0.000000 0.000000 1.000000
1.000000 -0.000000 -0.000000 0.000000 0.000000 1.000000 -0.000000 0.000000 0.000000 0.000000 1.000000 0.000000 0.000000 0.000000 0.000000 1.000000
1.000000 -0.000000 -0.000000 0.000000 0.000000 1.000000 -0.000000 0.000000 0.000000 0.000000 1.000000 0.000000 0.000000 0.000000 0.000000 1.000000
1.000000 -0.000000 -0.000000 0.000000 0.000000 1.000000 -0.000000 0.000000 0.000000 0.000000 1.000000 0.000000 0.000000 0.000000 0.000000 1.000000
1.000000 -0.000000 -0.000000 0.000000 0.000000 1.000000 -0.000000 0.000000 0.000000 0.000000 1.000000 0.000000 0.000000 0.000000 0.000000 1.000000
1.000000 -0.000000 -0.000000 0.000000 0.000000 1.000000 -0.000000 0.000000 0.000000 0.000000 1.000000 0.000000 0.000000 0.000000 0.000000 1.000000
1.000000 -0.000000 -0.000000 0.000000 0.000000 1.000000 -0.000000 0.000000 0.000000 0.000000 1.000000 0.000000 0.000000 0.000000 0.000000 1.000000
1.000000 -0.000000 -0.000000 0.000000 0.000000 1.000000 -0.000000 0.000000 0.000000 0.000000 1.000000 0.000000 0.000000 0.000000 0.000000 1.000000
1.000000 -0.000000 -0.000000 0.000000 0.000000 1.000000 -0.000000 0.000000 0.000000 0.000000 1.000000 0.000000 0.000000 0.000000 0.000000 1.000000
1.000000 -0.000000 -0.000000 0.000000 0.000000 1.000000 -0.000000 0.000000 0.000000 0.000000 1.000000 0.000000 0.000000 0.000000 0.000000 1.000000
1.000000 -0.000000 -0.000000 0.000000 0.000000 1.000000 -0.000000 0.000000 0.000000 0.000000 1.000000 0.000000 0.000000 0.000000 0.000000 1.000000
1.000000 -0.000000 -0.000000 0.000000 0.000000 1.000000 -0.000000 0.000000 0.000000 0.000000 1.000000 0.000000 0.000000 0.000000 0.000000 1.000000
1.000000 -0.000000 -0.000000 0.000000 0.000000 1.000000 -0.000000 0.000000 0.000000 0.000000 1.000000 0.000000 0.000000 0.000000 0.000000 1.000000
1.000000 -0.000000 -0.000000 0.000000 0.000000 1.000000 -0.000000 0.000000 0.000000 0.000000 1.000000 0.000000 0.000000 0.000000 0.000000 1.000000
1.000000 -0.000000 -0.000000 0.000000 0.000000 1.000000 -0.000000 0.000000 0.000000 0.000000 1.000000 0.000000 0.000000 0.000000 0.000000 1.000000
1.000000 -0.000000 -0.000000 0.000000 0.000000 1.000000 -0.000000 0.000000 0.000000 0.000000 1.000000 0.000000 0.000000 0.000000 0.000000 1.000000
1.000000 -0.000000 -0.000000 0.000000 0.000000 1.000000 -0.000000 0.000000 0.000000 0.000000 1.000000 0.000000 0.000000 0.000000 0.000000 1.000000
1.000000 -0.000000 -0.000000 0.000000 0.000000 1.000000 -0.000000 0.000000 0.000000 0.000000 1.000000 0.000000 0.000000 0.000000 0.000000 1.000000
1.000000 -0.000000 -0.000000 0.000000 0.000000 1.000000 -0.000000 0.000000 0.000000 0.000000 1.000000 0.000000 0.000000 0.000000 0.000000 1.000000
1.000000 -0.000000 -0.000000 0.000000 0.000000 1.000000 -0.000000 0.000000 0.000000 0.000000 1.000000 0.000000 0.000000 0.000000 0.000000 1.000000
1.000000 -0.000000 -0.000000 0.000000 0.000000 1.000000 -0.000000 0.000000 0.000000 0.000000 1.000000 0.000000 0.000000 0.000000 0.000000 1.000000
1.000000 -0.000000 -0.000000 0.000000 0.000000 1.000000 -0.000000 0.000000 0.000000 0.000000 1.000000 0.000000 0.000000 0.000000 0.000000 1.000000
1.000000 -0.000000 -0.000000 0.000000 0.000000 1.000000 -0.000000 0.000000 0.000000 0.000000 1.000000 0.000000 0.000000 0.000000 0.000000 1.000000
1.000000 -0.000000 -0.000000 0.000000 0.000000 1.000000 -0.000000 0.000000 0.000000 0.000000 1.000000 0.000000 0.000000 0.000000 0.000000 1.000000
1.000000 -0.000000 -0.000000 0.000000 0.000000 1.000000 -0.000000 0.000000 0.000000 0.000000 1.000000 0.000000 0.000000 0.000000 0.000000 1.000000
1.000000 -0.000000 -0.000000 0.000000 0.000000 1.000000 -0.000000 0.000000 0.000000 0.000000 1.000000 0.000000 0.000000 0.000000 0.000000 1.000000
1.000000 -0.000000 -0.000000 0.000000 0.000000 1.000000 -0.000000 0.000000 0.000000 0.000000 1.000000 0.000000 0.000000 0.000000 0.000000 1.000000
1.000000 -0.000000 -0.000000 0.000000 0.000000 1.000000 -0.000000 0.000000 0.000000 0.000000 1.000000 0.000000 0.000000 0.000000 0.000000 1.000000
1.000000 -0.000000 -0.000000 0.000000 0.000000 1.000000 -0.000000 0.000000 0.000000 0.000000 1.000000 0.000000 0.000000 0.000000 0.000000 1.000000
1.000000 -0.000000 -0.000000 0.000000 0.000000 1.000000 -0.000000 0.000000 0.000000 0.000000 1.000000 0.000000 0.000000 0.000000 0.000000 1.000000
1.000000 -0.000000 -0.000000 0.000000 0.000000 1.000000 -0.000000 0.000000 0.000000 0.000000 1.000000 0.000000 0.000000 0.000000 0.000000 1.000000
1.000000 -0.000000 -0.000000 0.000000 0.000000 1.000000 -0.000000 0.000000 0.000000 0.000000 1.000000 0.000000 0.000000 0.000000 0.000000 1.000000
1.000000 -0.000000 -0.000000 0.000000 0.000000 1.000000 -0.000000 0.000000 0.000000 0.000000 1.000000 0.000000 0.000000 0.000000 0.000000 1.000000
1.000000 -0.000000 -0.000000 0.000000 0.000000 1.000000 -0.000000 0.000000 0.000000 0.000000 1.000000 0.000000 0.000000 0.000000 0.000000 1.000000
1.000000 -0.000000 -0.000000 0.000000 0.000000 1.000000 -0.000000 0.000000 0.000000 0.000000 1.000000 0.000000 0.000000 0.000000 0.000000 1.000000
1.000000 -0.000000 -0.000000 0.000000 0.000000 1.000000 -0.000000 0.000000 0.000000 0.000000 1.000000 0.000000 0.000000 0.000000 0.000000 1.000000
1.000000 -0.000000 -0.000000 0.000000 0.000000 1.000000 -0.000000 0.000000 0.000000 0.000000 1.000000 0.000000 0.000000 0.000000 0.000000 1.000000
1.000000 -0.000000 -0.000000 0.000000 0.000000 1.000000 -0.000000 0.000000 0.000000 0.000000 1.000000 0.000000 0.000000 0.000000 0.000000 1.000000
1.000000 -0.000000 -0.000000 0.000000 0.000000 1.000000 -0.000000 0.000000 0.000000 0.000000 1.000000 0.000000 0.000000 0.000000 0.000000 1.000000
1.000000 -0.000000 -0.000000 0.000000 0.000000 1.000000 -0.000000 0.000000 0.000000 0.000000 1.000000 0.000000 0.000000 0.000000 0.000000 1.000000
1.000000 -0.000000 -0.000000 0.000000 0.000000 1.000000 -0.000000 0.000000 0.000000 0.000000 1.000000 0.000000 0.000000 0.000000 0.000000 1.000000
1.000000 -0.000000 -0.000000 0.000000 0.000000 1.000000 -0.000000 0.000000 0.000000 0.000000 1.000000 0.000000 0.000000 0.000000 0.000000 1.000000
1.000000 -0.000000 -0.000000 0.000000 0.000000 1.000000 -0.000000 0.000000 0.000000 0.000000 1.000000 0.000000 0.000000 0.000000 0.000000 1.000000
1.000000 -0.000000 -0.000000 0.000000 0.000000 1.000000 -0.000000 0.000000 0.000000 0.000000 1.000000 0.000000 0.000000 0.000000 0.000000 1.000000
1.000000 -0.000000 -0.000000 0.000000 0.000000 1.000000 -0.000000 0.000000 0.000000 0.000000 1.000000 0.000000 0.000000 0.000000 0.000000 1.000000
1.000000 -0.000000 -0.000000 0.000000 0.000000 1.000000 -0.000000 0.000000 0.000000 0.000000 1.000000 0.000000 0.000000 0.000000 0.000000 1.000000
1.000000 -0.000000 -0.000000 0.000000 0.000000 1.000000 -0.000000 0.000000 0.000000 0.000000 1.000000 0.000000 0.000000 0.000000 0.000000 1.000000
1.000000 -0.000000 -0.000000 0.000000 0.000000 1.000000 -0.000000 0.000000 0.000000 0.000000 1.000000 0.000000 0.000000 0.000000 0.000000 1.000000
1.000000 -0.000000 -0.000000 0.000000 0.000000 1.000000 -0.000000 0.000000 0.000000 0.000000 1.000000 0.000000 0.000000 0.000000 0.000000 1.000000
1.000000 -0.000000 -0.000000 0.000000 0.000000 1.000000 -0.000000 0.000000 0.000000 0.000000 1.000000 0.000000 0.000000 0.000000 0.000000 1.000000
1.000000 -0.000000 -0.000000 0.000000 0.000000 1.000000 -0.000000 0.000000 0.000000 0.000000 1.000000 0.000000 0.000000 0.000000 0.000000 1.000000
1.000000 -0.000000 -0.000000 0.000000 0.000000 1.000000 -0.000000 0.000000 0.000000 0.000000 1.000000 0.000000 0.000000 0.000000 0.000000 1.000000
