<?xml version="1.0" encoding="utf-8"?>
<COLLADA xmlns="http://www.collada.org/2005/11/COLLADASchema" version="1.4.1">
  <asset><contributor><author></author><authoring_tool>FBX COLLADA exporter</authoring_tool><comments></comments></contributor><created>2023-03-12T20:39:01Z</created><keywords></keywords><modified>2023-03-12T20:39:01Z</modified><revision></revision><subject></subject><title></title><unit meter="0.010000" name="centimeter"></unit><up_axis>Y_UP</up_axis></asset>
  <library_animations>
    <animation id="jnt_left_shoulder-anim" name="jnt_left_shoulder"><animation><source id="jnt_left_shoulder-Matrix-animation-input"><float_array id="jnt_left_shoulder-Matrix-animation-input-array" count="33">

0.000000 0.033333 0.066667 0.100000 0.133333 0.166667 0.200000 0.233333 0.266667 0.300000 0.333333 0.366667 0.400000 0.433333 0.466667 0.500000
0.533333 0.566667 0.600000 0.633333 0.666667 0.700000 0.733333 0.766667 0.800000 0.833333 0.866667 0.900000 0.933333 0.966667 1.000000 1.033333
1.066667</float_array><technique_common><accessor source="#jnt_left_shoulder-Matrix-animation-input-array" count="33"><param name="TIME" type="float"/></accessor></technique_common></source><source id="jnt_left_shoulder-Matrix-animation-output-transform"><float_array id="jnt_left_shoulder-Matrix-animation-output-transform-array" count="528">

0.018531 -0.035862 -0.999185 0.038327 -0.771214 -0.636518 0.008543 -0.117865 -0.636306 0.770427 -0.039453 0.430250 0.000000 0.000000 0.000000 1.000000
0.018531 -0.035862 -0.999185 0.038327 -0.771214 -0.636518 0.008543 -0.117865 -0.636306 0.770427 -0.039453 0.430250 0.000000 0.000000 0.000000 1.000000
0.018531 -0.035862 -0.999185 0.038327 -0.771214 -0.636518 0.008543 -0.117865 -0.636306 0.770427 -0.039453 0.430250 0.000000 0.000000 0.000000 1.000000
0.018531 -0.035862 -0.999185 0.038327 -0.771214 -0.636518 0.008543 -0.117865 -0.636306 0.770427 -0.039453 0.430250 0.000000 0.000000 0.000000 1.000000
0.018531 -0.035862 -0.999185 0.038327 -0.771214 -0.636518 0.008543 -0.117865 -0.636306 0.770427 -0.039453 0.430250 0.000000 0.000000 0.000000 1.000000
0.018531 -0.035862 -0.999185 0.038327 -0.771214 -0.636518 0.008543 -0.117865 -0.636306 0.770427 -0.039453 0.430250 0.000000 0.000000 0.000000 1.000000
0.018531 -0.035862 -0.999185 0.038327 -0.771214 -0.636518 0.008543 -0.117865 -0.636306 0.770427 -0.039453 0.430250 0.000000 0.000000 0.000000 1.000000
0.018531 -0.035862 -0.999185 0.038327 -0.771214 -0.636518 0.008543 -0.117865 -0.636306 0.770427 -0.039453 0.430250 0.000000 0.000000 0.000000 1.000000
0.018531 -0.035862 -0.999185 0.040176 -0.771214 -0.636518 0.008543 -0.122727 -0.636306 0.770427 -0.039453 0.423104 0.000000 0.000000 0.000000 1.000000
0.018531 -0.035862 -0.999185 0.053831 -0.771214 -0.636518 0.008543 -0.158616 -0.636306 0.770427 -0.039453 0.370280 0.000000 0.000000 0.000000 1.000000
0.018531 -0.035862 -0.999185 0.078207 -0.771214 -0.636518 0.008543 -0.222680 -0.636306 0.770427 -0.039453 0.275989 0.000000 0.000000 0.000000 1.000000
0.018531 -0.035862 -0.999185 0.110241 -0.771214 -0.636518 0.008543 -0.306870 -0.636306 0.770427 -0.039453 0.152077 0.000000 0.000000 0.000000 1.000000
0.018531 -0.035862 -0.999185 0.146869 -0.771214 -0.636518 0.008543 -0.403134 -0.636306 0.770427 -0.039453 0.010392 0.000000 0.000000 0.000000 1.000000
0.018531 -0.035862 -0.999185 0.185028 -0.771214 -0.636518 0.008543 -0.503423 -0.636306 0.770427 -0.039453 -0.137216 0.000000 0.000000 0.000000 1.000000
0.018531 -0.035862 -0.999185 0.221656 -0.771214 -0.636518 0.008543 -0.599687 -0.636306 0.770427 -0.039453 -0.278901 0.000000 0.000000 0.000000 1.000000
0.018531 -0.035862 -0.999185 0.253689 -0.771214 -0.636518 0.008543 -0.683876 -0.636306 0.770427 -0.039453 -0.402813 0.000000 0.000000 0.000000 1.000000
0.018531 -0.035862 -0.999185 0.278065 -0.771214 -0.636518 0.008543 -0.747940 -0.636306 0.770427 -0.039453 -0.497105 0.000000 0.000000 0.000000 1.000000
0.018531 -0.035862 -0.999185 0.291720 -0.771214 -0.636518 0.008543 -0.783829 -0.636306 0.770427 -0.039453 -0.549928 0.000000 0.000000 0.000000 1.000000
0.018531 -0.035862 -0.999185 0.293568 -0.771214 -0.636518 0.008543 -0.788680 -0.636306 0.770427 -0.039453 -0.557079 0.000000 0.000000 0.000000 1.000000
0.018531 -0.035862 -0.999185 0.293568 -0.771214 -0.636518 0.008543 -0.788680 -0.636306 0.770427 -0.039453 -0.557079 0.000000 0.000000 0.000000 1.000000
0.018531 -0.035862 -0.999185 0.293568 -0.771214 -0.636518 0.008543 -0.788680 -0.636306 0.770427 -0.039453 -0.557079 0.000000 0.000000 0.000000 1.000000
0.018531 -0.035862 -0.999185 0.293568 -0.771214 -0.636518 0.008543 -0.788680 -0.636306 0.770427 -0.039453 -0.557079 0.000000 0.000000 0.000000 1.000000
0.018531 -0.035862 -0.999185 0.293568 -0.771214 -0.636518 0.008543 -0.788680 -0.636306 0.770427 -0.039453 -0.557079 0.000000 0.000000 0.000000 1.000000
0.018531 -0.035862 -0.999185 0.293568 -0.771214 -0.636518 0.008543 -0.788680 -0.636306 0.770427 -0.039453 -0.557079 0.000000 0.000000 0.000000 1.000000
0.018531 -0.035862 -0.999185 0.293568 -0.771214 -0.636518 0.008543 -0.788680 -0.636306 0.770427 -0.039453 -0.557079 0.000000 0.000000 0.000000 1.000000
0.018531 -0.035862 -0.999185 0.293568 -0.771214 -0.636518 0.008543 -0.788680 -0.636306 0.770427 -0.039453 -0.557079 0.000000 0.000000 0.000000 1.000000
0.018531 -0.035862 -0.999185 0.293568 -0.771214 -0.636518 0.008543 -0.788680 -0.636306 0.770427 -0.039453 -0.557079 0.000000 0.000000 0.000000 1.000000
0.018531 -0.035862 -0.999185 0.293568 -0.771214 -0.636518 0.008543 -0.788680 -0.636306 0.770427 -0.039453 -0.557079 0.000000 0.000000 0.000000 1.000000
0.018531 -0.035862 -0.999185 0.293568 -0.771214 -0.636518 0.008543 -0.788680 -0.636306 0.770427 -0.039453 -0.557079 0.000000 0.000000 0.000000 1.000000
0.018531 -0.035862 -0.999185 0.293568 -0.771214 -0.636518 0.008543 -0.788680 -0.636306 0.770427 -0.039453 -0.557079 0.000000 0.000000 0.000000 1.000000
0.018531 -0.035862 -0.999185 0.293568 -0.771214 -0.636518 0.008543 -0.788680 -0.636306 0.770427 -0.039453 -0.557079 0.000000 0.000000 0.000000 1.000000
0.018531 -0.035862 -0.999185 0.293568 -0.771214 -0.636518 0.008543 -0.788680 -0.636306 0.770427 -0.039453 -0.557079 0.000000 0.000000 0.000000 1.000000
0.018531 -0.035862 -0.999185 0.293568 -0.771214 -0.636518 0.008543 -0.788680 -0.636306 0.770427 -0.039453 -0.557079 0.000000 0.000000 0.000000 1.000000</float_array><technique_common><accessor source="#jnt_left_shoulder-Matrix-animation-output-transform-array" count="33" stride="16"><param type="float4x4"/></accessor></technique_common></source><source id="jnt_left_shoulder-Interpolations"><Name_array id="jnt_left_shoulder-Interpolations-array" count="33">
 LINEAR LINEAR LINEAR LINEAR LINEAR LINEAR LINEAR LINEAR LINEAR LINEAR LINEAR
LINEAR LINEAR LINEAR LINEAR LINEAR LINEAR LINEAR LINEAR LINEAR LINEAR LINEAR LINEAR
LINEAR LINEAR LINEAR LINEAR LINEAR LINEAR LINEAR LINEAR LINEAR LINEAR</Name_array><technique_common><accessor source="#jnt_left_shoulder-Interpolations-array" count="33"><param type="name"/></accessor></technique_common></source><sampler id="jnt_left_shoulder-Matrix-animation-transform"><input semantic="INPUT" source="#jnt_left_shoulder-Matrix-animation-input"/><input semantic="OUTPUT" source="#jnt_left_shoulder-Matrix-animation-output-transform"/><input semantic="INTERPOLATION" source="#jnt_left_shoulder-Interpolations"/></sampler><channel source="#jnt_left_shoulder-Matrix-animation-transform" target="jnt_left_shoulder/matrix"/></animation></animation>
    <animation id="jnt_left_arm-anim" name="jnt_left_arm"><animation><source id="jnt_left_arm-Matrix-animation-input"><float_array id="jnt_left_arm-Matrix-animation-input-array" count="33">

0.000000 0.033333 0.066667 0.100000 0.133333 0.166667 0.200000 0.233333 0.266667 0.300000 0.333333 0.366667 0.400000 0.433333 0.466667 0.500000
0.533333 0.566667 0.600000 0.633333 0.666667 0.700000 0.733333 0.766667 0.800000 0.833333 0.866667 0.900000 0.933333 0.966667 1.000000 1.033333
1.066667</float_array><technique_common><accessor source="#jnt_left_arm-Matrix-animation-input-array" count="33"><param name="TIME" type="float"/></accessor></technique_common></source><source id="jnt_left_arm-Matrix-animation-output-transform"><float_array id="jnt_left_arm-Matrix-animation-output-transform-array" count="528">

-0.234190 0.007702 0.972160 -0.640179 -0.241717 0.968106 -0.065899 -0.127611 -0.941662 -0.250420 -0.224860 0.097521 0.000000 0.000000 0.000000 1.000000
-0.235090 0.006813 0.971949 -0.640179 -0.238226 0.969071 -0.064413 -0.127611 -0.942327 -0.246686 -0.226196 0.097521 0.000000 0.000000 0.000000 1.000000
-0.236312 0.004899 0.971665 -0.639654 -0.223588 0.972879 -0.059283 -0.127837 -0.945603 -0.231262 -0.228808 0.097906 0.000000 0.000000 0.000000 1.000000
-0.231279 0.001387 0.972886 -0.635545 -0.188283 0.981029 -0.046158 -0.129581 -0.954494 -0.193853 -0.226630 0.100854 0.000000 0.000000 0.000000 1.000000
-0.214003 -0.002423 0.976830 -0.627856 -0.116950 0.992868 -0.023158 -0.132844 -0.969807 -0.119196 -0.212760 0.106372 0.000000 0.000000 0.000000 1.000000
-0.182390 0.000684 0.983226 -0.617137 0.007616 0.999971 0.000717 -0.137393 -0.983197 0.007619 -0.182389 0.114063 0.000000 0.000000 0.000000 1.000000
-0.169783 0.083654 0.981924 -0.603940 0.204220 0.977748 -0.047987 -0.142994 -0.964089 0.192382 -0.183089 0.123533 0.000000 0.000000 0.000000 1.000000
0.855104 -0.242898 -0.458038 -0.588814 0.288560 -0.511005 0.809695 -0.149414 -0.430733 -0.824545 -0.366872 0.134387 0.000000 0.000000 0.000000 1.000000
0.764427 -0.392456 -0.511497 -0.572312 0.484946 -0.172772 0.857308 -0.156418 -0.424828 -0.903398 0.058248 0.146228 0.000000 0.000000 0.000000 1.000000
0.711668 -0.461655 -0.529531 -0.554983 0.639683 0.114255 0.760099 -0.163773 -0.290402 -0.879671 0.376625 0.158663 0.000000 0.000000 0.000000 1.000000
0.736518 -0.544673 -0.401087 -0.537378 0.662324 0.460302 0.591142 -0.171244 -0.137358 -0.701037 0.699771 0.171296 0.000000 0.000000 0.000000 1.000000
0.773743 -0.557118 -0.301566 -0.520049 0.633288 0.692528 0.345471 -0.178599 0.016375 -0.458284 0.888655 0.183730 0.000000 0.000000 0.000000 1.000000
0.794427 -0.555846 -0.244785 -0.503546 0.592415 0.798014 0.110537 -0.185603 0.133901 -0.232828 0.963256 0.195572 0.000000 0.000000 0.000000 1.000000
0.833546 -0.534869 -0.138259 -0.488421 0.530867 0.844761 -0.067517 -0.192023 0.152909 -0.017118 0.988092 0.206426 0.000000 0.000000 0.000000 1.000000
0.948779 -0.314996 0.024388 -0.475223 0.313758 0.930367 -0.189666 -0.197624 0.037054 0.187603 0.981546 0.215896 0.000000 0.000000 0.000000 1.000000
0.999190 -0.009015 0.039217 -0.464505 0.019620 0.960026 -0.279223 -0.202173 -0.035132 0.279766 0.959425 0.223587 0.000000 0.000000 0.000000 1.000000
0.972556 0.221997 -0.069656 -0.456816 -0.232659 0.930570 -0.282683 -0.205436 0.002065 0.291131 0.956681 0.229105 0.000000 0.000000 0.000000 1.000000
0.911326 0.358530 -0.202339 -0.452707 -0.405268 0.867729 -0.287756 -0.207180 0.072406 0.344241 0.936085 0.232052 0.000000 0.000000 0.000000 1.000000
0.894545 0.436179 -0.097653 -0.452174 -0.438977 0.816162 -0.375737 -0.207407 -0.084188 0.378981 0.921567 0.232437 0.000000 0.000000 0.000000 1.000000
0.649931 0.048035 0.758473 -0.452174 0.037465 0.994762 -0.095103 -0.207407 -0.759069 0.090226 0.644727 0.232437 0.000000 0.000000 0.000000 1.000000
0.277330 -0.496828 0.822344 -0.452174 0.389806 0.840491 0.376333 -0.207407 -0.878145 0.216186 0.426760 0.232437 0.000000 0.000000 0.000000 1.000000
0.232667 -0.558925 0.795907 -0.452174 0.402384 0.800360 0.444423 -0.207407 -0.885411 0.216858 0.411120 0.232437 0.000000 0.000000 0.000000 1.000000
0.276930 -0.523217 0.805949 -0.452174 0.359787 0.834199 0.417931 -0.207407 -0.890990 0.174232 0.419261 0.232437 0.000000 0.000000 0.000000 1.000000
0.327185 -0.489134 0.808516 -0.452174 0.335699 0.859963 0.384409 -0.207407 -0.883321 0.145645 0.445568 0.232437 0.000000 0.000000 0.000000 1.000000
0.356611 -0.479268 0.801954 -0.452174 0.337157 0.866564 0.367955 -0.207407 -0.871294 0.139168 0.470615 0.232437 0.000000 0.000000 0.000000 1.000000
0.376118 -0.487363 0.788043 -0.452174 0.356726 0.861101 0.362287 -0.207407 -0.855150 0.144852 0.497731 0.232437 0.000000 0.000000 0.000000 1.000000
0.391856 -0.504843 0.769144 -0.452174 0.385656 0.849142 0.360871 -0.207407 -0.835295 0.155216 0.527437 0.232437 0.000000 0.000000 0.000000 1.000000
0.405630 -0.519391 0.752128 -0.452174 0.410962 0.838635 0.357494 -0.207407 -0.816440 0.164086 0.553625 0.232437 0.000000 0.000000 0.000000 1.000000
0.419210 -0.521680 0.743043 -0.452174 0.422867 0.836428 0.348671 -0.207407 -0.803397 0.168042 0.571240 0.232437 0.000000 0.000000 0.000000 1.000000
0.431091 -0.521174 0.736571 -0.452174 0.430037 0.836316 0.340063 -0.207407 -0.793239 0.170155 0.584653 0.232437 0.000000 0.000000 0.000000 1.000000
0.441035 -0.520234 0.731331 -0.452174 0.435057 0.836647 0.332787 -0.207407 -0.784993 0.171400 0.595322 0.232437 0.000000 0.000000 0.000000 1.000000
0.449216 -0.519001 0.727215 -0.452174 0.438313 0.837302 0.326813 -0.207407 -0.778516 0.171938 0.603614 0.232437 0.000000 0.000000 0.000000 1.000000
0.455799 -0.517605 0.724108 -0.452174 0.440162 0.838169 0.322071 -0.207407 -0.773631 0.171925 0.609866 0.232437 0.000000 0.000000 0.000000 1.000000</float_array><technique_common><accessor source="#jnt_left_arm-Matrix-animation-output-transform-array" count="33" stride="16"><param type="float4x4"/></accessor></technique_common></source><source id="jnt_left_arm-Interpolations"><Name_array id="jnt_left_arm-Interpolations-array" count="33">
 LINEAR LINEAR LINEAR LINEAR LINEAR LINEAR LINEAR LINEAR LINEAR LINEAR LINEAR
LINEAR LINEAR LINEAR LINEAR LINEAR LINEAR LINEAR LINEAR LINEAR LINEAR LINEAR LINEAR
LINEAR LINEAR LINEAR LINEAR LINEAR LINEAR LINEAR LINEAR LINEAR LINEAR</Name_array><technique_common><accessor source="#jnt_left_arm-Interpolations-array" count="33"><param type="name"/></accessor></technique_common></source><sampler id="jnt_left_arm-Matrix-animation-transform"><input semantic="INPUT" source="#jnt_left_arm-Matrix-animation-input"/><input semantic="OUTPUT" source="#jnt_left_arm-Matrix-animation-output-transform"/><input semantic="INTERPOLATION" source="#jnt_left_arm-Interpolations"/></sampler><channel source="#jnt_left_arm-Matrix-animation-transform" target="jnt_left_arm/matrix"/></animation></animation>
    <animation id="jnt_left_armroll-anim" name="jnt_left_armroll"><animation><source id="jnt_left_armroll-Matrix-animation-input"><float_array id="jnt_left_armroll-Matrix-animation-input-array" count="33">

0.000000 0.033333 0.066667 0.100000 0.133333 0.166667 0.200000 0.233333 0.266667 0.300000 0.333333 0.366667 0.400000 0.433333 0.466667 0.500000
0.533333 0.566667 0.600000 0.633333 0.666667 0.700000 0.733333 0.766667 0.800000 0.833333 0.866667 0.900000 0.933333 0.966667 1.000000 1.033333
1.066667</float_array><technique_common><accessor source="#jnt_left_armroll-Matrix-animation-input-array" count="33"><param name="TIME" type="float"/></accessor></technique_common></source><source id="jnt_left_armroll-Matrix-animation-output-transform"><float_array id="jnt_left_armroll-Matrix-animation-output-transform-array" count="528">

1.000000 -0.000000 0.000000 -0.421995 0.000000 1.000000 0.000000 0.000003 -0.000000 -0.000000 1.000000 -0.000003 0.000000 0.000000 0.000000 1.000000
1.000000 -0.000000 0.000000 -0.421995 0.000000 1.000000 0.000000 0.000003 -0.000000 -0.000000 1.000000 -0.000003 0.000000 0.000000 0.000000 1.000000
1.000000 -0.000000 0.000000 -0.421995 0.000000 1.000000 0.000000 0.000003 -0.000000 -0.000000 1.000000 -0.000003 0.000000 0.000000 0.000000 1.000000
1.000000 -0.000000 0.000000 -0.421995 0.000000 1.000000 0.000000 0.000003 -0.000000 -0.000000 1.000000 -0.000003 0.000000 0.000000 0.000000 1.000000
1.000000 -0.000000 0.000000 -0.421995 0.000000 1.000000 -0.000000 0.000003 -0.000000 0.000000 1.000000 -0.000003 0.000000 0.000000 0.000000 1.000000
1.000000 -0.000000 0.000000 -0.421995 0.000000 1.000000 0.000000 0.000003 -0.000000 -0.000000 1.000000 -0.000003 0.000000 0.000000 0.000000 1.000000
1.000000 -0.000000 -0.000000 -0.421995 0.000000 1.000000 0.000000 0.000003 0.000000 -0.000000 1.000000 -0.000003 0.000000 0.000000 0.000000 1.000000
1.000000 -0.000000 -0.000000 -0.421995 0.000000 1.000000 0.000000 0.000003 0.000000 -0.000000 1.000000 -0.000004 0.000000 0.000000 0.000000 1.000000
1.000000 -0.000000 0.000000 -0.421995 0.000000 1.000000 0.000000 0.000002 -0.000000 -0.000000 1.000000 -0.000004 0.000000 0.000000 0.000000 1.000000
1.000000 -0.000000 0.000000 -0.421995 0.000000 1.000000 -0.000000 0.000002 -0.000000 0.000000 1.000000 -0.000004 0.000000 0.000000 0.000000 1.000000
1.000000 -0.000000 0.000000 -0.421995 0.000000 1.000000 0.000000 0.000002 -0.000000 -0.000000 1.000000 -0.000004 0.000000 0.000000 0.000000 1.000000
1.000000 -0.000000 0.000000 -0.421995 0.000000 1.000000 0.000000 0.000002 -0.000000 -0.000000 1.000000 -0.000004 0.000000 0.000000 0.000000 1.000000
1.000000 -0.000000 -0.000000 -0.421995 0.000000 1.000000 0.000000 0.000002 0.000000 -0.000000 1.000000 -0.000004 0.000000 0.000000 0.000000 1.000000
1.000000 -0.000000 -0.000000 -0.421995 0.000000 1.000000 0.000000 0.000002 0.000000 -0.000000 1.000000 -0.000004 0.000000 0.000000 0.000000 1.000000
1.000000 -0.000000 0.000000 -0.421995 0.000000 1.000000 0.000000 0.000002 -0.000000 -0.000000 1.000000 -0.000004 0.000000 0.000000 0.000000 1.000000
1.000000 -0.000000 0.000000 -0.421995 0.000000 1.000000 0.000000 0.000002 -0.000000 -0.000000 1.000000 -0.000004 0.000000 0.000000 0.000000 1.000000
1.000000 -0.000000 -0.000000 -0.421995 0.000000 1.000000 -0.000000 0.000002 0.000000 0.000000 1.000000 -0.000004 0.000000 0.000000 0.000000 1.000000
1.000000 -0.000000 0.000000 -0.421995 0.000000 1.000000 -0.000000 0.000002 -0.000000 0.000000 1.000000 -0.000004 0.000000 0.000000 0.000000 1.000000
1.000000 -0.000000 0.000000 -0.421995 0.000000 1.000000 0.000000 0.000002 -0.000000 -0.000000 1.000000 -0.000005 0.000000 0.000000 0.000000 1.000000
1.000000 -0.000000 0.000000 -0.421995 0.000000 1.000000 0.000000 0.000002 -0.000000 -0.000000 1.000000 -0.000004 0.000000 0.000000 0.000000 1.000000
1.000000 -0.000000 0.000000 -0.421995 0.000000 1.000000 -0.000000 0.000002 -0.000000 0.000000 1.000000 -0.000004 0.000000 0.000000 0.000000 1.000000
1.000000 -0.000000 -0.000000 -0.421995 0.000000 1.000000 0.000000 0.000002 0.000000 -0.000000 1.000000 -0.000004 0.000000 0.000000 0.000000 1.000000
1.000000 -0.000000 -0.000000 -0.421995 0.000000 1.000000 0.000000 0.000002 0.000000 -0.000000 1.000000 -0.000004 0.000000 0.000000 0.000000 1.000000
1.000000 -0.000000 -0.000000 -0.421995 0.000000 1.000000 0.000000 0.000002 0.000000 -0.000000 1.000000 -0.000004 0.000000 0.000000 0.000000 1.000000
1.000000 -0.000000 0.000000 -0.421995 0.000000 1.000000 0.000000 0.000002 -0.000000 -0.000000 1.000000 -0.000004 0.000000 0.000000 0.000000 1.000000
1.000000 -0.000000 0.000000 -0.421995 0.000000 1.000000 0.000000 0.000002 -0.000000 -0.000000 1.000000 -0.000004 0.000000 0.000000 0.000000 1.000000
1.000000 -0.000000 -0.000000 -0.421995 0.000000 1.000000 -0.000000 0.000002 0.000000 0.000000 1.000000 -0.000004 0.000000 0.000000 0.000000 1.000000
1.000000 -0.000000 0.000000 -0.421995 0.000000 1.000000 -0.000000 0.000002 -0.000000 0.000000 1.000000 -0.000003 0.000000 0.000000 0.000000 1.000000
1.000000 -0.000000 0.000000 -0.421995 0.000000 1.000000 -0.000000 0.000002 -0.000000 0.000000 1.000000 -0.000004 0.000000 0.000000 0.000000 1.000000
1.000000 -0.000000 -0.000000 -0.421995 0.000000 1.000000 -0.000000 0.000002 0.000000 0.000000 1.000000 -0.000004 0.000000 0.000000 0.000000 1.000000
1.000000 -0.000000 -0.000000 -0.421995 0.000000 1.000000 0.000000 0.000002 0.000000 -0.000000 1.000000 -0.000005 0.000000 0.000000 0.000000 1.000000
1.000000 -0.000000 0.000000 -0.421995 0.000000 1.000000 0.000000 0.000002 -0.000000 -0.000000 1.000000 -0.000004 0.000000 0.000000 0.000000 1.000000
1.000000 -0.000000 0.000000 -0.421995 0.000000 1.000000 0.000000 0.000002 -0.000000 -0.000000 1.000000 -0.000005 0.000000 0.000000 0.000000 1.000000</float_array><technique_common><accessor source="#jnt_left_armroll-Matrix-animation-output-transform-array" count="33" stride="16"><param type="float4x4"/></accessor></technique_common></source><source id="jnt_left_armroll-Interpolations"><Name_array id="jnt_left_armroll-Interpolations-array" count="33">
 LINEAR LINEAR LINEAR LINEAR LINEAR LINEAR LINEAR LINEAR LINEAR LINEAR LINEAR
LINEAR LINEAR LINEAR LINEAR LINEAR LINEAR LINEAR LINEAR LINEAR LINEAR LINEAR LINEAR
LINEAR LINEAR LINEAR LINEAR LINEAR LINEAR LINEAR LINEAR LINEAR LINEAR</Name_array><technique_common><accessor source="#jnt_left_armroll-Interpolations-array" count="33"><param type="name"/></accessor></technique_common></source><sampler id="jnt_left_armroll-Matrix-animation-transform"><input semantic="INPUT" source="#jnt_left_armroll-Matrix-animation-input"/><input semantic="OUTPUT" source="#jnt_left_armroll-Matrix-animation-output-transform"/><input semantic="INTERPOLATION" source="#jnt_left_armroll-Interpolations"/></sampler><channel source="#jnt_left_armroll-Matrix-animation-transform" target="jnt_left_armroll/matrix"/></animation></animation>
    <animation id="jnt_left_forearm-anim" name="jnt_left_forearm"><animation><source id="jnt_left_forearm-Matrix-animation-input"><float_array id="jnt_left_forearm-Matrix-animation-input-array" count="33">

0.000000 0.033333 0.066667 0.100000 0.133333 0.166667 0.200000 0.233333 0.266667 0.300000 0.333333 0.366667 0.400000 0.433333 0.466667 0.500000
0.533333 0.566667 0.600000 0.633333 0.666667 0.700000 0.733333 0.766667 0.800000 0.833333 0.866667 0.900000 0.933333 0.966667 1.000000 1.033333
1.066667</float_array><technique_common><accessor source="#jnt_left_forearm-Matrix-animation-input-array" count="33"><param name="TIME" type="float"/></accessor></technique_common></source><source id="jnt_left_forearm-Matrix-animation-output-transform"><float_array id="jnt_left_forearm-Matrix-animation-output-transform-array" count="528">

0.006300 -0.809188 -0.587515 -0.843981 0.943924 0.198760 -0.263632 0.000001 0.330103 -0.552910 0.765064 0.000003 0.000000 0.000000 0.000000 1.000000
-0.015931 -0.807305 -0.589919 -0.843981 0.942570 0.184737 -0.278268 0.000001 0.333627 -0.560474 0.757998 0.000003 0.000000 0.000000 0.000000 1.000000
-0.074865 -0.800897 -0.594104 -0.843981 0.937079 0.147224 -0.316554 0.000001 0.340994 -0.580422 0.739481 0.000003 0.000000 0.000000 0.000000 1.000000
-0.154966 -0.787416 -0.596625 -0.843981 0.924235 0.097770 -0.369092 0.000001 0.348961 -0.608620 0.712606 0.000003 0.000000 0.000000 0.000000 1.000000
-0.233414 -0.767480 -0.597069 -0.843981 0.905770 0.051737 -0.420599 0.000001 0.353692 -0.638981 0.683084 0.000003 0.000000 0.000000 0.000000 1.000000
-0.285185 -0.748893 -0.598187 -0.843981 0.892558 0.019940 -0.450490 0.000001 0.349297 -0.662391 0.662744 0.000003 0.000000 0.000000 0.000000 1.000000
-0.285547 -0.753858 -0.591744 -0.843981 0.913894 -0.028285 -0.404966 0.000001 0.288550 -0.656428 0.697023 0.000003 0.000000 0.000000 0.000000 1.000000
-0.211102 -0.154778 -0.965131 -0.843981 -0.450958 0.891444 -0.044324 0.000001 0.867221 0.425877 -0.257984 0.000003 0.000000 0.000000 0.000000 1.000000
-0.038806 -0.272094 -0.961487 -0.843981 -0.314812 0.916541 -0.246668 0.000001 0.948360 0.293115 -0.121226 0.000003 0.000000 0.000000 0.000000 1.000000
0.196562 -0.390747 -0.899266 -0.843981 -0.161777 0.891664 -0.422805 0.000001 0.967053 0.228588 0.112054 0.000004 0.000000 0.000000 0.000000 1.000000
0.366810 -0.581012 -0.726550 -0.843981 0.116200 0.803487 -0.583871 0.000001 0.923010 0.129745 0.362241 0.000004 0.000000 0.000000 0.000000 1.000000
0.541310 -0.683045 -0.490339 -0.843981 0.333439 0.709733 -0.620562 0.000001 0.771882 0.172418 0.611939 0.000004 0.000000 0.000000 0.000000 1.000000
0.709703 -0.657105 -0.254036 -0.843981 0.430812 0.690107 -0.581509 0.000001 0.557424 0.303257 0.772860 0.000004 0.000000 0.000000 0.000000 1.000000
0.789926 -0.610211 -0.060497 -0.843981 0.477302 0.673798 -0.564073 0.000001 0.384966 0.416701 0.823505 0.000003 0.000000 0.000000 0.000000 1.000000
0.654115 -0.731609 0.192046 -0.843981 0.705228 0.498087 -0.504542 0.000001 0.273472 0.465465 0.841757 0.000003 0.000000 0.000000 0.000000 1.000000
0.462936 -0.731348 0.500819 -0.843981 0.885685 0.359115 -0.294273 0.000001 0.035364 0.579799 0.813991 0.000003 0.000000 0.000000 0.000000 1.000000
0.276677 -0.634222 0.721949 -0.843981 0.936146 0.347522 -0.053472 0.000001 -0.216980 0.690645 0.689875 0.000004 0.000000 0.000000 0.000000 1.000000
0.039093 -0.534728 0.844119 -0.843981 0.930356 0.327686 0.164494 0.000001 -0.364566 0.778902 0.510297 0.000003 0.000000 0.000000 0.000000 1.000000
-0.262580 -0.532018 0.804989 -0.843981 0.926595 0.093731 0.364192 0.000001 -0.269209 0.841530 0.468353 0.000004 0.000000 0.000000 0.000000 1.000000
-0.414882 -0.897471 0.149727 -0.843981 0.759375 -0.432187 -0.486378 0.000001 0.501220 -0.088090 0.860823 0.000004 0.000000 0.000000 0.000000 1.000000
-0.397691 -0.867977 -0.297420 -0.843981 0.433196 0.108126 -0.894790 0.000001 0.808816 -0.484691 0.333003 0.000004 0.000000 0.000000 0.000000 1.000000
-0.368775 -0.871065 -0.324422 -0.843981 0.432183 0.148320 -0.889504 0.000001 0.822935 -0.468238 0.321763 0.000004 0.000000 0.000000 0.000000 1.000000
-0.354379 -0.893963 -0.274310 -0.843981 0.499021 0.067289 -0.863973 0.000001 0.790818 -0.443060 0.422260 0.000004 0.000000 0.000000 0.000000 1.000000
-0.342599 -0.910447 -0.231759 -0.843981 0.546469 0.007541 -0.837445 0.000001 0.764197 -0.413557 0.494947 0.000004 0.000000 0.000000 0.000000 1.000000
-0.326834 -0.920983 -0.212060 -0.843981 0.567298 -0.011722 -0.823428 0.000001 0.755878 -0.389426 0.526303 0.000004 0.000000 0.000000 0.000000 1.000000
-0.305780 -0.929092 -0.208056 -0.843981 0.572387 -0.004762 -0.819969 0.000001 0.760836 -0.369819 0.533256 0.000004 0.000000 0.000000 0.000000 1.000000
-0.281083 -0.935731 -0.213070 -0.843981 0.568964 0.016308 -0.822200 0.000001 0.772833 -0.352336 0.527813 0.000004 0.000000 0.000000 0.000000 1.000000
-0.258752 -0.941027 -0.217981 -0.843981 0.564878 0.035643 -0.824404 0.000001 0.783556 -0.336449 0.522342 0.000004 0.000000 0.000000 0.000000 1.000000
-0.244636 -0.945385 -0.215409 -0.843981 0.566813 0.040813 -0.822834 0.000001 0.786686 -0.323392 0.525872 0.000004 0.000000 0.000000 0.000000 1.000000
-0.234223 -0.948860 -0.211671 -0.843981 0.569944 0.042368 -0.820589 0.000001 0.787593 -0.312842 0.530874 0.000004 0.000000 0.000000 0.000000 1.000000
-0.226106 -0.951535 -0.208464 -0.843981 0.572865 0.043195 -0.818510 0.000001 0.787845 -0.304492 0.535334 0.000004 0.000000 0.000000 0.000000 1.000000
-0.220048 -0.953533 -0.205802 -0.843981 0.575480 0.043456 -0.816660 0.000001 0.787655 -0.298139 0.539176 0.000004 0.000000 0.000000 0.000000 1.000000
-0.215796 -0.954958 -0.203685 -0.843981 0.577773 0.043281 -0.815048 0.000001 0.787153 -0.293568 0.542409 0.000004 0.000000 0.000000 0.000000 1.000000</float_array><technique_common><accessor source="#jnt_left_forearm-Matrix-animation-output-transform-array" count="33" stride="16"><param type="float4x4"/></accessor></technique_common></source><source id="jnt_left_forearm-Interpolations"><Name_array id="jnt_left_forearm-Interpolations-array" count="33">
 LINEAR LINEAR LINEAR LINEAR LINEAR LINEAR LINEAR LINEAR LINEAR LINEAR LINEAR
LINEAR LINEAR LINEAR LINEAR LINEAR LINEAR LINEAR LINEAR LINEAR LINEAR LINEAR LINEAR
LINEAR LINEAR LINEAR LINEAR LINEAR LINEAR LINEAR LINEAR LINEAR LINEAR</Name_array><technique_common><accessor source="#jnt_left_forearm-Interpolations-array" count="33"><param type="name"/></accessor></technique_common></source><sampler id="jnt_left_forearm-Matrix-animation-transform"><input semantic="INPUT" source="#jnt_left_forearm-Matrix-animation-input"/><input semantic="OUTPUT" source="#jnt_left_forearm-Matrix-animation-output-transform"/><input semantic="INTERPOLATION" source="#jnt_left_forearm-Interpolations"/></sampler><channel source="#jnt_left_forearm-Matrix-animation-transform" target="jnt_left_forearm/matrix"/></animation></animation>
    <animation id="jnt_left_forearmroll-anim" name="jnt_left_forearmroll"><animation><source id="jnt_left_forearmroll-Matrix-animation-input"><float_array id="jnt_left_forearmroll-Matrix-animation-input-array" count="33">

0.000000 0.033333 0.066667 0.100000 0.133333 0.166667 0.200000 0.233333 0.266667 0.300000 0.333333 0.366667 0.400000 0.433333 0.466667 0.500000
0.533333 0.566667 0.600000 0.633333 0.666667 0.700000 0.733333 0.766667 0.800000 0.833333 0.866667 0.900000 0.933333 0.966667 1.000000 1.033333
1.066667</float_array><technique_common><accessor source="#jnt_left_forearmroll-Matrix-animation-input-array" count="33"><param name="TIME" type="float"/></accessor></technique_common></source><source id="jnt_left_forearmroll-Matrix-animation-output-transform"><float_array id="jnt_left_forearmroll-Matrix-animation-output-transform-array" count="528">

1.000000 0.000001 -0.000000 -0.487001 -0.000001 1.000000 -0.000000 -0.000000 0.000000 0.000000 1.000000 -0.000005 0.000000 0.000000 0.000000 1.000000
1.000000 0.000001 -0.000000 -0.487001 -0.000001 1.000000 -0.000000 -0.000000 0.000000 0.000000 1.000000 -0.000005 0.000000 0.000000 0.000000 1.000000
1.000000 0.000001 -0.000000 -0.487001 -0.000001 1.000000 -0.000000 -0.000000 0.000000 0.000000 1.000000 -0.000005 0.000000 0.000000 0.000000 1.000000
1.000000 0.000001 -0.000000 -0.487001 -0.000001 1.000000 -0.000000 -0.000000 0.000000 0.000000 1.000000 -0.000005 0.000000 0.000000 0.000000 1.000000
1.000000 0.000001 -0.000000 -0.487001 -0.000001 1.000000 -0.000000 -0.000000 0.000000 0.000000 1.000000 -0.000005 0.000000 0.000000 0.000000 1.000000
1.000000 0.000001 -0.000000 -0.487001 -0.000001 1.000000 -0.000000 -0.000000 0.000000 0.000000 1.000000 -0.000005 0.000000 0.000000 0.000000 1.000000
1.000000 0.000001 -0.000000 -0.487001 -0.000001 1.000000 -0.000000 -0.000000 0.000000 0.000000 1.000000 -0.000005 0.000000 0.000000 0.000000 1.000000
1.000000 0.000001 -0.000000 -0.487001 -0.000001 1.000000 -0.000000 0.000000 0.000000 0.000000 1.000000 -0.000005 0.000000 0.000000 0.000000 1.000000
1.000000 0.000001 -0.000000 -0.487001 -0.000001 1.000000 -0.000000 -0.000000 0.000000 0.000000 1.000000 -0.000005 0.000000 0.000000 0.000000 1.000000
1.000000 0.000001 -0.000000 -0.487001 -0.000001 1.000000 -0.000000 -0.000000 0.000000 0.000000 1.000000 -0.000005 0.000000 0.000000 0.000000 1.000000
1.000000 0.000001 -0.000000 -0.487001 -0.000001 1.000000 -0.000000 -0.000001 0.000000 0.000000 1.000000 -0.000004 0.000000 0.000000 0.000000 1.000000
1.000000 0.000001 -0.000000 -0.487001 -0.000001 1.000000 -0.000000 -0.000000 0.000000 0.000000 1.000000 -0.000004 0.000000 0.000000 0.000000 1.000000
1.000000 0.000001 -0.000000 -0.487001 -0.000001 1.000000 -0.000000 -0.000000 0.000000 0.000000 1.000000 -0.000004 0.000000 0.000000 0.000000 1.000000
1.000000 0.000001 -0.000000 -0.487001 -0.000001 1.000000 -0.000000 -0.000000 0.000000 0.000000 1.000000 -0.000004 0.000000 0.000000 0.000000 1.000000
1.000000 0.000001 -0.000000 -0.487001 -0.000001 1.000000 -0.000000 -0.000000 0.000000 0.000000 1.000000 -0.000004 0.000000 0.000000 0.000000 1.000000
1.000000 0.000001 -0.000000 -0.487001 -0.000001 1.000000 -0.000000 -0.000000 0.000000 0.000000 1.000000 -0.000003 0.000000 0.000000 0.000000 1.000000
1.000000 0.000001 -0.000000 -0.487001 -0.000001 1.000000 -0.000000 -0.000001 0.000000 0.000000 1.000000 -0.000004 0.000000 0.000000 0.000000 1.000000
1.000000 0.000001 -0.000000 -0.487001 -0.000001 1.000000 -0.000000 -0.000001 0.000000 0.000000 1.000000 -0.000004 0.000000 0.000000 0.000000 1.000000
1.000000 0.000001 -0.000000 -0.487001 -0.000001 1.000000 -0.000000 -0.000000 0.000000 0.000000 1.000000 -0.000004 0.000000 0.000000 0.000000 1.000000
1.000000 0.000001 -0.000000 -0.487001 -0.000001 1.000000 -0.000000 -0.000000 0.000000 0.000000 1.000000 -0.000004 0.000000 0.000000 0.000000 1.000000
1.000000 0.000001 -0.000000 -0.487001 -0.000001 1.000000 -0.000000 -0.000000 0.000000 0.000000 1.000000 -0.000004 0.000000 0.000000 0.000000 1.000000
1.000000 0.000001 -0.000000 -0.487001 -0.000001 1.000000 -0.000000 -0.000000 0.000000 0.000000 1.000000 -0.000004 0.000000 0.000000 0.000000 1.000000
1.000000 0.000001 -0.000000 -0.487001 -0.000001 1.000000 -0.000000 -0.000000 0.000000 0.000000 1.000000 -0.000004 0.000000 0.000000 0.000000 1.000000
1.000000 0.000001 -0.000000 -0.487001 -0.000001 1.000000 -0.000000 -0.000000 0.000000 0.000000 1.000000 -0.000004 0.000000 0.000000 0.000000 1.000000
1.000000 0.000001 -0.000000 -0.487001 -0.000001 1.000000 -0.000000 -0.000000 0.000000 0.000000 1.000000 -0.000004 0.000000 0.000000 0.000000 1.000000
1.000000 0.000001 -0.000000 -0.487001 -0.000001 1.000000 -0.000000 -0.000000 0.000000 0.000000 1.000000 -0.000004 0.000000 0.000000 0.000000 1.000000
1.000000 0.000001 -0.000000 -0.487001 -0.000001 1.000000 -0.000000 -0.000000 0.000000 0.000000 1.000000 -0.000004 0.000000 0.000000 0.000000 1.000000
1.000000 0.000001 -0.000000 -0.487001 -0.000001 1.000000 -0.000000 -0.000000 0.000000 0.000000 1.000000 -0.000004 0.000000 0.000000 0.000000 1.000000
1.000000 0.000001 -0.000000 -0.487001 -0.000001 1.000000 -0.000000 -0.000000 0.000000 0.000000 1.000000 -0.000004 0.000000 0.000000 0.000000 1.000000
1.000000 0.000001 -0.000000 -0.487001 -0.000001 1.000000 -0.000000 -0.000000 0.000000 0.000000 1.000000 -0.000004 0.000000 0.000000 0.000000 1.000000
1.000000 0.000001 -0.000000 -0.487001 -0.000001 1.000000 -0.000000 -0.000000 0.000000 0.000000 1.000000 -0.000004 0.000000 0.000000 0.000000 1.000000
1.000000 0.000001 -0.000000 -0.487001 -0.000001 1.000000 -0.000000 -0.000000 0.000000 0.000000 1.000000 -0.000004 0.000000 0.000000 0.000000 1.000000
1.000000 0.000001 -0.000000 -0.487001 -0.000001 1.000000 -0.000000 -0.000000 0.000000 0.000000 1.000000 -0.000004 0.000000 0.000000 0.000000 1.000000</float_array><technique_common><accessor source="#jnt_left_forearmroll-Matrix-animation-output-transform-array" count="33" stride="16"><param type="float4x4"/></accessor></technique_common></source><source id="jnt_left_forearmroll-Interpolations"><Name_array id="jnt_left_forearmroll-Interpolations-array" count="33">
 LINEAR LINEAR LINEAR LINEAR LINEAR LINEAR LINEAR LINEAR LINEAR LINEAR LINEAR
LINEAR LINEAR LINEAR LINEAR LINEAR LINEAR LINEAR LINEAR LINEAR LINEAR LINEAR LINEAR
LINEAR LINEAR LINEAR LINEAR LINEAR LINEAR LINEAR LINEAR LINEAR LINEAR</Name_array><technique_common><accessor source="#jnt_left_forearmroll-Interpolations-array" count="33"><param type="name"/></accessor></technique_common></source><sampler id="jnt_left_forearmroll-Matrix-animation-transform"><input semantic="INPUT" source="#jnt_left_forearmroll-Matrix-animation-input"/><input semantic="OUTPUT" source="#jnt_left_forearmroll-Matrix-animation-output-transform"/><input semantic="INTERPOLATION" source="#jnt_left_forearmroll-Interpolations"/></sampler><channel source="#jnt_left_forearmroll-Matrix-animation-transform" target="jnt_left_forearmroll/matrix"/></animation></animation>
    <animation id="jnt_left_hand-anim" name="jnt_left_hand"><animation><source id="jnt_left_hand-Matrix-animation-input"><float_array id="jnt_left_hand-Matrix-animation-input-array" count="33">

0.000000 0.033333 0.066667 0.100000 0.133333 0.166667 0.200000 0.233333 0.266667 0.300000 0.333333 0.366667 0.400000 0.433333 0.466667 0.500000
0.533333 0.566667 0.600000 0.633333 0.666667 0.700000 0.733333 0.766667 0.800000 0.833333 0.866667 0.900000 0.933333 0.966667 1.000000 1.033333
1.066667</float_array><technique_common><accessor source="#jnt_left_hand-Matrix-animation-input-array" count="33"><param name="TIME" type="float"/></accessor></technique_common></source><source id="jnt_left_hand-Matrix-animation-output-transform"><float_array id="jnt_left_hand-Matrix-animation-output-transform-array" count="528">

0.341077 -0.564822 -0.751427 -0.975262 0.772931 0.623459 -0.117795 -0.000000 0.535017 -0.540624 0.649217 -0.000001 0.000000 0.000000 0.000000 1.000000
0.346686 -0.560757 -0.751905 -0.975262 0.768750 0.629167 -0.114769 -0.000000 0.537431 -0.538238 0.649205 -0.000001 0.000000 0.000000 0.000000 1.000000
0.365080 -0.548623 -0.752150 -0.975262 0.757465 0.644758 -0.102630 -0.000000 0.541259 -0.532259 0.650952 -0.000001 0.000000 0.000000 0.000000 1.000000
0.399664 -0.527535 -0.749651 -0.975262 0.737837 0.670409 -0.078407 -0.000000 0.543935 -0.521784 0.657173 -0.000001 0.000000 0.000000 0.000000 1.000000
0.451040 -0.496510 -0.741647 -0.975262 0.709988 0.703136 -0.038942 -0.000000 0.540813 -0.508996 0.669659 -0.000001 0.000000 0.000000 0.000000 1.000000
0.515795 -0.459048 -0.723347 -0.975262 0.678454 0.734430 0.017702 -0.000000 0.523121 -0.499888 0.690258 -0.000001 0.000000 0.000000 0.000000 1.000000
0.580919 -0.448781 -0.679065 -0.975262 0.682338 0.723360 0.105665 -0.000000 0.443787 -0.524735 0.726434 -0.000001 0.000000 0.000000 0.000000 1.000000
0.091068 0.286759 -0.953665 -0.975262 -0.912012 0.408600 0.035772 -0.000000 0.399925 0.866496 0.298738 -0.000001 0.000000 0.000000 0.000000 1.000000
0.260109 0.195695 -0.945540 -0.975262 -0.781503 0.617788 -0.087123 -0.000001 0.567094 0.761604 0.313629 -0.000001 0.000000 0.000000 0.000000 1.000000
0.323091 0.024385 -0.946054 -0.975262 -0.647605 0.734650 -0.202231 -0.000000 0.690087 0.678008 0.253150 0.000001 0.000000 0.000000 0.000000 1.000000
0.373914 -0.241455 -0.895482 -0.975262 -0.394714 0.832286 -0.389231 -0.000001 0.839278 0.498998 0.215897 -0.000000 0.000000 0.000000 0.000000 1.000000
0.429058 -0.549529 -0.716887 -0.975262 -0.071807 0.770389 -0.633518 -0.000001 0.900418 0.323294 0.291081 -0.000001 0.000000 0.000000 0.000000 1.000000
0.452363 -0.784792 -0.423639 -0.975262 0.243132 0.565548 -0.788063 -0.000001 0.858052 0.253490 0.446641 0.000000 0.000000 0.000000 0.000000 1.000000
0.518197 -0.850549 -0.089652 -0.975262 0.507054 0.389944 -0.768661 -0.000001 0.688743 0.352860 0.633343 -0.000001 0.000000 0.000000 0.000000 1.000000
0.684734 -0.700503 0.201081 -0.975262 0.628613 0.428078 -0.649303 -0.000000 0.368760 0.571003 0.733466 -0.000000 0.000000 0.000000 0.000000 1.000000
0.787957 -0.464956 0.403658 -0.975262 0.613336 0.534937 -0.581086 -0.000000 0.054248 0.705449 0.706682 -0.000000 0.000000 0.000000 0.000000 1.000000
0.842352 -0.284695 0.457593 -0.975262 0.525946 0.619498 -0.582754 -0.000001 -0.117571 0.731554 0.671570 0.000000 0.000000 0.000000 0.000000 1.000000
0.957389 -0.149859 0.246876 -0.975262 0.279806 0.692990 -0.664435 -0.000001 -0.071510 0.705201 0.705393 -0.000001 0.000000 0.000000 0.000000 1.000000
0.924546 -0.004181 -0.381047 -0.975262 -0.269328 0.700233 -0.661163 -0.000000 0.269586 0.713902 0.646272 0.000000 0.000000 0.000000 0.000000 1.000000
0.514691 0.512925 -0.687024 -0.975262 -0.844716 0.440559 -0.303912 -0.000000 0.146791 0.736761 0.660028 0.000000 0.000000 0.000000 0.000000 1.000000
0.528389 0.666225 -0.526259 -0.975262 -0.848503 0.435629 -0.300448 -0.000000 0.029088 0.605286 0.795476 0.000000 0.000000 0.000000 0.000000 1.000000
0.594234 0.601567 -0.533856 -0.975262 -0.797861 0.524665 -0.296889 -0.000000 0.101496 0.602365 0.791742 0.000000 0.000000 0.000000 0.000000 1.000000
0.642494 0.528996 -0.554404 -0.975262 -0.746666 0.594860 -0.297709 -0.000000 0.172306 0.605232 0.777178 0.000000 0.000000 0.000000 0.000000 1.000000
0.668985 0.483342 -0.564658 -0.975262 -0.713442 0.630642 -0.305436 -0.000000 0.208467 0.607183 0.766727 0.000000 0.000000 0.000000 0.000000 1.000000
0.681357 0.459729 -0.569562 -0.975262 -0.697253 0.644408 -0.313970 -0.000000 0.222689 0.611055 0.759620 0.000000 0.000000 0.000000 0.000000 1.000000
0.685401 0.451071 -0.571630 -0.975262 -0.692915 0.645320 -0.321606 -0.000000 0.223817 0.616521 0.754857 0.000000 0.000000 0.000000 0.000000 1.000000
0.685392 0.450764 -0.571882 -0.975262 -0.694805 0.639859 -0.328370 -0.000000 0.217906 0.622409 0.751747 0.000000 0.000000 0.000000 0.000000 1.000000
