<?xml version="1.0" encoding="utf-8"?>
<COLLADA xmlns="http://www.collada.org/2005/11/COLLADASchema" version="1.4.1">
  <asset><contributor><author></author><authoring_tool>FBX COLLADA exporter</authoring_tool><comments></comments></contributor><created>2023-08-19T12:59:42Z</created><keywords></keywords><modified>2023-08-19T12:59:42Z</modified><revision></revision><subject></subject><title></title><unit meter="0.010000" name="centimeter"></unit><up_axis>Y_UP</up_axis></asset>
  <library_animations>
    <animation id="Character-anim" name="Character"><animation><source id="Character-Matrix-animation-input"><float_array id="Character-Matrix-animation-input-array" count="30">

0.000000 0.033333 0.066667 0.100000 0.133333 0.166667 0.200000 0.233333 0.266667 0.300000 0.333333 0.366667 0.400000 0.433333 0.466667 0.500000
0.533333 0.566667 0.600000 0.633333 0.666667 0.700000 0.733333 0.766667 0.800000 0.833333 0.866667 0.900000 0.933333 0.966667</float_array><technique_common><accessor source="#Character-Matrix-animation-input-array" count="30"><param name="TIME" type="float"/></accessor></technique_common></source><source id="Character-Matrix-animation-output-transform"><float_array id="Character-Matrix-animation-output-transform-array" count="480">

1.000000 0.000000 0.000000 0.000000 0.000000 1.000000 -0.000000 0.000000 0.000000 0.000000 1.000000 0.000000 0.000000 0.000000 0.000000 1.000000
1.000000 0.000000 0.000000 0.000000 0.000000 1.000000 -0.000000 0.000000 0.000000 0.000000 1.000000 0.000000 0.000000 0.000000 0.000000 1.000000
1.000000 0.000000 0.000000 0.000000 0.000000 1.000000 -0.000000 0.000000 0.000000 0.000000 1.000000 0.000000 0.000000 0.000000 0.000000 1.000000
1.000000 0.000000 0.000000 0.000000 0.000000 1.000000 -0.000000 0.000000 0.000000 0.000000 1.000000 0.000000 0.000000 0.000000 0.000000 1.000000
1.000000 0.000000 0.000000 0.000000 0.000000 1.000000 -0.000000 0.000000 0.000000 0.000000 1.000000 0.000000 0.000000 0.000000 0.000000 1.000000
1.000000 0.000000 0.000000 0.000000 0.000000 1.000000 -0.000000 0.000000 0.000000 0.000000 1.000000 0.000000 0.000000 0.000000 0.000000 1.000000
1.000000 0.000000 0.000000 0.000000 0.000000 1.000000 -0.000000 0.000000 0.000000 0.000000 1.000000 0.000000 0.000000 0.000000 0.000000 1.000000
1.000000 0.000000 0.000000 0.000000 0.000000 1.000000 -0.000000 0.000000 0.000000 0.000000 1.000000 0.000000 0.000000 0.000000 0.000000 1.000000
1.000000 0.000000 0.000000 0.000000 0.000000 1.000000 -0.000000 0.000000 0.000000 0.000000 1.000000 0.000000 0.000000 0.000000 0.000000 1.000000
1.000000 0.000000 0.000000 0.000000 0.000000 1.000000 -0.000000 0.000000 0.000000 0.000000 1.000000 0.000000 0.000000 0.000000 0.000000 1.000000
1.000000 0.000000 0.000000 0.000000 0.000000 1.000000 -0.000000 0.000000 0.000000 0.000000 1.000000 0.000000 0.000000 0.000000 0.000000 1.000000
1.000000 0.000000 0.000000 0.000000 0.000000 1.000000 -0.000000 0.000000 0.000000 0.000000 1.000000 0.000000 0.000000 0.000000 0.000000 1.000000
1.000000 0.000000 0.000000 0.000000 0.000000 1.000000 -0.000000 0.000000 0.000000 0.000000 1.000000 0.000000 0.000000 0.000000 0.000000 1.000000
1.000000 0.000000 0.000000 0.000000 0.000000 1.000000 -0.000000 0.000000 0.000000 0.000000 1.000000 0.000000 0.000000 0.000000 0.000000 1.000000
1.000000 0.000000 0.000000 0.000000 0.000000 1.000000 -0.000000 0.000000 0.000000 0.000000 1.000000 0.000000 0.000000 0.000000 0.000000 1.000000
1.000000 0.000000 0.000000 0.000000 0.000000 1.000000 -0.000000 0.000000 0.000000 0.000000 1.000000 0.000000 0.000000 0.000000 0.000000 1.000000
1.000000 0.000000 0.000000 0.000000 0.000000 1.000000 -0.000000 0.000000 0.000000 0.000000 1.000000 0.000000 0.000000 0.000000 0.000000 1.000000
1.000000 0.000000 0.000000 0.000000 0.000000 1.000000 -0.000000 0.000000 0.000000 0.000000 1.000000 0.000000 0.000000 0.000000 0.000000 1.000000
1.000000 0.000000 0.000000 0.000000 0.000000 1.000000 -0.000000 0.000000 0.000000 0.000000 1.000000 0.000000 0.000000 0.000000 0.000000 1.000000
1.000000 0.000000 0.000000 0.000000 0.000000 1.000000 -0.000000 0.000000 0.000000 0.000000 1.000000 0.000000 0.000000 0.000000 0.000000 1.000000
1.000000 0.000000 0.000000 0.000000 0.000000 1.000000 -0.000000 0.000000 0.000000 0.000000 1.000000 0.000000 0.000000 0.000000 0.000000 1.000000
1.000000 0.000000 0.000000 0.000000 0.000000 1.000000 -0.000000 0.000000 0.000000 0.000000 1.000000 0.000000 0.000000 0.000000 0.000000 1.000000
1.000000 0.000000 0.000000 0.000000 0.000000 1.000000 -0.000000 0.000000 0.000000 0.000000 1.000000 0.000000 0.000000 0.000000 0.000000 1.000000
1.000000 0.000000 0.000000 0.000000 0.000000 1.000000 -0.000000 0.000000 0.000000 0.000000 1.000000 0.000000 0.000000 0.000000 0.000000 1.000000
1.000000 0.000000 0.000000 0.000000 0.000000 1.000000 -0.000000 0.000000 0.000000 0.000000 1.000000 0.000000 0.000000 0.000000 0.000000 1.000000
1.000000 0.000000 0.000000 0.000000 0.000000 1.000000 -0.000000 0.000000 0.000000 0.000000 1.000000 0.000000 0.000000 0.000000 0.000000 1.000000
1.000000 0.000000 0.000000 0.000000 0.000000 1.000000 -0.000000 0.000000 0.000000 0.000000 1.000000 0.000000 0.000000 0.000000 0.000000 1.000000
1.000000 0.000000 0.000000 0.000000 0.000000 1.000000 -0.000000 0.000000 0.000000 0.000000 1.000000 0.000000 0.000000 0.000000 0.000000 1.000000
1.000000 0.000000 0.000000 0.000000 0.000000 1.000000 -0.000000 0.000000 0.000000 0.000000 1.000000 0.000000 0.000000 0.000000 0.000000 1.000000
1.000000 0.000000 0.000000 0.000000 0.000000 1.000000 -0.000000 0.000000 0.000000 0.000000 1.000000 0.000000 0.000000 0.000000 0.000000 1.000000</float_array><technique_common><accessor source="#Character-Matrix-animation-output-transform-array" count="30" stride="16"><param type="float4x4"/></accessor></technique_common></source><source id="Character-Interpolations"><Name_array id="Character-Interpolations-array" count="30">
 LINEAR LINEAR LINEAR LINEAR LINEAR LINEAR LINEAR LINEAR LINEAR LINEAR LINEAR
LINEAR LINEAR LINEAR LINEAR LINEAR LINEAR LINEAR LINEAR LINEAR LINEAR LINEAR LINEAR
LINEAR LINEAR LINEAR LINEAR LINEAR LINEAR LINEAR</Name_array><technique_common><accessor source="#Character-Interpolations-array" count="30"><param type="name"/></accessor></technique_common></source><sampler id="Character-Matrix-animation-transform"><input semantic="INPUT" source="#Character-Matrix-animation-input"/><input semantic="OUTPUT" source="#Character-Matrix-animation-output-transform"/><input semantic="INTERPOLATION" source="#Character-Interpolations"/></sampler><channel source="#Character-Matrix-animation-transform" target="Character/matrix"/></animation></animation>
    <animation id="HIK_root_jnt-anim" name="HIK_root_jnt"><animation><source id="HIK_root_jnt-Matrix-animation-input"><float_array id="HIK_root_jnt-Matrix-animation-input-array" count="30">

0.000000 0.033333 0.066667 0.100000 0.133333 0.166667 0.200000 0.233333 0.266667 0.300000 0.333333 0.366667 0.400000 0.433333 0.466667 0.500000
0.533333 0.566667 0.600000 0.633333 0.666667 0.700000 0.733333 0.766667 0.800000 0.833333 0.866667 0.900000 0.933333 0.966667</float_array><technique_common><accessor source="#HIK_root_jnt-Matrix-animation-input-array" count="30"><param name="TIME" type="float"/></accessor></technique_common></source><source id="HIK_root_jnt-Matrix-animation-output-transform"><float_array id="HIK_root_jnt-Matrix-animation-output-transform-array" count="480">

1.000000 0.000000 0.000000 0.000000 0.000000 1.000000 -0.000000 0.000000 0.000000 0.000000 1.000000 0.000000 0.000000 0.000000 0.000000 1.000000
1.000000 0.000000 0.000000 0.000000 0.000000 1.000000 -0.000000 0.000000 0.000000 0.000000 1.000000 0.000000 0.000000 0.000000 0.000000 1.000000
1.000000 0.000000 0.000000 0.000000 0.000000 1.000000 -0.000000 0.000000 0.000000 0.000000 1.000000 0.000000 0.000000 0.000000 0.000000 1.000000
1.000000 0.000000 0.000000 0.000000 0.000000 1.000000 -0.000000 0.000000 0.000000 0.000000 1.000000 0.000000 0.000000 0.000000 0.000000 1.000000
1.000000 0.000000 0.000000 0.000000 0.000000 1.000000 -0.000000 0.000000 0.000000 0.000000 1.000000 0.000000 0.000000 0.000000 0.000000 1.000000
1.000000 0.000000 0.000000 0.000000 0.000000 1.000000 -0.000000 0.000000 0.000000 0.000000 1.000000 0.000000 0.000000 0.000000 0.000000 1.000000
1.000000 0.000000 0.000000 0.000000 0.000000 1.000000 -0.000000 0.000000 0.000000 0.000000 1.000000 0.000000 0.000000 0.000000 0.000000 1.000000
1.000000 0.000000 0.000000 0.000000 0.000000 1.000000 -0.000000 0.000000 0.000000 0.000000 1.000000 0.000000 0.000000 0.000000 0.000000 1.000000
1.000000 0.000000 0.000000 0.000000 0.000000 1.000000 -0.000000 0.000000 0.000000 0.000000 1.000000 0.000000 0.000000 0.000000 0.000000 1.000000
1.000000 0.000000 0.000000 0.000000 0.000000 1.000000 -0.000000 0.000000 0.000000 0.000000 1.000000 0.000000 0.000000 0.000000 0.000000 1.000000
1.000000 0.000000 0.000000 0.000000 0.000000 1.000000 -0.000000 0.000000 0.000000 0.000000 1.000000 0.000000 0.000000 0.000000 0.000000 1.000000
1.000000 0.000000 0.000000 0.000000 0.000000 1.000000 -0.000000 0.000000 0.000000 0.000000 1.000000 0.000000 0.000000 0.000000 0.000000 1.000000
1.000000 0.000000 0.000000 0.000000 0.000000 1.000000 -0.000000 0.000000 0.000000 0.000000 1.000000 0.000000 0.000000 0.000000 0.000000 1.000000
1.000000 0.000000 0.000000 0.000000 0.000000 1.000000 -0.000000 0.000000 0.000000 0.000000 1.000000 0.000000 0.000000 0.000000 0.000000 1.000000
1.000000 0.000000 0.000000 0.000000 0.000000 1.000000 -0.000000 0.000000 0.000000 0.000000 1.000000 0.000000 0.000000 0.000000 0.000000 1.000000
1.000000 0.000000 0.000000 0.000000 0.000000 1.000000 -0.000000 0.000000 0.000000 0.000000 1.000000 0.000000 0.000000 0.000000 0.000000 1.000000
1.000000 0.000000 0.000000 0.000000 0.000000 1.000000 -0.000000 0.000000 0.000000 0.000000 1.000000 0.000000 0.000000 0.000000 0.000000 1.000000
1.000000 0.000000 0.000000 0.000000 0.000000 1.000000 -0.000000 0.000000 0.000000 0.000000 1.000000 0.000000 0.000000 0.000000 0.000000 1.000000
1.000000 0.000000 0.000000 0.000000 0.000000 1.000000 -0.000000 0.000000 0.000000 0.000000 1.000000 0.000000 0.000000 0.000000 0.000000 1.000000
1.000000 0.000000 0.000000 0.000000 0.000000 1.000000 -0.000000 0.000000 0.000000 0.000000 1.000000 0.000000 0.000000 0.000000 0.000000 1.000000
1.000000 0.000000 0.000000 0.000000 0.000000 1.000000 -0.000000 0.000000 0.000000 0.000000 1.000000 0.000000 0.000000 0.000000 0.000000 1.000000
1.000000 0.000000 0.000000 0.000000 0.000000 1.000000 -0.000000 0.000000 0.000000 0.000000 1.000000 0.000000 0.000000 0.000000 0.000000 1.000000
1.000000 0.000000 0.000000 0.000000 0.000000 1.000000 -0.000000 0.000000 0.000000 0.000000 1.000000 0.000000 0.000000 0.000000 0.000000 1.000000
1.000000 0.000000 0.000000 0.000000 0.000000 1.000000 -0.000000 0.000000 0.000000 0.000000 1.000000 0.000000 0.000000 0.000000 0.000000 1.000000
1.000000 0.000000 0.000000 0.000000 0.000000 1.000000 -0.000000 0.000000 0.000000 0.000000 1.000000 0.000000 0.000000 0.000000 0.000000 1.000000
1.000000 0.000000 0.000000 0.000000 0.000000 1.000000 -0.000000 0.000000 0.000000 0.000000 1.000000 0.000000 0.000000 0.000000 0.000000 1.000000
1.000000 0.000000 0.000000 0.000000 0.000000 1.000000 -0.000000 0.000000 0.000000 0.000000 1.000000 0.000000 0.000000 0.000000 0.000000 1.000000
1.000000 0.000000 0.000000 0.000000 0.000000 1.000000 -0.000000 0.000000 0.000000 0.000000 1.000000 0.000000 0.000000 0.000000 0.000000 1.000000
1.000000 0.000000 0.000000 0.000000 0.000000 1.000000 -0.000000 0.000000 0.000000 0.000000 1.000000 0.000000 0.000000 0.000000 0.000000 1.000000
1.000000 0.000000 0.000000 0.000000 0.000000 1.000000 -0.000000 0.000000 0.000000 0.000000 1.000000 0.000000 0.000000 0.000000 0.000000 1.000000</float_array><technique_common><accessor source="#HIK_root_jnt-Matrix-animation-output-transform-array" count="30" stride="16"><param type="float4x4"/></accessor></technique_common></source><source id="HIK_root_jnt-Interpolations"><Name_array id="HIK_root_jnt-Interpolations-array" count="30">
 LINEAR LINEAR LINEAR LINEAR LINEAR LINEAR LINEAR LINEAR LINEAR LINEAR LINEAR
LINEAR LINEAR LINEAR LINEAR LINEAR LINEAR LINEAR LINEAR LINEAR LINEAR LINEAR LINEAR
LINEAR LINEAR LINEAR LINEAR LINEAR LINEAR LINEAR</Name_array><technique_common><accessor source="#HIK_root_jnt-Interpolations-array" count="30"><param type="name"/></accessor></technique_common></source><sampler id="HIK_root_jnt-Matrix-animation-transform"><input semantic="INPUT" source="#HIK_root_jnt-Matrix-animation-input"/><input semantic="OUTPUT" source="#HIK_root_jnt-Matrix-animation-output-transform"/><input semantic="INTERPOLATION" source="#HIK_root_jnt-Interpolations"/></sampler><channel source="#HIK_root_jnt-Matrix-animation-transform" target="HIK_root_jnt/matrix"/></animation></animation>
    <animation id="root_jnt-anim" name="root_jnt"><animation><source id="root_jnt-Matrix-animation-input"><float_array id="root_jnt-Matrix-animation-input-array" count="30">

0.000000 0.033333 0.066667 0.100000 0.133333 0.166667 0.200000 0.233333 0.266667 0.300000 0.333333 0.366667 0.400000 0.433333 0.466667 0.500000
0.533333 0.566667 0.600000 0.633333 0.666667 0.700000 0.733333 0.766667 0.800000 0.833333 0.866667 0.900000 0.933333 0.966667</float_array><technique_common><accessor source="#root_jnt-Matrix-animation-input-array" count="30"><param name="TIME" type="float"/></accessor></technique_common></source><source id="root_jnt-Matrix-animation-output-transform"><float_array id="root_jnt-Matrix-animation-output-transform-array" count="480">

1.000000 0.000000 0.000000 0.000000 0.000000 1.000000 -0.000000 0.000000 0.000000 0.000000 1.000000 0.000000 0.000000 0.000000 0.000000 1.000000
1.000000 0.000000 0.000000 0.000000 0.000000 1.000000 -0.000000 0.000000 0.000000 0.000000 1.000000 0.000000 0.000000 0.000000 0.000000 1.000000
1.000000 0.000000 0.000000 0.000000 0.000000 1.000000 -0.000000 0.000000 0.000000 0.000000 1.000000 0.000000 0.000000 0.000000 0.000000 1.000000
1.000000 0.000000 0.000000 0.000000 0.000000 1.000000 -0.000000 0.000000 0.000000 0.000000 1.000000 0.000000 0.000000 0.000000 0.000000 1.000000
1.000000 0.000000 0.000000 0.000000 0.000000 1.000000 -0.000000 0.000000 0.000000 0.000000 1.000000 0.000000 0.000000 0.000000 0.000000 1.000000
1.000000 0.000000 0.000000 0.000000 0.000000 1.000000 -0.000000 0.000000 0.000000 0.000000 1.000000 0.000000 0.000000 0.000000 0.000000 1.000000
1.000000 0.000000 0.000000 0.000000 0.000000 1.000000 -0.000000 0.000000 0.000000 0.000000 1.000000 0.000000 0.000000 0.000000 0.000000 1.000000
1.000000 0.000000 0.000000 0.000000 0.000000 1.000000 -0.000000 0.000000 0.000000 0.000000 1.000000 0.000000 0.000000 0.000000 0.000000 1.000000
1.000000 0.000000 0.000000 0.000000 0.000000 1.000000 -0.000000 0.000000 0.000000 0.000000 1.000000 0.000000 0.000000 0.000000 0.000000 1.000000
1.000000 0.000000 0.000000 0.000000 0.000000 1.000000 -0.000000 0.000000 0.000000 0.000000 1.000000 0.000000 0.000000 0.000000 0.000000 1.000000
1.000000 0.000000 0.000000 0.000000 0.000000 1.000000 -0.000000 0.000000 0.000000 0.000000 1.000000 0.000000 0.000000 0.000000 0.000000 1.000000
1.000000 0.000000 0.000000 0.000000 0.000000 1.000000 -0.000000 0.000000 0.000000 0.000000 1.000000 0.000000 0.000000 0.000000 0.000000 1.000000
1.000000 0.000000 0.000000 0.000000 0.000000 1.000000 -0.000000 0.000000 0.000000 0.000000 1.000000 0.000000 0.000000 0.000000 0.000000 1.000000
1.000000 0.000000 0.000000 0.000000 0.000000 1.000000 -0.000000 0.000000 0.000000 0.000000 1.000000 0.000000 0.000000 0.000000 0.000000 1.000000
1.000000 0.000000 0.000000 0.000000 0.000000 1.000000 -0.000000 0.000000 0.000000 0.000000 1.000000 0.000000 0.000000 0.000000 0.000000 1.000000
1.000000 0.000000 0.000000 0.000000 0.000000 1.000000 -0.000000 0.000000 0.000000 0.000000 1.000000 0.000000 0.000000 0.000000 0.000000 1.000000
1.000000 0.000000 0.000000 0.000000 0.000000 1.000000 -0.000000 0.000000 0.000000 0.000000 1.000000 0.000000 0.000000 0.000000 0.000000 1.000000
1.000000 0.000000 0.000000 0.000000 0.000000 1.000000 -0.000000 0.000000 0.000000 0.000000 1.000000 0.000000 0.000000 0.000000 0.000000 1.000000
1.000000 0.000000 0.000000 0.000000 0.000000 1.000000 -0.000000 0.000000 0.000000 0.000000 1.000000 0.000000 0.000000 0.000000 0.000000 1.000000
1.000000 0.000000 0.000000 0.000000 0.000000 1.000000 -0.000000 0.000000 0.000000 0.000000 1.000000 0.000000 0.000000 0.000000 0.000000 1.000000
1.000000 0.000000 0.000000 0.000000 0.000000 1.000000 -0.000000 0.000000 0.000000 0.000000 1.000000 0.000000 0.000000 0.000000 0.000000 1.000000
1.000000 0.000000 0.000000 0.000000 0.000000 1.000000 -0.000000 0.000000 0.000000 0.000000 1.000000 0.000000 0.000000 0.000000 0.000000 1.000000
1.000000 0.000000 0.000000 0.000000 0.000000 1.000000 -0.000000 0.000000 0.000000 0.000000 1.000000 0.000000 0.000000 0.000000 0.000000 1.000000
1.000000 0.000000 0.000000 0.000000 0.000000 1.000000 -0.000000 0.000000 0.000000 0.000000 1.000000 0.000000 0.000000 0.000000 0.000000 1.000000
1.000000 0.000000 0.000000 0.000000 0.000000 1.000000 -0.000000 0.000000 0.000000 0.000000 1.000000 0.000000 0.000000 0.000000 0.000000 1.000000
1.000000 0.000000 0.000000 0.000000 0.000000 1.000000 -0.000000 0.000000 0.000000 0.000000 1.000000 0.000000 0.000000 0.000000 0.000000 1.000000
1.000000 0.000000 0.000000 0.000000 0.000000 1.000000 -0.000000 0.000000 0.000000 0.000000 1.000000 0.000000 0.000000 0.000000 0.000000 1.000000
1.000000 0.000000 0.000000 0.000000 0.000000 1.000000 -0.000000 0.000000 0.000000 0.000000 1.000000 0.000000 0.000000 0.000000 0.000000 1.000000
1.000000 0.000000 0.000000 0.000000 0.000000 1.000000 -0.000000 0.000000 0.000000 0.000000 1.000000 0.000000 0.000000 0.000000 0.000000 1.000000
1.000000 0.000000 0.000000 0.000000 0.000000 1.000000 -0.000000 0.000000 0.000000 0.000000 1.000000 0.000000 0.000000 0.000000 0.000000 1.000000</float_array><technique_common><accessor source="#root_jnt-Matrix-animation-output-transform-array" count="30" stride="16"><param type="float4x4"/></accessor></technique_common></source><source id="root_jnt-Interpolations"><Name_array id="root_jnt-Interpolations-array" count="30">
 LINEAR LINEAR LINEAR LINEAR LINEAR LINEAR LINEAR LINEAR LINEAR LINEAR LINEAR
LINEAR LINEAR LINEAR LINEAR LINEAR LINEAR LINEAR LINEAR LINEAR LINEAR LINEAR LINEAR
LINEAR LINEAR LINEAR LINEAR LINEAR LINEAR LINEAR</Name_array><technique_common><accessor source="#root_jnt-Interpolations-array" count="30"><param type="name"/></accessor></technique_common></source><sampler id="root_jnt-Matrix-animation-transform"><input semantic="INPUT" source="#root_jnt-Matrix-animation-input"/><input semantic="OUTPUT" source="#root_jnt-Matrix-animation-output-transform"/><input semantic="INTERPOLATION" source="#root_jnt-Interpolations"/></sampler><channel source="#root_jnt-Matrix-animation-transform" target="root_jnt/matrix"/></animation></animation>
    <animation id="jnt_hips-anim" name="jnt_hips"><animation><source id="jnt_hips-Matrix-animation-input"><float_array id="jnt_hips-Matrix-animation-input-array" count="30">

0.000000 0.033333 0.066667 0.100000 0.133333 0.166667 0.200000 0.233333 0.266667 0.300000 0.333333 0.366667 0.400000 0.433333 0.466667 0.500000
0.533333 0.566667 0.600000 0.633333 0.666667 0.700000 0.733333 0.766667 0.800000 0.833333 0.866667 0.900000 0.933333 0.966667</float_array><technique_common><accessor source="#jnt_hips-Matrix-animation-input-array" count="30"><param name="TIME" type="float"/></accessor></technique_common></source><source id="jnt_hips-Matrix-animation-output-transform"><float_array id="jnt_hips-Matrix-animation-output-transform-array" count="480">

0.979403 0.029213 -0.199792 -0.000000 -0.034465 0.999144 -0.022859 1.941480 0.198953 0.029274 0.979572 -0.247371 0.000000 0.000000 0.000000 1.000000
0.978571 0.035719 -0.202787 -0.000000 -0.036779 0.999322 -0.001459 1.941480 0.202597 0.008886 0.979222 -0.247371 0.000000 0.000000 0.000000 1.000000
0.977770 0.036995 -0.206389 -0.000000 -0.035810 0.999314 0.009473 1.941480 0.206598 -0.001872 0.978424 -0.247371 0.000000 0.000000 0.000000 1.000000
0.977889 0.036269 -0.205955 -0.000000 -0.036812 0.999322 0.001200 1.941480 0.205859 0.006408 0.978561 -0.247371 0.000000 0.000000 0.000000 1.000000
0.977919 0.036230 -0.205820 -0.000000 -0.036930 0.999318 0.000441 1.941480 0.205695 0.007169 0.978590 -0.247371 0.000000 0.000000 0.000000 1.000000
0.977995 0.036143 -0.205472 -0.000000 -0.037181 0.999308 -0.001190 1.941480 0.205287 0.008803 0.978662 -0.247371 0.000000 0.000000 0.000000 1.000000
0.978103 0.036007 -0.204983 -0.000000 -0.037435 0.999294 -0.003092 1.941480 0.204727 0.010698 0.978761 -0.247371 0.000000 0.000000 0.000000 1.000000
0.978235 0.035763 -0.204396 -0.000000 -0.037621 0.999278 -0.005215 1.941480 0.204062 0.012791 0.978874 -0.247371 0.000000 0.000000 0.000000 1.000000
0.978384 0.035359 -0.203752 -0.000000 -0.037677 0.999262 -0.007510 1.941480 0.203336 0.015024 0.978994 -0.247371 0.000000 0.000000 0.000000 1.000000
0.978541 0.034769 -0.203096 -0.000000 -0.037564 0.999245 -0.009921 1.941480 0.202598 0.017337 0.979109 -0.247371 0.000000 0.000000 0.000000 1.000000
0.978699 0.033999 -0.202464 -0.000000 -0.037273 0.999228 -0.012376 1.941480 0.201887 0.019659 0.979211 -0.247371 0.000000 0.000000 0.000000 1.000000
0.978849 0.033093 -0.201889 -0.000000 -0.036831 0.999212 -0.014783 1.941480 0.201240 0.021906 0.979297 -0.247371 0.000000 0.000000 0.000000 1.000000
0.978983 0.032131 -0.201393 -0.000000 -0.036296 0.999196 -0.017021 1.941480 0.200684 0.023974 0.979363 -0.247371 0.000000 0.000000 0.000000 1.000000
0.979095 0.031227 -0.200990 -0.000000 -0.035756 0.999181 -0.018939 1.941480 0.200234 0.025730 0.979410 -0.247371 0.000000 0.000000 0.000000 1.000000
0.979180 0.030519 -0.200688 -0.000000 -0.035315 0.999169 -0.020360 1.941480 0.199900 0.027023 0.979444 -0.247371 0.000000 0.000000 0.000000 1.000000
0.979232 0.030153 -0.200488 -0.000000 -0.035085 0.999162 -0.021090 1.941480 0.199684 0.027686 0.979469 -0.247371 0.000000 0.000000 0.000000 1.000000
0.979265 0.030009 -0.200351 -0.000000 -0.034995 0.999158 -0.021395 1.941480 0.199540 0.027963 0.979491 -0.247371 0.000000 0.000000 0.000000 1.000000
0.979292 0.029872 -0.200235 -0.000000 -0.034908 0.999156 -0.021669 1.941480 0.199418 0.028210 0.979508 -0.247371 0.000000 0.000000 0.000000 1.000000
0.979316 0.029746 -0.200137 -0.000000 -0.034826 0.999153 -0.021911 1.941480 0.199316 0.028428 0.979523 -0.247371 0.000000 0.000000 0.000000 1.000000
0.979336 0.029633 -0.200055 -0.000000 -0.034751 0.999151 -0.022121 1.941480 0.199230 0.028616 0.979535 -0.247371 0.000000 0.000000 0.000000 1.000000
0.979353 0.029535 -0.199988 -0.000000 -0.034685 0.999149 -0.022299 1.941480 0.199160 0.028775 0.979544 -0.247371 0.000000 0.000000 0.000000 1.000000
0.979367 0.029451 -0.199934 -0.000000 -0.034629 0.999148 -0.022448 1.941480 0.199103 0.028908 0.979552 -0.247371 0.000000 0.000000 0.000000 1.000000
0.979377 0.029382 -0.199891 -0.000000 -0.034582 0.999147 -0.022569 1.941480 0.199058 0.029016 0.979558 -0.247371 0.000000 0.000000 0.000000 1.000000
0.979386 0.029327 -0.199858 -0.000000 -0.034544 0.999146 -0.022664 1.941480 0.199023 0.029100 0.979563 -0.247371 0.000000 0.000000 0.000000 1.000000
0.979392 0.029286 -0.199834 -0.000000 -0.034515 0.999145 -0.022735 1.941480 0.198997 0.029164 0.979566 -0.247371 0.000000 0.000000 0.000000 1.000000
0.979397 0.029256 -0.199816 -0.000000 -0.034494 0.999145 -0.022787 1.941480 0.198978 0.029210 0.979568 -0.247371 0.000000 0.000000 0.000000 1.000000
0.979400 0.029235 -0.199804 -0.000000 -0.034480 0.999145 -0.022822 1.941480 0.198966 0.029241 0.979570 -0.247371 0.000000 0.000000 0.000000 1.000000
0.979401 0.029223 -0.199797 -0.000000 -0.034472 0.999145 -0.022844 1.941480 0.198959 0.029260 0.979571 -0.247371 0.000000 0.000000 0.000000 1.000000
0.979402 0.029216 -0.199793 -0.000000 -0.034467 0.999144 -0.022854 1.941480 0.198955 0.029270 0.979571 -0.247371 0.000000 0.000000 0.000000 1.000000
0.979403 0.029214 -0.199792 -0.000000 -0.034465 0.999144 -0.022859 1.941480 0.198953 0.029274 0.979572 -0.247371 0.000000 0.000000 0.000000 1.000000</float_array><technique_common><accessor source="#jnt_hips-Matrix-animation-output-transform-array" count="30" stride="16"><param type="float4x4"/></accessor></technique_common></source><source id="jnt_hips-Interpolations"><Name_array id="jnt_hips-Interpolations-array" count="30">
 LINEAR LINEAR LINEAR LINEAR LINEAR LINEAR LINEAR LINEAR LINEAR LINEAR LINEAR
LINEAR LINEAR LINEAR LINEAR LINEAR LINEAR LINEAR LINEAR LINEAR LINEAR LINEAR LINEAR
LINEAR LINEAR LINEAR LINEAR LINEAR LINEAR LINEAR</Name_array><technique_common><accessor source="#jnt_hips-Interpolations-array" count="30"><param type="name"/></accessor></technique_common></source><sampler id="jnt_hips-Matrix-animation-transform"><input semantic="INPUT" source="#jnt_hips-Matrix-animation-input"/><input semantic="OUTPUT" source="#jnt_hips-Matrix-animation-output-transform"/><input semantic="INTERPOLATION" source="#jnt_hips-Interpolations"/></sampler><channel source="#jnt_hips-Matrix-animation-transform" target="jnt_hips/matrix"/></animation></animation>
    <animation id="jnt_height-anim" name="jnt_height"><animation><source id="jnt_height-Matrix-animation-input"><float_array id="jnt_height-Matrix-animation-input-array" count="30">

0.000000 0.033333 0.066667 0.100000 0.133333 0.166667 0.200000 0.233333 0.266667 0.300000 0.333333 0.366667 0.400000 0.433333 0.466667 0.500000
0.533333 0.566667 0.600000 0.633333 0.666667 0.700000 0.733333 0.766667 0.800000 0.833333 0.866667 0.900000 0.933333 0.966667</float_array><technique_common><accessor source="#jnt_height-Matrix-animation-input-array" count="30"><param name="TIME" type="float"/></accessor></technique_common></source><source id="jnt_height-Matrix-animation-output-transform"><float_array id="jnt_height-Matrix-animation-output-transform-array" count="480">

0.999310 0.034600 0.013473 0.000000 -0.034286 0.999151 -0.022835 -0.000000 -0.014252 0.022357 0.999648 -0.000000 0.000000 0.000000 0.000000 1.000000
0.999273 0.036725 0.010222 0.000000 -0.036712 0.999325 -0.001444 -0.000000 -0.010268 0.001068 0.999947 -0.000000 0.000000 0.000000 0.000000 1.000000
0.999341 0.035732 0.006386 0.000000 -0.035791 0.999314 0.009480 -0.000000 -0.006043 -0.009703 0.999935 0.000000 0.000000 0.000000 0.000000 1.000000
0.999300 0.036773 0.006897 -0.000000 -0.036783 0.999322 0.001212 -0.000000 -0.006848 -0.001464 0.999975 0.000000 0.000000 0.000000 0.000000 1.000000
0.999294 0.036895 0.007043 -0.000000 -0.036899 0.999319 0.000453 -0.000000 -0.007022 -0.000713 0.999975 0.000000 0.000000 0.000000 0.000000 1.000000
0.999282 0.037153 0.007416 -0.000000 -0.037145 0.999309 -0.001177 -0.000000 -0.007454 0.000901 0.999972 -0.000000 0.000000 0.000000 0.000000 1.000000
0.999268 0.037417 0.007938 0.000000 -0.037394 0.999296 -0.003077 0.000000 -0.008047 0.002778 0.999964 0.000000 0.000000 0.000000 0.000000 1.000000
0.999256 0.037615 0.008564 0.000000 -0.037571 0.999280 -0.005199 -0.000000 -0.008753 0.004873 0.999950 -0.000000 0.000000 0.000000 0.000000 1.000000
0.999247 0.037685 0.009248 -0.000000 -0.037616 0.999264 -0.007492 -0.000000 -0.009524 0.007139 0.999929 -0.000000 0.000000 0.000000 0.000000 1.000000
0.999244 0.037588 0.009948 0.000000 -0.037490 0.999248 -0.009902 -0.000000 -0.010313 0.009521 0.999901 0.000000 0.000000 0.000000 0.000000 1.000000
0.999247 0.037317 0.010622 0.000000 -0.037185 0.999232 -0.012356 0.000000 -0.011075 0.011951 0.999867 -0.000000 0.000000 0.000000 0.000000 1.000000
0.999256 0.036895 0.011238 -0.000000 -0.036727 0.999216 -0.014761 0.000000 -0.011774 0.014338 0.999828 0.000000 0.000000 0.000000 0.000000 1.000000
0.999269 0.036379 0.011769 0.000000 -0.036177 0.999201 -0.016999 -0.000000 -0.012378 0.016560 0.999786 0.000000 0.000000 0.000000 0.000000 1.000000
0.999282 0.035856 0.012201 0.000000 -0.035621 0.999186 -0.018916 -0.000000 -0.012870 0.018467 0.999747 0.000000 0.000000 0.000000 0.000000 1.000000
0.999294 0.035427 0.012525 -0.000000 -0.035168 0.999174 -0.020335 -0.000000 -0.013236 0.019881 0.999715 0.000000 0.000000 0.000000 0.000000 1.000000
0.999299 0.035203 0.012738 0.000000 -0.034930 0.999168 -0.021065 -0.000000 -0.013469 0.020606 0.999697 0.000000 0.000000 0.000000 0.000000 1.000000
0.999300 0.035117 0.012883 0.000000 -0.034837 0.999164 -0.021371 -0.000000 -0.013622 0.020907 0.999689 -0.000000 0.000000 0.000000 0.000000 1.000000
0.999302 0.035032 0.013005 -0.000000 -0.034746 0.999162 -0.021644 -0.000000 -0.013753 0.021177 0.999681 0.000000 0.000000 0.000000 0.000000 1.000000
0.999303 0.034952 0.013109 -0.000000 -0.034660 0.999159 -0.021886 -0.000000 -0.013863 0.021417 0.999674 0.000000 0.000000 0.000000 0.000000 1.000000
0.999304 0.034879 0.013195 0.000000 -0.034582 0.999157 -0.022096 -0.000000 -0.013954 0.021624 0.999669 0.000000 0.000000 0.000000 0.000000 1.000000
0.999306 0.034815 0.013265 0.000000 -0.034514 0.999156 -0.022274 -0.000000 -0.014030 0.021801 0.999664 -0.000000 0.000000 0.000000 0.000000 1.000000
0.999307 0.034759 0.013322 -0.000000 -0.034455 0.999154 -0.022423 -0.000000 -0.014091 0.021949 0.999660 -0.000000 0.000000 0.000000 0.000000 1.000000
0.999308 0.034713 0.013368 0.000000 -0.034407 0.999153 -0.022544 -0.000000 -0.014139 0.022068 0.999656 0.000000 0.000000 0.000000 0.000000 1.000000
0.999309 0.034677 0.013403 -0.000000 -0.034368 0.999153 -0.022639 -0.000000 -0.014176 0.022163 0.999654 0.000000 0.000000 0.000000 0.000000 1.000000
0.999309 0.034649 0.013429 -0.000000 -0.034338 0.999152 -0.022711 -0.000000 -0.014204 0.022234 0.999652 0.000000 0.000000 0.000000 0.000000 1.000000
0.999310 0.034628 0.013448 -0.000000 -0.034317 0.999152 -0.022763 0.000000 -0.014224 0.022286 0.999650 -0.000000 0.000000 0.000000 0.000000 1.000000
0.999310 0.034614 0.013460 0.000000 -0.034302 0.999151 -0.022798 -0.000000 -0.014238 0.022320 0.999649 -0.000000 0.000000 0.000000 0.000000 1.000000
0.999310 0.034606 0.013468 -0.000000 -0.034293 0.999151 -0.022819 -0.000000 -0.014246 0.022341 0.999649 -0.000000 0.000000 0.000000 0.000000 1.000000
0.999310 0.034602 0.013471 0.000000 -0.034288 0.999151 -0.022830 -0.000000 -0.014250 0.022352 0.999649 -0.000000 0.000000 0.000000 0.000000 1.000000
0.999310 0.034600 0.013473 -0.000000 -0.034287 0.999151 -0.022834 -0.000000 -0.014252 0.022356 0.999648 -0.000000 0.000000 0.000000 0.000000 1.000000</float_array><technique_common><accessor source="#jnt_height-Matrix-animation-output-transform-array" count="30" stride="16"><param type="float4x4"/></accessor></technique_common></source><source id="jnt_height-Interpolations"><Name_array id="jnt_height-Interpolations-array" count="30">
 LINEAR LINEAR LINEAR LINEAR LINEAR LINEAR LINEAR LINEAR LINEAR LINEAR LINEAR
LINEAR LINEAR LINEAR LINEAR LINEAR LINEAR LINEAR LINEAR LINEAR LINEAR LINEAR LINEAR
LINEAR LINEAR LINEAR LINEAR LINEAR LINEAR LINEAR</Name_array><technique_common><accessor source="#jnt_height-Interpolations-array" count="30"><param type="name"/></accessor></technique_common></source><sampler id="jnt_height-Matrix-animation-transform"><input semantic="INPUT" source="#jnt_height-Matrix-animation-input"/><input semantic="OUTPUT" source="#jnt_height-Matrix-animation-output-transform"/><input semantic="INTERPOLATION" source="#jnt_height-Interpolations"/></sampler><channel source="#jnt_height-Matrix-animation-transform" target="jnt_height/matrix"/></animation></animation>
    <animation id="jnt_spine1-anim" name="jnt_spine1"><animation><source id="jnt_spine1-Matrix-animation-input"><float_array id="jnt_spine1-Matrix-animation-input-array" count="30">

0.000000 0.033333 0.066667 0.100000 0.133333 0.166667 0.200000 0.233333 0.266667 0.300000 0.333333 0.366667 0.400000 0.433333 0.466667 0.500000
0.533333 0.566667 0.600000 0.633333 0.666667 0.700000 0.733333 0.766667 0.800000 0.833333 0.866667 0.900000 0.933333 0.966667</float_array><technique_common><accessor source="#jnt_spine1-Matrix-animation-input-array" count="30"><param name="TIME" type="float"/></accessor></technique_common></source><source id="jnt_spine1-Matrix-animation-output-transform"><float_array id="jnt_spine1-Matrix-animation-output-transform-array" count="480">

0.047518 -0.076414 0.995944 0.009059 0.998763 -0.010960 -0.048493 0.209795 0.014622 0.997016 0.075799 0.029130 0.000000 0.000000 0.000000 1.000000
0.038256 -0.081341 0.995952 0.009059 0.998897 0.030252 -0.035898 0.209795 -0.027209 0.996227 0.082409 0.029130 0.000000 0.000000 0.000000 1.000000
0.025748 -0.086759 0.995897 0.009059 0.995505 0.093057 -0.017631 0.209795 -0.091146 0.991874 0.088765 0.029130 0.000000 0.000000 0.000000 1.000000
0.020955 -0.086952 0.995993 0.009059 0.993146 0.116388 -0.010734 0.209795 -0.114988 0.989391 0.088795 0.029130 0.000000 0.000000 0.000000 1.000000
0.021044 -0.086788 0.996005 0.009059 0.993211 0.115818 -0.010893 0.209795 -0.114410 0.989472 0.088636 0.029130 0.000000 0.000000 0.000000 1.000000
0.021582 -0.086319 0.996034 0.009059 0.993543 0.112848 -0.011749 0.209795 -0.111386 0.989856 0.088197 0.029130 0.000000 0.000000 0.000000 1.000000
0.022774 -0.085586 0.996071 0.009059 0.994211 0.106591 -0.013573 0.209795 -0.105010 0.990613 0.087518 0.029130 0.000000 0.000000 0.000000 1.000000
0.024513 -0.084654 0.996109 0.009059 0.995085 0.097699 -0.016185 0.209795 -0.095948 0.991609 0.086632 0.029130 0.000000 0.000000 0.000000 1.000000
0.026688 -0.083588 0.996143 0.009059 0.996034 0.086833 -0.019399 0.209795 -0.084877 0.992710 0.085574 0.029130 0.000000 0.000000 0.000000 1.000000
0.029177 -0.082458 0.996168 0.009059 0.996943 0.074669 -0.023019 0.209795 -0.072484 0.993794 0.084385 0.029130 0.000000 0.000000 0.000000 1.000000
0.031849 -0.081330 0.996179 0.009059 0.997722 0.061887 -0.026846 0.209795 -0.059467 0.994764 0.083116 0.029130 0.000000 0.000000 0.000000 1.000000
0.034559 -0.080265 0.996175 0.009059 0.998320 0.049167 -0.030672 0.209795 -0.046516 0.995561 0.081830 0.029130 0.000000 0.000000 0.000000 1.000000
0.037156 -0.079317 0.996157 0.009059 0.998721 0.037172 -0.034292 0.209795 -0.034309 0.996156 0.080597 0.029130 0.000000 0.000000 0.000000 1.000000
0.039481 -0.078529 0.996130 0.009059 0.998944 0.026545 -0.037500 0.209795 -0.023497 0.996559 0.079494 0.029130 0.000000 0.000000 0.000000 1.000000
0.041375 -0.077938 0.996100 0.009059 0.999036 0.017900 -0.040097 0.209795 -0.014705 0.996798 0.078603 0.029130 0.000000 0.000000 0.000000 1.000000
0.042680 -0.077572 0.996073 0.009059 0.999053 0.011833 -0.041886 0.209795 -0.008538 0.996917 0.078004 0.029130 0.000000 0.000000 0.000000 1.000000
0.043578 -0.077347 0.996052 0.009059 0.999041 0.007556 -0.043122 0.209795 -0.004191 0.996976 0.077602 0.029130 0.000000 0.000000 0.000000 1.000000
0.044358 -0.077155 0.996032 0.009059 0.999016 0.003853 -0.044193 0.209795 -0.000428 0.997012 0.077250 0.029130 0.000000 0.000000 0.000000 1.000000
0.045030 -0.076993 0.996015 0.009059 0.998982 0.000683 -0.045111 0.209795 0.002793 0.997032 0.076945 0.029130 0.000000 0.000000 0.000000 1.000000
0.045599 -0.076857 0.995999 0.009059 0.998945 -0.001998 -0.045888 0.209795 0.005517 0.997041 0.076685 0.029130 0.000000 0.000000 0.000000 1.000000
0.046075 -0.076745 0.995986 0.009059 0.998908 -0.004230 -0.046536 0.209795 0.007785 0.997042 0.076466 0.029130 0.000000 0.000000 0.000000 1.000000
0.046466 -0.076654 0.995975 0.009059 0.998873 -0.006056 -0.047067 0.209795 0.009640 0.997040 0.076287 0.029130 0.000000 0.000000 0.000000 1.000000
0.046778 -0.076582 0.995966 0.009059 0.998844 -0.007517 -0.047491 0.209795 0.011124 0.997035 0.076142 0.029130 0.000000 0.000000 0.000000 1.000000
0.047022 -0.076527 0.995959 0.009059 0.998819 -0.008655 -0.047822 0.209795 0.012279 0.997031 0.076029 0.029130 0.000000 0.000000 0.000000 1.000000
0.047205 -0.076485 0.995953 0.009059 0.998799 -0.009509 -0.048070 0.209795 0.013147 0.997026 0.075944 0.029130 0.000000 0.000000 0.000000 1.000000
0.047337 -0.076455 0.995949 0.009059 0.998784 -0.010121 -0.048249 0.209795 0.013768 0.997022 0.075883 0.029130 0.000000 0.000000 0.000000 1.000000
0.047425 -0.076435 0.995946 0.009059 0.998774 -0.010531 -0.048368 0.209795 0.014185 0.997019 0.075842 0.029130 0.000000 0.000000 0.000000 1.000000
0.047479 -0.076423 0.995945 0.009059 0.998768 -0.010779 -0.048440 0.209795 0.014437 0.997018 0.075817 0.029130 0.000000 0.000000 0.000000 1.000000
0.047506 -0.076417 0.995944 0.009059 0.998765 -0.010907 -0.048477 0.209795 0.014567 0.997017 0.075805 0.029130 0.000000 0.000000 0.000000 1.000000
0.047516 -0.076415 0.995944 0.009059 0.998764 -0.010954 -0.048491 0.209795 0.014615 0.997016 0.075800 0.029130 0.000000 0.000000 0.000000 1.000000</float_array><technique_common><accessor source="#jnt_spine1-Matrix-animation-output-transform-array" count="30" stride="16"><param type="float4x4"/></accessor></technique_common></source><source id="jnt_spine1-Interpolations"><Name_array id="jnt_spine1-Interpolations-array" count="30">
 LINEAR LINEAR LINEAR LINEAR LINEAR LINEAR LINEAR LINEAR LINEAR LINEAR LINEAR
LINEAR LINEAR LINEAR LINEAR LINEAR LINEAR LINEAR LINEAR LINEAR LINEAR LINEAR LINEAR
LINEAR LINEAR LINEAR LINEAR LINEAR LINEAR LINEAR</Name_array><technique_common><accessor source="#jnt_spine1-Interpolations-array" count="30"><param type="name"/></accessor></technique_common></source><sampler id="jnt_spine1-Matrix-animation-transform"><input semantic="INPUT" source="#jnt_spine1-Matrix-animation-input"/><input semantic="OUTPUT" source="#jnt_spine1-Matrix-animation-output-transform"/><input semantic="INTERPOLATION" source="#jnt_spine1-Interpolations"/></sampler><channel source="#jnt_spine1-Matrix-animation-transform" target="jnt_spine1/matrix"/></animation></animation>
    <animation id="jnt_spine2-anim" name="jnt_spine2"><animation><source id="jnt_spine2-Matrix-animation-input"><float_array id="jnt_spine2-Matrix-animation-input-array" count="30">

0.000000 0.033333 0.066667 0.100000 0.133333 0.166667 0.200000 0.233333 0.266667 0.300000 0.333333 0.366667 0.400000 0.433333 0.466667 0.500000
0.533333 0.566667 0.600000 0.633333 0.666667 0.700000 0.733333 0.766667 0.800000 0.833333 0.866667 0.900000 0.933333 0.966667</float_array><technique_common><accessor source="#jnt_spine2-Matrix-animation-input-array" count="30"><param name="TIME" type="float"/></accessor></technique_common></source><source id="jnt_spine2-Matrix-animation-output-transform"><float_array id="jnt_spine2-Matrix-animation-output-transform-array" count="480">

0.993420 0.081608 -0.080354 0.354983 -0.083626 0.996252 -0.022071 0.078525 0.078252 0.028646 0.996522 0.012378 0.000000 0.000000 0.000000 1.000000
0.994313 0.081806 -0.068193 0.354983 -0.083162 0.996386 -0.017285 0.078525 0.066533 0.022858 0.997523 0.012378 0.000000 0.000000 0.000000 1.000000
0.994385 0.082742 -0.065961 0.354984 -0.083972 0.996338 -0.016084 0.078525 0.064389 0.021532 0.997692 0.012378 0.000000 0.000000 0.000000 1.000000
0.994680 0.077460 -0.067908 0.354984 -0.078893 0.996708 -0.018677 0.078525 0.066238 0.023935 0.997517 0.012378 0.000000 0.000000 0.000000 1.000000
0.994700 0.077111 -0.068018 0.354984 -0.078557 0.996732 -0.018842 0.078525 0.066342 0.024085 0.997507 0.012378 0.000000 0.000000 0.000000 1.000000
0.994734 0.076470 -0.068242 0.354983 -0.077941 0.996774 -0.019155 0.078525 0.066557 0.024373 0.997485 0.012378 0.000000 0.000000 0.000000 1.000000
0.994754 0.075935 -0.068544 0.354983 -0.077433 0.996807 -0.019462 0.078525 0.066847 0.024668 0.997458 0.012378 0.000000 0.000000 0.000000 1.000000
0.994748 0.075567 -0.069034 0.354984 -0.077098 0.996827 -0.019786 0.078525 0.067320 0.025004 0.997418 0.012378 0.000000 0.000000 0.000000 1.000000
0.994705 0.075422 -0.069801 0.354983 -0.076996 0.996828 -0.020139 0.078525 0.068060 0.025407 0.997358 0.012378 0.000000 0.000000 0.000000 1.000000
0.994619 0.075541 -0.070892 0.354984 -0.077170 0.996806 -0.020527 0.078525 0.069115 0.025887 0.997273 0.012378 0.000000 0.000000 0.000000 1.000000
