<?xml version="1.0" encoding="utf-8"?>
<COLLADA xmlns="http://www.collada.org/2005/11/COLLADASchema" version="1.4.1">
    <asset>
        <contributor>
            <author></author>
            <authoring_tool>FBX COLLADA exporter</authoring_tool>
            <comments></comments>
        </contributor>
        <created>2022-09-29T22:08:17Z</created>
        <keywords></keywords>
        <modified>2022-09-29T22:08:17Z</modified>
        <revision></revision>
        <subject></subject>
        <title></title>
        <unit meter="0.010000" name="centimeter"></unit>
        <up_axis>Y_UP</up_axis>
    </asset>
    <library_animations>
        <animation id="Character-anim" name="Character">
            <animation>
                <source id="Character-Matrix-animation-input">
                    <float_array id="Character-Matrix-animation-input-array" count="12">

0.000000 0.033333 0.066667 0.100000 0.133333 0.166667 0.200000 0.233333 0.266667 0.300000 0.333333 0.366667</float_array>
                    <technique_common>
                        <accessor source="#Character-Matrix-animation-input-array" count="12">
                            <param name="TIME" type="float"/>
                        </accessor>
                    </technique_common>
                </source>
                <source id="Character-Matrix-animation-output-transform">
                    <float_array id="Character-Matrix-animation-output-transform-array" count="192">

1.000000 0.000000 0.000000 0.000000 0.000000 1.000000 -0.000000 0.000000 0.000000 0.000000 1.000000 0.000000 0.000000 0.000000 0.000000 1.000000
1.000000 0.000000 0.000000 0.000000 0.000000 1.000000 -0.000000 0.000000 0.000000 0.000000 1.000000 0.000000 0.000000 0.000000 0.000000 1.000000
1.000000 0.000000 0.000000 0.000000 0.000000 1.000000 -0.000000 0.000000 0.000000 0.000000 1.000000 0.000000 0.000000 0.000000 0.000000 1.000000
1.000000 0.000000 0.000000 0.000000 0.000000 1.000000 -0.000000 0.000000 0.000000 0.000000 1.000000 0.000000 0.000000 0.000000 0.000000 1.000000
1.000000 0.000000 0.000000 0.000000 0.000000 1.000000 -0.000000 0.000000 0.000000 0.000000 1.000000 0.000000 0.000000 0.000000 0.000000 1.000000
1.000000 0.000000 0.000000 0.000000 0.000000 1.000000 -0.000000 0.000000 0.000000 0.000000 1.000000 0.000000 0.000000 0.000000 0.000000 1.000000
1.000000 0.000000 0.000000 0.000000 0.000000 1.000000 -0.000000 0.000000 0.000000 0.000000 1.000000 0.000000 0.000000 0.000000 0.000000 1.000000
1.000000 0.000000 0.000000 0.000000 0.000000 1.000000 -0.000000 0.000000 0.000000 0.000000 1.000000 0.000000 0.000000 0.000000 0.000000 1.000000
1.000000 0.000000 0.000000 0.000000 0.000000 1.000000 -0.000000 0.000000 0.000000 0.000000 1.000000 0.000000 0.000000 0.000000 0.000000 1.000000
1.000000 0.000000 0.000000 0.000000 0.000000 1.000000 -0.000000 0.000000 0.000000 0.000000 1.000000 0.000000 0.000000 0.000000 0.000000 1.000000
1.000000 0.000000 0.000000 0.000000 0.000000 1.000000 -0.000000 0.000000 0.000000 0.000000 1.000000 0.000000 0.000000 0.000000 0.000000 1.000000
1.000000 0.000000 0.000000 0.000000 0.000000 1.000000 -0.000000 0.000000 0.000000 0.000000 1.000000 0.000000 0.000000 0.000000 0.000000 1.000000</float_array>
                    <technique_common>
                        <accessor source="#Character-Matrix-animation-output-transform-array" count="12" stride="16">
                            <param type="float4x4"/>
                        </accessor>
                    </technique_common>
                </source>
                <source id="Character-Interpolations">
                    <Name_array id="Character-Interpolations-array" count="12">
 LINEAR LINEAR LINEAR LINEAR LINEAR LINEAR LINEAR LINEAR LINEAR LINEAR LINEAR
LINEAR</Name_array>
                    <technique_common>
                        <accessor source="#Character-Interpolations-array" count="12">
                            <param type="name"/>
                        </accessor>
                    </technique_common>
                </source>
                <sampler id="Character-Matrix-animation-transform">
                    <input semantic="INPUT" source="#Character-Matrix-animation-input"/>
                    <input semantic="OUTPUT" source="#Character-Matrix-animation-output-transform"/>
                    <input semantic="INTERPOLATION" source="#Character-Interpolations"/>
                </sampler>
                <channel source="#Character-Matrix-animation-transform" target="Character/matrix"/>
            </animation>
        </animation>
        <animation id="HIK_root_jnt-anim" name="HIK_root_jnt">
            <animation>
                <source id="HIK_root_jnt-Matrix-animation-input">
                    <float_array id="HIK_root_jnt-Matrix-animation-input-array" count="12">

0.000000 0.033333 0.066667 0.100000 0.133333 0.166667 0.200000 0.233333 0.266667 0.300000 0.333333 0.366667</float_array>
                    <technique_common>
                        <accessor source="#HIK_root_jnt-Matrix-animation-input-array" count="12">
                            <param name="TIME" type="float"/>
                        </accessor>
                    </technique_common>
                </source>
                <source id="HIK_root_jnt-Matrix-animation-output-transform">
                    <float_array id="HIK_root_jnt-Matrix-animation-output-transform-array" count="192">

1.000000 0.000000 0.000000 0.000000 0.000000 1.000000 -0.000000 0.000000 0.000000 0.000000 1.000000 0.000000 0.000000 0.000000 0.000000 1.000000
1.000000 0.000000 0.000000 0.000000 0.000000 1.000000 -0.000000 0.000000 0.000000 0.000000 1.000000 0.000000 0.000000 0.000000 0.000000 1.000000
1.000000 0.000000 0.000000 0.000000 0.000000 1.000000 -0.000000 0.000000 0.000000 0.000000 1.000000 0.000000 0.000000 0.000000 0.000000 1.000000
1.000000 0.000000 0.000000 0.000000 0.000000 1.000000 -0.000000 0.000000 0.000000 0.000000 1.000000 0.000000 0.000000 0.000000 0.000000 1.000000
1.000000 0.000000 0.000000 0.000000 0.000000 1.000000 -0.000000 0.000000 0.000000 0.000000 1.000000 0.000000 0.000000 0.000000 0.000000 1.000000
1.000000 0.000000 0.000000 0.000000 0.000000 1.000000 -0.000000 0.000000 0.000000 0.000000 1.000000 0.000000 0.000000 0.000000 0.000000 1.000000
1.000000 0.000000 0.000000 0.000000 0.000000 1.000000 -0.000000 0.000000 0.000000 0.000000 1.000000 0.000000 0.000000 0.000000 0.000000 1.000000
1.000000 0.000000 0.000000 0.000000 0.000000 1.000000 -0.000000 0.000000 0.000000 0.000000 1.000000 0.000000 0.000000 0.000000 0.000000 1.000000
1.000000 0.000000 0.000000 0.000000 0.000000 1.000000 -0.000000 0.000000 0.000000 0.000000 1.000000 0.000000 0.000000 0.000000 0.000000 1.000000
1.000000 0.000000 0.000000 0.000000 0.000000 1.000000 -0.000000 0.000000 0.000000 0.000000 1.000000 0.000000 0.000000 0.000000 0.000000 1.000000
1.000000 0.000000 0.000000 0.000000 0.000000 1.000000 -0.000000 0.000000 0.000000 0.000000 1.000000 0.000000 0.000000 0.000000 0.000000 1.000000
1.000000 0.000000 0.000000 0.000000 0.000000 1.000000 -0.000000 0.000000 0.000000 0.000000 1.000000 0.000000 0.000000 0.000000 0.000000 1.000000</float_array>
                    <technique_common>
                        <accessor source="#HIK_root_jnt-Matrix-animation-output-transform-array" count="12" stride="16">
                            <param type="float4x4"/>
                        </accessor>
                    </technique_common>
                </source>
                <source id="HIK_root_jnt-Interpolations">
                    <Name_array id="HIK_root_jnt-Interpolations-array" count="12">
 LINEAR LINEAR LINEAR LINEAR LINEAR LINEAR LINEAR LINEAR LINEAR LINEAR LINEAR
LINEAR</Name_array>
                    <technique_common>
                        <accessor source="#HIK_root_jnt-Interpolations-array" count="12">
                            <param type="name"/>
                        </accessor>
                    </technique_common>
                </source>
                <sampler id="HIK_root_jnt-Matrix-animation-transform">
                    <input semantic="INPUT" source="#HIK_root_jnt-Matrix-animation-input"/>
                    <input semantic="OUTPUT" source="#HIK_root_jnt-Matrix-animation-output-transform"/>
                    <input semantic="INTERPOLATION" source="#HIK_root_jnt-Interpolations"/>
                </sampler>
                <channel source="#HIK_root_jnt-Matrix-animation-transform" target="HIK_root_jnt/matrix"/>
            </animation>
        </animation>
        <animation id="root_jnt-anim" name="root_jnt">
            <animation>
                <source id="root_jnt-Matrix-animation-input">
                    <float_array id="root_jnt-Matrix-animation-input-array" count="12">

0.000000 0.033333 0.066667 0.100000 0.133333 0.166667 0.200000 0.233333 0.266667 0.300000 0.333333 0.366667</float_array>
                    <technique_common>
                        <accessor source="#root_jnt-Matrix-animation-input-array" count="12">
                            <param name="TIME" type="float"/>
                        </accessor>
                    </technique_common>
                </source>
                <source id="root_jnt-Matrix-animation-output-transform">
                    <float_array id="root_jnt-Matrix-animation-output-transform-array" count="192">

1.000000 0.000000 0.000000 0.000000 0.000000 1.000000 -0.000000 0.000000 0.000000 0.000000 1.000000 0.000000 0.000000 0.000000 0.000000 1.000000
1.000000 0.000000 0.000000 0.000000 0.000000 1.000000 -0.000000 0.000000 0.000000 0.000000 1.000000 0.000000 0.000000 0.000000 0.000000 1.000000
1.000000 0.000000 0.000000 0.000000 0.000000 1.000000 -0.000000 0.000000 0.000000 0.000000 1.000000 0.000000 0.000000 0.000000 0.000000 1.000000
1.000000 0.000000 0.000000 0.000000 0.000000 1.000000 -0.000000 0.000000 0.000000 0.000000 1.000000 0.000000 0.000000 0.000000 0.000000 1.000000
1.000000 0.000000 0.000000 0.000000 0.000000 1.000000 -0.000000 0.000000 0.000000 0.000000 1.000000 0.000000 0.000000 0.000000 0.000000 1.000000
1.000000 0.000000 0.000000 0.000000 0.000000 1.000000 -0.000000 0.000000 0.000000 0.000000 1.000000 0.000000 0.000000 0.000000 0.000000 1.000000
1.000000 0.000000 0.000000 0.000000 0.000000 1.000000 -0.000000 0.000000 0.000000 0.000000 1.000000 0.000000 0.000000 0.000000 0.000000 1.000000
1.000000 0.000000 0.000000 0.000000 0.000000 1.000000 -0.000000 0.000000 0.000000 0.000000 1.000000 0.000000 0.000000 0.000000 0.000000 1.000000
1.000000 0.000000 0.000000 0.000000 0.000000 1.000000 -0.000000 0.000000 0.000000 0.000000 1.000000 0.000000 0.000000 0.000000 0.000000 1.000000
1.000000 0.000000 0.000000 0.000000 0.000000 1.000000 -0.000000 0.000000 0.000000 0.000000 1.000000 0.000000 0.000000 0.000000 0.000000 1.000000
1.000000 0.000000 0.000000 0.000000 0.000000 1.000000 -0.000000 0.000000 0.000000 0.000000 1.000000 0.000000 0.000000 0.000000 0.000000 1.000000
1.000000 0.000000 0.000000 0.000000 0.000000 1.000000 -0.000000 0.000000 0.000000 0.000000 1.000000 0.000000 0.000000 0.000000 0.000000 1.000000</float_array>
                    <technique_common>
                        <accessor source="#root_jnt-Matrix-animation-output-transform-array" count="12" stride="16">
                            <param type="float4x4"/>
                        </accessor>
                    </technique_common>
                </source>
                <source id="root_jnt-Interpolations">
                    <Name_array id="root_jnt-Interpolations-array" count="12">
 LINEAR LINEAR LINEAR LINEAR LINEAR LINEAR LINEAR LINEAR LINEAR LINEAR LINEAR
LINEAR</Name_array>
                    <technique_common>
                        <accessor source="#root_jnt-Interpolations-array" count="12">
                            <param type="name"/>
                        </accessor>
                    </technique_common>
                </source>
                <sampler id="root_jnt-Matrix-animation-transform">
                    <input semantic="INPUT" source="#root_jnt-Matrix-animation-input"/>
                    <input semantic="OUTPUT" source="#root_jnt-Matrix-animation-output-transform"/>
                    <input semantic="INTERPOLATION" source="#root_jnt-Interpolations"/>
                </sampler>
                <channel source="#root_jnt-Matrix-animation-transform" target="root_jnt/matrix"/>
            </animation>
        </animation>
        <animation id="jnt_hips-anim" name="jnt_hips">
            <animation>
                <source id="jnt_hips-Matrix-animation-input">
                    <float_array id="jnt_hips-Matrix-animation-input-array" count="12">

0.000000 0.033333 0.066667 0.100000 0.133333 0.166667 0.200000 0.233333 0.266667 0.300000 0.333333 0.366667</float_array>
                    <technique_common>
                        <accessor source="#jnt_hips-Matrix-animation-input-array" count="12">
                            <param name="TIME" type="float"/>
                        </accessor>
                    </technique_common>
                </source>
                <source id="jnt_hips-Matrix-animation-output-transform">
                    <float_array id="jnt_hips-Matrix-animation-output-transform-array" count="192">

0.536598 0.001585 -0.843837 0.000000 0.001698 0.999994 0.002958 2.061423 0.843836 -0.003020 0.536592 -0.094053 0.000000 0.000000 0.000000 1.000000
0.536463 0.000191 -0.843924 0.000000 0.002327 0.999996 0.001705 2.061423 0.843921 -0.002879 0.536460 -0.095305 0.000000 0.000000 0.000000 1.000000
0.536019 -0.003303 -0.844200 0.000000 0.004414 0.999990 -0.001110 2.061423 0.844194 -0.003131 0.536028 -0.104069 0.000000 0.000000 0.000000 1.000000
0.535204 -0.007885 -0.844686 0.000000 0.008252 0.999957 -0.004106 2.061423 0.844682 -0.004773 0.535247 -0.127856 0.000000 0.000000 0.000000 1.000000
0.533962 -0.012596 -0.845415 0.000000 0.014140 0.999882 -0.005966 2.061423 0.845390 -0.008769 0.534077 -0.174179 0.000000 0.000000 0.000000 1.000000
0.532309 -0.016596 -0.846387 0.000000 0.022075 0.999740 -0.005720 2.061423 0.846262 -0.015639 0.532537 -0.253554 0.000000 0.000000 0.000000 1.000000
0.532097 -0.019542 -0.846458 0.000000 0.022991 0.999698 -0.008627 2.061423 0.846371 -0.014871 0.532385 -0.449010 0.000000 0.000000 0.000000 1.000000
0.533438 -0.021622 -0.845563 0.000000 0.016350 0.999750 -0.015251 2.061423 0.845681 -0.005690 0.533658 -0.728190 0.000000 0.000000 0.000000 1.000000
0.535322 -0.023396 -0.844324 0.000000 0.007209 0.999706 -0.023131 2.061423 0.844617 0.006296 0.535333 -1.000158 0.000000 0.000000 0.000000 1.000000
0.536707 -0.024684 -0.843407 0.000000 0.000514 0.999581 -0.028927 2.061423 0.843768 0.015091 0.536495 -1.173984 0.000000 0.000000 0.000000 1.000000
0.537263 -0.025248 -0.843036 0.000000 -0.002178 0.999507 -0.031322 2.061423 0.843412 0.018665 0.536943 -1.240444 0.000000 0.000000 0.000000 1.000000
0.537467 -0.025477 -0.842900 0.000000 -0.003167 0.999476 -0.032228 2.061423 0.843279 0.019991 0.537104 -1.264929 0.000000 0.000000 0.000000 1.000000</float_array>
                    <technique_common>
                        <accessor source="#jnt_hips-Matrix-animation-output-transform-array" count="12" stride="16">
                            <param type="float4x4"/>
                        </accessor>
                    </technique_common>
                </source>
                <source id="jnt_hips-Interpolations">
                    <Name_array id="jnt_hips-Interpolations-array" count="12">
 LINEAR LINEAR LINEAR LINEAR LINEAR LINEAR LINEAR LINEAR LINEAR LINEAR LINEAR
LINEAR</Name_array>
                    <technique_common>
                        <accessor source="#jnt_hips-Interpolations-array" count="12">
                            <param type="name"/>
                        </accessor>
                    </technique_common>
                </source>
                <sampler id="jnt_hips-Matrix-animation-transform">
                    <input semantic="INPUT" source="#jnt_hips-Matrix-animation-input"/>
                    <input semantic="OUTPUT" source="#jnt_hips-Matrix-animation-output-transform"/>
                    <input semantic="INTERPOLATION" source="#jnt_hips-Interpolations"/>
                </sampler>
                <channel source="#jnt_hips-Matrix-animation-transform" target="jnt_hips/matrix"/>
            </animation>
        </animation>
        <animation id="jnt_height-anim" name="jnt_height">
            <animation>
                <source id="jnt_height-Matrix-animation-input">
                    <float_array id="jnt_height-Matrix-animation-input-array" count="12">

0.000000 0.033333 0.066667 0.100000 0.133333 0.166667 0.200000 0.233333 0.266667 0.300000 0.333333 0.366667</float_array>
                    <technique_common>
                        <accessor source="#jnt_height-Matrix-animation-input-array" count="12">
                            <param name="TIME" type="float"/>
                        </accessor>
                    </technique_common>
                </source>
                <source id="jnt_height-Matrix-animation-output-transform">
                    <float_array id="jnt_height-Matrix-animation-output-transform-array" count="192">

0.999998 -0.001697 -0.000400 0.000000 0.001698 0.999994 0.002958 0.000000 0.000395 -0.002958 0.999995 -0.000000 0.000000 0.000000 0.000000 1.000000
0.999997 -0.002326 -0.000558 0.000000 0.002327 0.999996 0.001705 0.000000 0.000555 -0.001706 0.999998 0.000000 0.000000 0.000000 0.000000 1.000000
0.999990 -0.004414 -0.001072 0.000000 0.004413 0.999989 -0.001110 0.000000 0.001077 0.001105 0.999999 0.000000 0.000000 0.000000 0.000000 1.000000
0.999964 -0.008260 -0.001993 -0.000000 0.008252 0.999957 -0.004106 0.000000 0.002027 0.004089 0.999990 0.000000 0.000000 0.000000 0.000000 1.000000
0.999894 -0.014159 -0.003377 0.000000 0.014139 0.999882 -0.005966 0.000000 0.003461 0.005918 0.999976 -0.000000 0.000000 0.000000 0.000000 1.000000
0.999742 -0.022099 -0.005215 0.000000 0.022069 0.999740 -0.005721 0.000000 0.005340 0.005604 0.999970 0.000000 0.000000 0.000000 0.000000 1.000000
0.999720 -0.023030 -0.005385 0.000000 0.022984 0.999698 -0.008629 -0.000000 0.005582 0.008503 0.999948 0.000000 0.000000 0.000000 0.000000 1.000000
0.999858 -0.016406 -0.003816 0.000000 0.016346 0.999750 -0.015252 -0.000000 0.004065 0.015187 0.999876 0.000000 0.000000 0.000000 0.000000 1.000000
0.999972 -0.007249 -0.001729 -0.000000 0.007207 0.999706 -0.023131 -0.000000 0.001896 0.023118 0.999731 -0.000000 0.000000 0.000000 0.000000 1.000000
1.000000 -0.000521 -0.000252 0.000000 0.000514 0.999581 -0.028927 0.000000 0.000267 0.028927 0.999581 0.000000 0.000000 0.000000 0.000000 1.000000
0.999997 0.002189 0.000327 -0.000000 -0.002178 0.999507 -0.031322 -0.000000 -0.000396 0.031322 0.999509 0.000000 0.000000 0.000000 0.000000 1.000000
0.999995 0.003185 0.000538 -0.000000 -0.003166 0.999475 -0.032229 0.000000 -0.000640 0.032227 0.999481 -0.000000 0.000000 0.000000 0.000000 1.000000</float_array>
                    <technique_common>
                        <accessor source="#jnt_height-Matrix-animation-output-transform-array" count="12" stride="16">
                            <param type="float4x4"/>
                        </accessor>
                    </technique_common>
                </source>
                <source id="jnt_height-Interpolations">
                    <Name_array id="jnt_height-Interpolations-array" count="12">
 LINEAR LINEAR LINEAR LINEAR LINEAR LINEAR LINEAR LINEAR LINEAR LINEAR LINEAR
LINEAR</Name_array>
                    <technique_common>
                        <accessor source="#jnt_height-Interpolations-array" count="12">
                            <param type="name"/>
                        </accessor>
                    </technique_common>
                </source>
                <sampler id="jnt_height-Matrix-animation-transform">
                    <input semantic="INPUT" source="#jnt_height-Matrix-animation-input"/>
                    <input semantic="OUTPUT" source="#jnt_height-Matrix-animation-output-transform"/>
                    <input semantic="INTERPOLATION" source="#jnt_height-Interpolations"/>
                </sampler>
                <channel source="#jnt_height-Matrix-animation-transform" target="jnt_height/matrix"/>
            </animation>
        </animation>
        <animation id="jnt_spine1-anim" name="jnt_spine1">
            <animation>
                <source id="jnt_spine1-Matrix-animation-input">
                    <float_array id="jnt_spine1-Matrix-animation-input-array" count="12">

0.000000 0.033333 0.066667 0.100000 0.133333 0.166667 0.200000 0.233333 0.266667 0.300000 0.333333 0.366667</float_array>
                    <technique_common>
                        <accessor source="#jnt_spine1-Matrix-animation-input-array" count="12">
                            <param name="TIME" type="float"/>
                        </accessor>
                    </technique_common>
                </source>
                <source id="jnt_spine1-Matrix-animation-output-transform">
                    <float_array id="jnt_spine1-Matrix-animation-output-transform-array" count="192">

-0.001251 -0.000332 1.000000 -0.000000 0.999900 -0.014064 0.001246 0.212132 0.014063 0.999901 0.000350 0.023482 0.000000 0.000000 0.000000 1.000000
-0.001791 -0.000473 0.999999 -0.000000 0.999890 -0.014703 0.001784 0.212132 0.014702 0.999892 0.000499 0.023482 0.000000 0.000000 0.000000 1.000000
-0.003572 -0.000930 0.999994 -0.000000 0.999866 -0.016005 0.003556 0.212132 0.016002 0.999872 0.000987 0.023482 0.000000 0.000000 0.000000 1.000000
-0.006817 -0.001750 0.999975 -0.000000 0.999832 -0.017063 0.006786 0.212133 0.017050 0.999853 0.001866 0.023482 0.000000 0.000000 0.000000 1.000000
-0.011738 -0.002981 0.999927 -0.000000 0.999788 -0.016987 0.011686 0.212132 0.016951 0.999852 0.003179 0.023482 0.000000 0.000000 0.000000 1.000000
-0.018263 -0.004614 0.999823 -0.000000 0.999721 -0.015110 0.018191 0.212132 0.015024 0.999876 0.004888 0.023482 0.000000 0.000000 0.000000 1.000000
-0.019018 -0.004784 0.999808 -0.000000 0.999690 -0.016146 0.018939 0.212132 0.016052 0.999859 0.005089 0.023482 0.000000 0.000000 0.000000 1.000000
-0.013627 -0.003417 0.999902 -0.000000 0.999696 -0.020594 0.013554 0.212132 0.020546 0.999782 0.003696 0.023482 0.000000 0.000000 0.000000 1.000000
-0.006139 -0.001576 0.999980 0.000000 0.999643 -0.026008 0.006096 0.212132 0.025998 0.999661 0.001735 0.023482 0.000000 0.000000 0.000000 1.000000
-0.000653 -0.000261 1.000000 0.000000 0.999554 -0.029848 0.000645 0.212132 0.029848 0.999555 0.000280 0.023482 0.000000 0.000000 0.000000 1.000000
0.001545 0.000258 0.999999 -0.000000 0.999506 -0.031391 -0.001536 0.212132 0.031390 0.999508 -0.000306 0.023482 0.000000 0.000000 0.000000 1.000000
0.002350 0.000447 0.999997 -0.000000 0.999487 -0.031964 -0.002334 0.212132 0.031963 0.999489 -0.000522 0.023482 0.000000 0.000000 0.000000 1.000000</float_array>
                    <technique_common>
                        <accessor source="#jnt_spine1-Matrix-animation-output-transform-array" count="12" stride="16">
                            <param type="float4x4"/>
                        </accessor>
                    </technique_common>
                </source>
                <source id="jnt_spine1-Interpolations">
                    <Name_array id="jnt_spine1-Interpolations-array" count="12">
 LINEAR LINEAR LINEAR LINEAR LINEAR LINEAR LINEAR LINEAR LINEAR LINEAR LINEAR
LINEAR</Name_array>
                    <technique_common>
                        <accessor source="#jnt_spine1-Interpolations-array" count="12">
                            <param type="name"/>
                        </accessor>
                    </technique_common>
                </source>
                <sampler id="jnt_spine1-Matrix-animation-transform">
                    <input semantic="INPUT" source="#jnt_spine1-Matrix-animation-input"/>
                    <input semantic="OUTPUT" source="#jnt_spine1-Matrix-animation-output-transform"/>
                    <input semantic="INTERPOLATION" source="#jnt_spine1-Interpolations"/>
                </sampler>
                <channel source="#jnt_spine1-Matrix-animation-transform" target="jnt_spine1/matrix"/>
            </animation>
        </animation>
        <animation id="jnt_spine2-anim" name="jnt_spine2">
            <animation>
                <source id="jnt_spine2-Matrix-animation-input">
                    <float_array id="jnt_spine2-Matrix-animation-input-array" count="12">

0.000000 0.033333 0.066667 0.100000 0.133333 0.166667 0.200000 0.233333 0.266667 0.300000 0.333333 0.366667</float_array>
                    <technique_common>
                        <accessor source="#jnt_spine2-Matrix-animation-input-array" count="12">
                            <param name="TIME" type="float"/>
                        </accessor>
                    </technique_common>
                </source>
                <source id="jnt_spine2-Matrix-animation-output-transform">
                    <float_array id="jnt_spine2-Matrix-animation-output-transform-array" count="192">

0.999501 0.031599 0.000326 0.426848 -0.031599 0.999500 0.000336 0.000003 -0.000316 -0.000346 1.000000 0.000000 0.000000 0.000000 0.000000 1.000000
0.999462 0.032794 0.000680 0.426848 -0.032795 0.999462 0.000481 0.000003 -0.000664 -0.000503 1.000000 -0.000000 0.000000 0.000000 0.000000 1.000000
0.999348 0.036071 0.001818 0.426848 -0.036073 0.999349 0.000950 0.000003 -0.001782 -0.001015 0.999998 -0.000000 0.000000 0.000000 0.000000 1.000000
0.999151 0.041027 0.003844 0.426848 -0.041035 0.999156 0.001784 0.000003 -0.003767 -0.001940 0.999991 -0.000000 0.000000 0.000000 0.000000 1.000000
0.998853 0.047393 0.006850 0.426848 -0.047415 0.998871 0.003015 0.000003 -0.006699 -0.003336 0.999972 -0.000000 0.000000 0.000000 0.000000 1.000000
0.998423 0.055097 0.010753 0.426848 -0.055149 0.998467 0.004600 0.000003 -0.010483 -0.005186 0.999932 0.000000 0.000000 0.000000 0.000000 1.000000
0.998138 0.059938 0.011288 0.426848 -0.059995 0.998187 0.004749 0.000003 -0.010983 -0.005418 0.999925 -0.000000 0.000000 0.000000 0.000000 1.000000
0.998081 0.061370 0.008268 0.426848 -0.061400 0.998107 0.003420 0.000003 -0.008043 -0.003921 0.999960 0.000000 0.000000 0.000000 0.000000 1.000000
0.998039 0.062469 0.004024 0.426848 -0.062476 0.998045 0.001591 0.000003 -0.003917 -0.001839 0.999991 0.000000 0.000000 0.000000 0.000000 1.000000
0.997960 0.063835 0.000933 0.426848 -0.063835 0.997960 0.000260 0.000003 -0.000914 -0.000319 1.000000 0.000000 0.000000 0.000000 0.000000 1.000000
0.997913 0.064572 -0.000294 0.426848 -0.064572 0.997913 -0.000270 0.000003 0.000276 0.000288 1.000000 0.000000 0.000000 0.000000 0.000000 1.000000
0.997892 0.064888 -0.000740 0.426848 -0.064888 0.997892 -0.000463 0.000003 0.000709 0.000510 0.999999 -0.000000 0.000000 0.000000 0.000000 1.000000</float_array>
                    <technique_common>
                        <accessor source="#jnt_spine2-Matrix-animation-output-transform-array" count="12" stride="16">
                            <param type="float4x4"/>
                        </accessor>
                    </technique_common>
                </source>
                <source id="jnt_spine2-Interpolations">
                    <Name_array id="jnt_spine2-Interpolations-array" count="12">
 LINEAR LINEAR LINEAR LINEAR LINEAR LINEAR LINEAR LINEAR LINEAR LINEAR LINEAR
LINEAR</Name_array>
                    <technique_common>
                        <accessor source="#jnt_spine2-Interpolations-array" count="12">
                            <param type="name"/>
                        </accessor>
                    </technique_common>
                </source>
                <sampler id="jnt_spine2-Matrix-animation-transform">
                    <input semantic="INPUT" source="#jnt_spine2-Matrix-animation-input"/>
                    <input semantic="OUTPUT" source="#jnt_spine2-Matrix-animation-output-transform"/>
                    <input semantic="INTERPOLATION" source="#jnt_spine2-Interpolations"/>
                </sampler>
                <channel source="#jnt_spine2-Matrix-animation-transform" target="jnt_spine2/matrix"/>
            </animation>
        </animation>
        <animation id="jnt_spine3-anim" name="jnt_spine3">
            <animation>
                <source id="jnt_spine3-Matrix-animation-input">
                    <float_array id="jnt_spine3-Matrix-animation-input-array" count="12">

0.000000 0.033333 0.066667 0.100000 0.133333 0.166667 0.200000 0.233333 0.266667 0.300000 0.333333 0.366667</float_array>
                    <technique_common>
                        <accessor source="#jnt_spine3-Matrix-animation-input-array" count="12">
                            <param name="TIME" type="float"/>
                        </accessor>
                    </technique_common>
                </source>
                <source id="jnt_spine3-Matrix-animation-output-transform">
                    <float_array id="jnt_spine3-Matrix-animation-output-transform-array" count="192">

0.987435 0.080253 -0.136134 0.555067 -0.082294 0.996563 -0.009424 0.000000 0.134910 0.020509 0.990646 -0.000000 0.000000 0.000000 0.000000 1.000000
0.987116 0.084179 -0.136073 0.555067 -0.086161 0.996243 -0.008729 0.000000 0.134827 0.020341 0.990661 -0.000000 0.000000 0.000000 0.000000 1.000000
0.986225 0.094305 -0.135890 0.555067 -0.096119 0.995346 -0.006833 0.000000 0.134613 0.019800 0.990700 -0.000000 0.000000 0.000000 0.000000 1.000000
0.984825 0.108339 -0.135580 0.555067 -0.109892 0.993935 -0.003996 0.000000 0.134325 0.018834 0.990758 -0.000000 0.000000 0.000000 0.000000 1.000000
0.982991 0.124363 -0.135141 0.555068 -0.125574 0.992084 -0.000437 0.000000 0.134017 0.017400 0.990826 0.000000 0.000000 0.000000 0.000000 1.000000
0.980777 0.141300 -0.134578 0.555068 -0.142105 0.989845 0.003654 0.000000 0.133728 0.015540 0.990896 -0.000000 0.000000 0.000000 0.000000 1.000000
0.978721 0.155201 -0.134235 0.555067 -0.155847 0.987764 0.005746 0.000000 0.133484 0.015296 0.990933 -0.000000 0.000000 0.000000 0.000000 1.000000
0.977082 0.165243 -0.134187 0.555068 -0.165994 0.986110 0.005655 0.000000 0.133257 0.016749 0.990940 0.000000 0.000000 0.000000 0.000000 1.000000
0.975230 0.175819 -0.134216 0.555067 -0.176746 0.984243 0.005068 0.000000 0.132993 0.018780 0.990939 -0.000000 0.000000 0.000000 0.000000 1.000000
0.973561 0.184844 -0.134209 0.555067 -0.185888 0.982559 0.004822 0.000000 0.132760 0.020254 0.990941 0.000000 0.000000 0.000000 0.000000 1.000000
0.972773 0.188957 -0.134192 0.555067 -0.190042 0.981764 0.004795 0.000000 0.132651 0.020837 0.990944 0.000000 0.000000 0.000000 0.000000 1.000000
0.972455 0.190597 -0.134182 0.555068 -0.191696 0.981443 0.004805 0.000000 0.132608 0.021049 0.990945 0.000000 0.000000 0.000000 0.000000 1.000000</float_array>
                    <technique_common>
                        <accessor source="#jnt_spine3-Matrix-animation-output-transform-array" count="12" stride="16">
                            <param type="float4x4"/>
                        </accessor>
                    </technique_common>
                </source>
                <source id="jnt_spine3-Interpolations">
                    <Name_array id="jnt_spine3-Interpolations-array" count="12">
 LINEAR LINEAR LINEAR LINEAR LINEAR LINEAR LINEAR LINEAR LINEAR LINEAR LINEAR
LINEAR</Name_array>
                    <technique_common>
                        <accessor source="#jnt_spine3-Interpolations-array" count="12">
                            <param type="name"/>
                        </accessor>
                    </technique_common>
                </source>
                <sampler id="jnt_spine3-Matrix-animation-transform">
                    <input semantic="INPUT" source="#jnt_spine3-Matrix-animation-input"/>
                    <input semantic="OUTPUT" source="#jnt_spine3-Matrix-animation-output-transform"/>
                    <input semantic="INTERPOLATION" source="#jnt_spine3-Interpolations"/>
                </sampler>
                <channel source="#jnt_spine3-Matrix-animation-transform" target="jnt_spine3/matrix"/>
            </animation>
        </animation>
        <animation id="jnt_neck-anim" name="jnt_neck">
            <animation>
                <source id="jnt_neck-Matrix-animation-input">
                    <float_array id="jnt_neck-Matrix-animation-input-array" count="12">

0.000000 0.033333 0.066667 0.100000 0.133333 0.166667 0.200000 0.233333 0.266667 0.300000 0.333333 0.366667</float_array>
                    <technique_common>
                        <accessor source="#jnt_neck-Matrix-animation-input-array" count="12">
                            <param name="TIME" type="float"/>
                        </accessor>
                    </technique_common>
                </source>
                <source id="jnt_neck-Matrix-animation-output-transform">
                    <float_array id="jnt_neck-Matrix-animation-output-transform-array" count="192">

0.976501 0.157916 0.146654 0.867450 0.033383 0.561444 -0.826841 0.171572 -0.212910 0.812307 0.542980 -0.000000 0.000000 0.000000 0.000000 1.000000
0.977691 0.152155 0.144803 0.867449 0.035103 0.561334 -0.826844 0.171573 -0.207092 0.813481 0.543471 -0.000000 0.000000 0.000000 0.000000 1.000000
0.981663 0.128739 0.140583 0.867450 0.045026 0.560025 -0.827251 0.171573 -0.185230 0.818412 0.543959 -0.000000 0.000000 0.000000 0.000000 1.000000
0.987600 0.078082 0.136197 0.867451 0.070385 0.555244 -0.828704 0.171573 -0.140330 0.828014 0.542863 -0.000000 0.000000 0.000000 0.000000 1.000000
0.990875 -0.009913 0.134419 0.867449 0.118264 0.542341 -0.831793 0.171573 -0.064655 0.840100 0.538565 0.000000 0.000000 0.000000 0.000000 1.000000
0.979782 -0.143454 0.139458 0.867450 0.194089 0.512375 -0.836541 0.171573 0.048550 0.846695 0.529859 -0.000000 0.000000 0.000000 0.000000 1.000000
0.946034 -0.289740 0.145151 0.867449 0.274021 0.476097 -0.835610 0.171573 0.173003 0.830291 0.529799 -0.000000 0.000000 0.000000 0.000000 1.000000
0.899965 -0.410530 0.146726 0.867450 0.339012 0.447396 -0.827591 0.171573 0.274107 0.794545 0.541815 0.000000 0.000000 0.000000 0.000000 1.000000
0.857580 -0.491849 0.150469 0.867450 0.388707 0.428157 -0.815836 0.171573 0.336844 0.758133 0.558364 -0.000000 0.000000 0.000000 0.000000 1.000000
0.832423 -0.531771 0.155861 0.867450 0.418073 0.418060 -0.806499 0.171573 0.363714 0.736509 0.570321 -0.000000 0.000000 0.000000 0.000000 1.000000
0.823234 -0.545111 0.158557 0.867449 0.429066 0.414548 -0.802529 0.171573 0.371738 0.728700 0.575159 0.000000 0.000000 0.000000 0.000000 1.000000
0.819822 -0.549933 0.159579 0.867450 0.433134 0.413268 -0.801002 0.171573 0.374549 0.725799 0.577000 -0.000000 0.000000 0.000000 0.000000 1.000000</float_array>
                    <technique_common>
                        <accessor source="#jnt_neck-Matrix-animation-output-transform-array" count="12" stride="16">
                            <param type="float4x4"/>
                        </accessor>
                    </technique_common>
                </source>
                <source id="jnt_neck-Interpolations">
                    <Name_array id="jnt_neck-Interpolations-array" count="12">
 LINEAR LINEAR LINEAR LINEAR LINEAR LINEAR LINEAR LINEAR LINEAR LINEAR LINEAR
LINEAR</Name_array>
                    <technique_common>
                        <accessor source="#jnt_neck-Interpolations-array" count="12">
                            <param type="name"/>
                        </accessor>
                    </technique_common>
                </source>
                <sampler id="jnt_neck-Matrix-animation-transform">
                    <input semantic="INPUT" source="#jnt_neck-Matrix-animation-input"/>
                    <input semantic="OUTPUT" source="#jnt_neck-Matrix-animation-output-transform"/>
                    <input semantic="INTERPOLATION" source="#jnt_neck-Interpolations"/>
                </sampler>
                <channel source="#jnt_neck-Matrix-animation-transform" target="jnt_neck/matrix"/>
            </animation>
        </animation>
        <animation id="jnt_head-anim" name="jnt_head">
            <animation>
                <source id="jnt_head-Matrix-animation-input">
                    <float_array id="jnt_head-Matrix-animation-input-array" count="12">

0.000000 0.033333 0.066667 0.100000 0.133333 0.166667 0.200000 0.233333 0.266667 0.300000 0.333333 0.366667</float_array>
                    <technique_common>
                        <accessor source="#jnt_head-Matrix-animation-input-array" count="12">
                            <param name="TIME" type="float"/>
                        </accessor>
                    </technique_common>
                </source>
                <source id="jnt_head-Matrix-animation-output-transform">
                    <float_array id="jnt_head-Matrix-animation-output-transform-array" count="192">

0.997695 -0.066581 0.013130 0.273590 0.066655 0.997762 -0.005263 0.000002 -0.012750 0.006126 0.999900 -0.000000 0.000000 0.000000 0.000000 1.000000
0.997851 -0.063638 0.015573 0.273591 0.063742 0.997947 -0.006292 0.000002 -0.015140 0.007271 0.999859 -0.000000 0.000000 0.000000 0.000000 1.000000
0.998556 -0.049247 0.021469 0.273591 0.049450 0.998736 -0.009021 0.000001 -0.020998 0.010070 0.999729 0.000000 0.000000 0.000000 0.000000 1.000000
0.999481 -0.014899 0.028533 0.273590 0.015279 0.999797 -0.013126 0.000001 -0.028332 0.013555 0.999506 -0.000000 0.000000 0.000000 0.000000 1.000000
0.998262 0.048038 0.034148 0.273591 -0.047429 0.998705 -0.018410 0.000002 -0.034988 0.016758 0.999247 -0.000000 0.000000 0.000000 0.000000 1.000000
0.988454 0.147408 0.035077 0.273591 -0.146620 0.988900 -0.024066 0.000002 -0.038235 0.018645 0.999095 0.000000 0.000000 0.000000 0.000000 1.000000
0.957853 0.285345 0.033099 0.273590 -0.284338 0.958189 -0.032027 0.000002 -0.040854 0.021266 0.998939 0.000000 0.000000 0.000000 0.000000 1.000000
0.905553 0.423159 0.030173 0.273591 -0.421740 0.905651 -0.043962 0.000002 -0.045929 0.027085 0.998577 -0.000000 0.000000 0.000000 0.000000 1.000000
0.850208 0.525841 0.025261 0.273592 -0.523957 0.849874 -0.056432 0.000001 -0.051142 0.034743 0.998087 -0.000000 0.000000 0.000000 0.000000 1.000000
0.814914 0.579207 0.020826 0.273591 -0.577037 0.814176 -0.064388 0.000002 -0.054250 0.040454 0.997708 -0.000000 0.000000 0.000000 0.000000 1.000000
0.801698 0.597430 0.018915 0.273592 -0.595148 0.800774 -0.067528 0.000001 -0.055490 0.042880 0.997538 0.000000 0.000000 0.000000 0.000000 1.000000
0.796831 0.603928 0.018197 0.273591 -0.601600 0.795831 -0.068782 0.000002 -0.056021 0.043860 0.997466 -0.000000 0.000000 0.000000 0.000000 1.000000</float_array>
                    <technique_common>
                        <accessor source="#jnt_head-Matrix-animation-output-transform-array" count="12" stride="16">
                            <param type="float4x4"/>
                        </accessor>
                    </technique_common>
                </source>
                <source id="jnt_head-Interpolations">
                    <Name_array id="jnt_head-Interpolations-array" count="12">
 LINEAR LINEAR LINEAR LINEAR LINEAR LINEAR LINEAR LINEAR LINEAR LINEAR LINEAR
LINEAR</Name_array>
                    <technique_common>
                        <accessor source="#jnt_head-Interpolations-array" count="12">
                            <param type="name"/>
                        </accessor>
                    </technique_common>
                </source>
                <sampler id="jnt_head-Matrix-animation-transform">
                    <input semantic="INPUT" source="#jnt_head-Matrix-animation-input"/>
                    <input semantic="OUTPUT" source="#jnt_head-Matrix-animation-output-transform"/>
