<?xml version="1.0" encoding="utf-8"?>
<COLLADA xmlns="http://www.collada.org/2005/11/COLLADASchema" version="1.4.1">
    <asset>
        <contributor>
            <author></author>
            <authoring_tool>FBX COLLADA exporter</authoring_tool>
            <comments></comments>
        </contributor>
        <created>2022-09-15T16:19:56Z</created>
        <keywords></keywords>
        <modified>2022-09-15T16:19:56Z</modified>
        <revision></revision>
        <subject></subject>
        <title></title>
        <unit meter="0.010000" name="centimeter"></unit>
        <up_axis>Y_UP</up_axis>
    </asset>
    <library_animations>
        <animation id="Character-anim" name="Character">
            <animation>
                <source id="Character-Matrix-animation-input">
                    <float_array id="Character-Matrix-animation-input-array" count="15">

0.000000 0.033333 0.066667 0.100000 0.133333 0.166667 0.200000 0.233333 0.266667 0.300000 0.333333 0.366667 0.400000 0.433333 0.466667</float_array>
                    <technique_common>
                        <accessor source="#Character-Matrix-animation-input-array" count="15">
                            <param name="TIME" type="float"/>
                        </accessor>
                    </technique_common>
                </source>
                <source id="Character-Matrix-animation-output-transform">
                    <float_array id="Character-Matrix-animation-output-transform-array" count="240">

1.000000 0.000000 0.000000 0.000000 0.000000 1.000000 -0.000000 0.000000 0.000000 0.000000 1.000000 0.000000 0.000000 0.000000 0.000000 1.000000
1.000000 0.000000 0.000000 0.000000 0.000000 1.000000 -0.000000 0.000000 0.000000 0.000000 1.000000 0.000000 0.000000 0.000000 0.000000 1.000000
1.000000 0.000000 0.000000 0.000000 0.000000 1.000000 -0.000000 0.000000 0.000000 0.000000 1.000000 0.000000 0.000000 0.000000 0.000000 1.000000
1.000000 0.000000 0.000000 0.000000 0.000000 1.000000 -0.000000 0.000000 0.000000 0.000000 1.000000 0.000000 0.000000 0.000000 0.000000 1.000000
1.000000 0.000000 0.000000 0.000000 0.000000 1.000000 -0.000000 0.000000 0.000000 0.000000 1.000000 0.000000 0.000000 0.000000 0.000000 1.000000
1.000000 0.000000 0.000000 0.000000 0.000000 1.000000 -0.000000 0.000000 0.000000 0.000000 1.000000 0.000000 0.000000 0.000000 0.000000 1.000000
1.000000 0.000000 0.000000 0.000000 0.000000 1.000000 -0.000000 0.000000 0.000000 0.000000 1.000000 0.000000 0.000000 0.000000 0.000000 1.000000
1.000000 0.000000 0.000000 0.000000 0.000000 1.000000 -0.000000 0.000000 0.000000 0.000000 1.000000 0.000000 0.000000 0.000000 0.000000 1.000000
1.000000 0.000000 0.000000 0.000000 0.000000 1.000000 -0.000000 0.000000 0.000000 0.000000 1.000000 0.000000 0.000000 0.000000 0.000000 1.000000
1.000000 0.000000 0.000000 0.000000 0.000000 1.000000 -0.000000 0.000000 0.000000 0.000000 1.000000 0.000000 0.000000 0.000000 0.000000 1.000000
1.000000 0.000000 0.000000 0.000000 0.000000 1.000000 -0.000000 0.000000 0.000000 0.000000 1.000000 0.000000 0.000000 0.000000 0.000000 1.000000
1.000000 0.000000 0.000000 0.000000 0.000000 1.000000 -0.000000 0.000000 0.000000 0.000000 1.000000 0.000000 0.000000 0.000000 0.000000 1.000000
1.000000 0.000000 0.000000 0.000000 0.000000 1.000000 -0.000000 0.000000 0.000000 0.000000 1.000000 0.000000 0.000000 0.000000 0.000000 1.000000
1.000000 0.000000 0.000000 0.000000 0.000000 1.000000 -0.000000 0.000000 0.000000 0.000000 1.000000 0.000000 0.000000 0.000000 0.000000 1.000000
1.000000 0.000000 0.000000 0.000000 0.000000 1.000000 -0.000000 0.000000 0.000000 0.000000 1.000000 0.000000 0.000000 0.000000 0.000000 1.000000</float_array>
                    <technique_common>
                        <accessor source="#Character-Matrix-animation-output-transform-array" count="15" stride="16">
                            <param type="float4x4"/>
                        </accessor>
                    </technique_common>
                </source>
                <source id="Character-Interpolations">
                    <Name_array id="Character-Interpolations-array" count="15">
 LINEAR LINEAR LINEAR LINEAR LINEAR LINEAR LINEAR LINEAR LINEAR LINEAR LINEAR
LINEAR LINEAR LINEAR LINEAR</Name_array>
                    <technique_common>
                        <accessor source="#Character-Interpolations-array" count="15">
                            <param type="name"/>
                        </accessor>
                    </technique_common>
                </source>
                <sampler id="Character-Matrix-animation-transform">
                    <input semantic="INPUT" source="#Character-Matrix-animation-input"/>
                    <input semantic="OUTPUT" source="#Character-Matrix-animation-output-transform"/>
                    <input semantic="INTERPOLATION" source="#Character-Interpolations"/>
                </sampler>
                <channel source="#Character-Matrix-animation-transform" target="Character/matrix"/>
            </animation>
        </animation>
        <animation id="HIK_root_jnt-anim" name="HIK_root_jnt">
            <animation>
                <source id="HIK_root_jnt-Matrix-animation-input">
                    <float_array id="HIK_root_jnt-Matrix-animation-input-array" count="15">

0.000000 0.033333 0.066667 0.100000 0.133333 0.166667 0.200000 0.233333 0.266667 0.300000 0.333333 0.366667 0.400000 0.433333 0.466667</float_array>
                    <technique_common>
                        <accessor source="#HIK_root_jnt-Matrix-animation-input-array" count="15">
                            <param name="TIME" type="float"/>
                        </accessor>
                    </technique_common>
                </source>
                <source id="HIK_root_jnt-Matrix-animation-output-transform">
                    <float_array id="HIK_root_jnt-Matrix-animation-output-transform-array" count="240">

1.000000 0.000000 0.000000 0.000000 0.000000 1.000000 -0.000000 0.000000 0.000000 0.000000 1.000000 0.000000 0.000000 0.000000 0.000000 1.000000
1.000000 0.000000 0.000000 0.000000 0.000000 1.000000 -0.000000 0.000000 0.000000 0.000000 1.000000 0.000000 0.000000 0.000000 0.000000 1.000000
1.000000 0.000000 0.000000 0.000000 0.000000 1.000000 -0.000000 0.000000 0.000000 0.000000 1.000000 0.000000 0.000000 0.000000 0.000000 1.000000
1.000000 0.000000 0.000000 0.000000 0.000000 1.000000 -0.000000 0.000000 0.000000 0.000000 1.000000 0.000000 0.000000 0.000000 0.000000 1.000000
1.000000 0.000000 0.000000 0.000000 0.000000 1.000000 -0.000000 0.000000 0.000000 0.000000 1.000000 0.000000 0.000000 0.000000 0.000000 1.000000
1.000000 0.000000 0.000000 0.000000 0.000000 1.000000 -0.000000 0.000000 0.000000 0.000000 1.000000 0.000000 0.000000 0.000000 0.000000 1.000000
1.000000 0.000000 0.000000 0.000000 0.000000 1.000000 -0.000000 0.000000 0.000000 0.000000 1.000000 0.000000 0.000000 0.000000 0.000000 1.000000
1.000000 0.000000 0.000000 0.000000 0.000000 1.000000 -0.000000 0.000000 0.000000 0.000000 1.000000 0.000000 0.000000 0.000000 0.000000 1.000000
1.000000 0.000000 0.000000 0.000000 0.000000 1.000000 -0.000000 0.000000 0.000000 0.000000 1.000000 0.000000 0.000000 0.000000 0.000000 1.000000
1.000000 0.000000 0.000000 0.000000 0.000000 1.000000 -0.000000 0.000000 0.000000 0.000000 1.000000 0.000000 0.000000 0.000000 0.000000 1.000000
1.000000 0.000000 0.000000 0.000000 0.000000 1.000000 -0.000000 0.000000 0.000000 0.000000 1.000000 0.000000 0.000000 0.000000 0.000000 1.000000
1.000000 0.000000 0.000000 0.000000 0.000000 1.000000 -0.000000 0.000000 0.000000 0.000000 1.000000 0.000000 0.000000 0.000000 0.000000 1.000000
1.000000 0.000000 0.000000 0.000000 0.000000 1.000000 -0.000000 0.000000 0.000000 0.000000 1.000000 0.000000 0.000000 0.000000 0.000000 1.000000
1.000000 0.000000 0.000000 0.000000 0.000000 1.000000 -0.000000 0.000000 0.000000 0.000000 1.000000 0.000000 0.000000 0.000000 0.000000 1.000000
1.000000 0.000000 0.000000 0.000000 0.000000 1.000000 -0.000000 0.000000 0.000000 0.000000 1.000000 0.000000 0.000000 0.000000 0.000000 1.000000</float_array>
                    <technique_common>
                        <accessor source="#HIK_root_jnt-Matrix-animation-output-transform-array" count="15" stride="16">
                            <param type="float4x4"/>
                        </accessor>
                    </technique_common>
                </source>
                <source id="HIK_root_jnt-Interpolations">
                    <Name_array id="HIK_root_jnt-Interpolations-array" count="15">
 LINEAR LINEAR LINEAR LINEAR LINEAR LINEAR LINEAR LINEAR LINEAR LINEAR LINEAR
LINEAR LINEAR LINEAR LINEAR</Name_array>
                    <technique_common>
                        <accessor source="#HIK_root_jnt-Interpolations-array" count="15">
                            <param type="name"/>
                        </accessor>
                    </technique_common>
                </source>
                <sampler id="HIK_root_jnt-Matrix-animation-transform">
                    <input semantic="INPUT" source="#HIK_root_jnt-Matrix-animation-input"/>
                    <input semantic="OUTPUT" source="#HIK_root_jnt-Matrix-animation-output-transform"/>
                    <input semantic="INTERPOLATION" source="#HIK_root_jnt-Interpolations"/>
                </sampler>
                <channel source="#HIK_root_jnt-Matrix-animation-transform" target="HIK_root_jnt/matrix"/>
            </animation>
        </animation>
        <animation id="root_jnt-anim" name="root_jnt">
            <animation>
                <source id="root_jnt-Matrix-animation-input">
                    <float_array id="root_jnt-Matrix-animation-input-array" count="15">

0.000000 0.033333 0.066667 0.100000 0.133333 0.166667 0.200000 0.233333 0.266667 0.300000 0.333333 0.366667 0.400000 0.433333 0.466667</float_array>
                    <technique_common>
                        <accessor source="#root_jnt-Matrix-animation-input-array" count="15">
                            <param name="TIME" type="float"/>
                        </accessor>
                    </technique_common>
                </source>
                <source id="root_jnt-Matrix-animation-output-transform">
                    <float_array id="root_jnt-Matrix-animation-output-transform-array" count="240">

1.000000 0.000000 0.000000 0.000000 0.000000 1.000000 -0.000000 0.000000 0.000000 0.000000 1.000000 0.000000 0.000000 0.000000 0.000000 1.000000
1.000000 0.000000 0.000000 0.000000 0.000000 1.000000 -0.000000 0.000000 0.000000 0.000000 1.000000 0.000000 0.000000 0.000000 0.000000 1.000000
1.000000 0.000000 0.000000 0.000000 0.000000 1.000000 -0.000000 0.000000 0.000000 0.000000 1.000000 0.000000 0.000000 0.000000 0.000000 1.000000
1.000000 0.000000 0.000000 0.000000 0.000000 1.000000 -0.000000 0.000000 0.000000 0.000000 1.000000 0.000000 0.000000 0.000000 0.000000 1.000000
1.000000 0.000000 0.000000 0.000000 0.000000 1.000000 -0.000000 0.000000 0.000000 0.000000 1.000000 0.000000 0.000000 0.000000 0.000000 1.000000
1.000000 0.000000 0.000000 0.000000 0.000000 1.000000 -0.000000 0.000000 0.000000 0.000000 1.000000 0.000000 0.000000 0.000000 0.000000 1.000000
1.000000 0.000000 0.000000 0.000000 0.000000 1.000000 -0.000000 0.000000 0.000000 0.000000 1.000000 0.000000 0.000000 0.000000 0.000000 1.000000
1.000000 0.000000 0.000000 0.000000 0.000000 1.000000 -0.000000 0.000000 0.000000 0.000000 1.000000 0.000000 0.000000 0.000000 0.000000 1.000000
1.000000 0.000000 0.000000 0.000000 0.000000 1.000000 -0.000000 0.000000 0.000000 0.000000 1.000000 0.000000 0.000000 0.000000 0.000000 1.000000
1.000000 0.000000 0.000000 0.000000 0.000000 1.000000 -0.000000 0.000000 0.000000 0.000000 1.000000 0.000000 0.000000 0.000000 0.000000 1.000000
1.000000 0.000000 0.000000 0.000000 0.000000 1.000000 -0.000000 0.000000 0.000000 0.000000 1.000000 0.000000 0.000000 0.000000 0.000000 1.000000
1.000000 0.000000 0.000000 0.000000 0.000000 1.000000 -0.000000 0.000000 0.000000 0.000000 1.000000 0.000000 0.000000 0.000000 0.000000 1.000000
1.000000 0.000000 0.000000 0.000000 0.000000 1.000000 -0.000000 0.000000 0.000000 0.000000 1.000000 0.000000 0.000000 0.000000 0.000000 1.000000
1.000000 0.000000 0.000000 0.000000 0.000000 1.000000 -0.000000 0.000000 0.000000 0.000000 1.000000 0.000000 0.000000 0.000000 0.000000 1.000000
1.000000 0.000000 0.000000 0.000000 0.000000 1.000000 -0.000000 0.000000 0.000000 0.000000 1.000000 0.000000 0.000000 0.000000 0.000000 1.000000</float_array>
                    <technique_common>
                        <accessor source="#root_jnt-Matrix-animation-output-transform-array" count="15" stride="16">
                            <param type="float4x4"/>
                        </accessor>
                    </technique_common>
                </source>
                <source id="root_jnt-Interpolations">
                    <Name_array id="root_jnt-Interpolations-array" count="15">
 LINEAR LINEAR LINEAR LINEAR LINEAR LINEAR LINEAR LINEAR LINEAR LINEAR LINEAR
LINEAR LINEAR LINEAR LINEAR</Name_array>
                    <technique_common>
                        <accessor source="#root_jnt-Interpolations-array" count="15">
                            <param type="name"/>
                        </accessor>
                    </technique_common>
                </source>
                <sampler id="root_jnt-Matrix-animation-transform">
                    <input semantic="INPUT" source="#root_jnt-Matrix-animation-input"/>
                    <input semantic="OUTPUT" source="#root_jnt-Matrix-animation-output-transform"/>
                    <input semantic="INTERPOLATION" source="#root_jnt-Interpolations"/>
                </sampler>
                <channel source="#root_jnt-Matrix-animation-transform" target="root_jnt/matrix"/>
            </animation>
        </animation>
        <animation id="jnt_hips-anim" name="jnt_hips">
            <animation>
                <source id="jnt_hips-Matrix-animation-input">
                    <float_array id="jnt_hips-Matrix-animation-input-array" count="15">

0.000000 0.033333 0.066667 0.100000 0.133333 0.166667 0.200000 0.233333 0.266667 0.300000 0.333333 0.366667 0.400000 0.433333 0.466667</float_array>
                    <technique_common>
                        <accessor source="#jnt_hips-Matrix-animation-input-array" count="15">
                            <param name="TIME" type="float"/>
                        </accessor>
                    </technique_common>
                </source>
                <source id="jnt_hips-Matrix-animation-output-transform">
                    <float_array id="jnt_hips-Matrix-animation-output-transform-array" count="240">

0.536598 0.001585 -0.843837 0.000000 0.001698 0.999994 0.002958 2.061423 0.843836 -0.003020 0.536592 -0.094053 0.000000 0.000000 0.000000 1.000000
0.515150 0.008926 -0.857054 0.000000 0.121851 0.989026 0.083541 2.061423 0.848394 -0.147469 0.508409 -0.094053 0.000000 0.000000 0.000000 1.000000
0.516361 0.010581 -0.856305 0.000000 0.113794 0.990209 0.080854 2.061423 0.848777 -0.139192 0.510102 -0.094053 0.000000 0.000000 0.000000 1.000000
0.519739 0.013287 -0.854222 0.000000 0.093756 0.992953 0.072489 2.061423 0.849165 -0.117764 0.514830 -0.094053 0.000000 0.000000 0.000000 1.000000
0.524551 0.013722 -0.851268 0.000000 0.067622 0.996040 0.057724 2.061423 0.848689 -0.087844 0.521546 -0.094053 0.000000 0.000000 0.000000 1.000000
0.529290 0.011601 -0.848361 0.000000 0.039835 0.998464 0.038507 2.061423 0.847505 -0.054175 0.528015 -0.094053 0.000000 0.000000 0.000000 1.000000
0.533571 0.006757 -0.845728 0.000000 0.016978 0.999681 0.018699 2.061423 0.845585 -0.024336 0.533286 -0.094053 0.000000 0.000000 0.000000 1.000000
0.536222 0.002310 -0.844074 0.000000 0.003581 0.999981 0.005011 2.061423 0.844069 -0.005709 0.536204 -0.094053 0.000000 0.000000 0.000000 1.000000
0.536598 0.001585 -0.843837 0.000000 0.001698 0.999994 0.002958 2.061423 0.843836 -0.003020 0.536592 -0.094053 0.000000 0.000000 0.000000 1.000000
0.536598 0.001585 -0.843837 0.000000 0.001698 0.999994 0.002958 2.061423 0.843836 -0.003020 0.536592 -0.094053 0.000000 0.000000 0.000000 1.000000
0.536598 0.001585 -0.843837 0.000000 0.001698 0.999994 0.002958 2.061423 0.843836 -0.003020 0.536592 -0.094053 0.000000 0.000000 0.000000 1.000000
0.536598 0.001585 -0.843837 0.000000 0.001698 0.999994 0.002958 2.061423 0.843836 -0.003020 0.536592 -0.094053 0.000000 0.000000 0.000000 1.000000
0.536598 0.001585 -0.843837 0.000000 0.001698 0.999994 0.002958 2.061423 0.843836 -0.003020 0.536592 -0.094053 0.000000 0.000000 0.000000 1.000000
0.536598 0.001585 -0.843837 0.000000 0.001698 0.999994 0.002958 2.061423 0.843836 -0.003020 0.536592 -0.094053 0.000000 0.000000 0.000000 1.000000
0.536598 0.001585 -0.843837 0.000000 0.001698 0.999994 0.002958 2.061423 0.843836 -0.003020 0.536592 -0.094053 0.000000 0.000000 0.000000 1.000000</float_array>
                    <technique_common>
                        <accessor source="#jnt_hips-Matrix-animation-output-transform-array" count="15" stride="16">
                            <param type="float4x4"/>
                        </accessor>
                    </technique_common>
                </source>
                <source id="jnt_hips-Interpolations">
                    <Name_array id="jnt_hips-Interpolations-array" count="15">
 LINEAR LINEAR LINEAR LINEAR LINEAR LINEAR LINEAR LINEAR LINEAR LINEAR LINEAR
LINEAR LINEAR LINEAR LINEAR</Name_array>
                    <technique_common>
                        <accessor source="#jnt_hips-Interpolations-array" count="15">
                            <param type="name"/>
                        </accessor>
                    </technique_common>
                </source>
                <sampler id="jnt_hips-Matrix-animation-transform">
                    <input semantic="INPUT" source="#jnt_hips-Matrix-animation-input"/>
                    <input semantic="OUTPUT" source="#jnt_hips-Matrix-animation-output-transform"/>
                    <input semantic="INTERPOLATION" source="#jnt_hips-Interpolations"/>
                </sampler>
                <channel source="#jnt_hips-Matrix-animation-transform" target="jnt_hips/matrix"/>
            </animation>
        </animation>
        <animation id="jnt_height-anim" name="jnt_height">
            <animation>
                <source id="jnt_height-Matrix-animation-input">
                    <float_array id="jnt_height-Matrix-animation-input-array" count="15">

0.000000 0.033333 0.066667 0.100000 0.133333 0.166667 0.200000 0.233333 0.266667 0.300000 0.333333 0.366667 0.400000 0.433333 0.466667</float_array>
                    <technique_common>
                        <accessor source="#jnt_height-Matrix-animation-input-array" count="15">
                            <param name="TIME" type="float"/>
                        </accessor>
                    </technique_common>
                </source>
                <source id="jnt_height-Matrix-animation-output-transform">
                    <float_array id="jnt_height-Matrix-animation-output-transform-array" count="240">

0.999998 -0.001697 -0.000400 0.000000 0.001698 0.999994 0.002958 0.000000 0.000395 -0.002958 0.999995 -0.000000 0.000000 0.000000 0.000000 1.000000
0.992318 -0.119048 -0.033650 -0.000000 0.121484 0.989095 0.083264 0.000000 0.023371 -0.086713 0.995959 0.000000 0.000000 0.000000 0.000000 1.000000
0.993295 -0.111276 -0.031359 -0.000000 0.113483 0.990260 0.080662 0.000000 0.022078 -0.083680 0.996248 -0.000000 0.000000 0.000000 0.000000 1.000000
0.995440 -0.091930 -0.025475 0.000000 0.093555 0.992978 0.072406 0.000000 0.018640 -0.074459 0.997050 0.000000 0.000000 0.000000 0.000000 1.000000
0.997623 -0.066543 -0.017875 -0.000000 0.067472 0.996052 0.057685 0.000000 0.013965 -0.058754 0.998175 -0.000000 0.000000 0.000000 0.000000 1.000000
0.999170 -0.039413 -0.010289 -0.000000 0.039782 0.998466 0.038506 -0.000000 0.008755 -0.038883 0.999205 -0.000000 0.000000 0.000000 0.000000 1.000000
0.999848 -0.016896 -0.004226 -0.000000 0.016972 0.999681 0.018700 0.000000 0.003909 -0.018769 0.999816 0.000000 0.000000 0.000000 0.000000 1.000000
0.999993 -0.003576 -0.000856 0.000000 0.003580 0.999981 0.005011 0.000000 0.000838 -0.005014 0.999987 0.000000 0.000000 0.000000 0.000000 1.000000
0.999998 -0.001697 -0.000400 0.000000 0.001698 0.999994 0.002958 0.000000 0.000395 -0.002958 0.999995 -0.000000 0.000000 0.000000 0.000000 1.000000
0.999998 -0.001697 -0.000400 0.000000 0.001698 0.999994 0.002958 0.000000 0.000395 -0.002958 0.999995 -0.000000 0.000000 0.000000 0.000000 1.000000
0.999998 -0.001697 -0.000400 0.000000 0.001698 0.999994 0.002958 0.000000 0.000395 -0.002958 0.999995 -0.000000 0.000000 0.000000 0.000000 1.000000
0.999998 -0.001697 -0.000400 0.000000 0.001698 0.999994 0.002958 0.000000 0.000395 -0.002958 0.999995 -0.000000 0.000000 0.000000 0.000000 1.000000
0.999998 -0.001697 -0.000400 0.000000 0.001698 0.999994 0.002958 0.000000 0.000395 -0.002958 0.999995 -0.000000 0.000000 0.000000 0.000000 1.000000
0.999998 -0.001697 -0.000400 0.000000 0.001698 0.999994 0.002958 0.000000 0.000395 -0.002958 0.999995 -0.000000 0.000000 0.000000 0.000000 1.000000
0.999998 -0.001697 -0.000400 0.000000 0.001698 0.999994 0.002958 0.000000 0.000395 -0.002958 0.999995 -0.000000 0.000000 0.000000 0.000000 1.000000</float_array>
                    <technique_common>
                        <accessor source="#jnt_height-Matrix-animation-output-transform-array" count="15" stride="16">
                            <param type="float4x4"/>
                        </accessor>
                    </technique_common>
                </source>
                <source id="jnt_height-Interpolations">
                    <Name_array id="jnt_height-Interpolations-array" count="15">
 LINEAR LINEAR LINEAR LINEAR LINEAR LINEAR LINEAR LINEAR LINEAR LINEAR LINEAR
LINEAR LINEAR LINEAR LINEAR</Name_array>
                    <technique_common>
                        <accessor source="#jnt_height-Interpolations-array" count="15">
                            <param type="name"/>
                        </accessor>
                    </technique_common>
                </source>
                <sampler id="jnt_height-Matrix-animation-transform">
                    <input semantic="INPUT" source="#jnt_height-Matrix-animation-input"/>
                    <input semantic="OUTPUT" source="#jnt_height-Matrix-animation-output-transform"/>
                    <input semantic="INTERPOLATION" source="#jnt_height-Interpolations"/>
                </sampler>
                <channel source="#jnt_height-Matrix-animation-transform" target="jnt_height/matrix"/>
            </animation>
        </animation>
        <animation id="jnt_spine1-anim" name="jnt_spine1">
            <animation>
                <source id="jnt_spine1-Matrix-animation-input">
                    <float_array id="jnt_spine1-Matrix-animation-input-array" count="15">

0.000000 0.033333 0.066667 0.100000 0.133333 0.166667 0.200000 0.233333 0.266667 0.300000 0.333333 0.366667 0.400000 0.433333 0.466667</float_array>
                    <technique_common>
                        <accessor source="#jnt_spine1-Matrix-animation-input-array" count="15">
                            <param name="TIME" type="float"/>
                        </accessor>
                    </technique_common>
                </source>
                <source id="jnt_spine1-Matrix-animation-output-transform">
                    <float_array id="jnt_spine1-Matrix-animation-output-transform-array" count="240">

-0.001251 -0.000332 1.000000 -0.000000 0.999900 -0.014064 0.001246 0.212132 0.014063 0.999901 0.000350 0.023482 0.000000 0.000000 0.000000 1.000000
-0.092621 -0.028342 0.995298 0.000000 0.994628 0.043770 0.093805 0.212132 -0.046223 0.998640 0.024136 0.023482 0.000000 0.000000 0.000000 1.000000
-0.087532 -0.026369 0.995813 -0.000000 0.995245 0.040551 0.088556 0.212132 -0.042716 0.998830 0.022694 0.023482 0.000000 0.000000 0.000000 1.000000
-0.073550 -0.021353 0.997063 -0.000000 0.996738 0.031737 0.074206 0.212132 -0.033228 0.999268 0.018949 0.023482 0.000000 0.000000 0.000000 1.000000
-0.053258 -0.015057 0.998467 -0.000000 0.998381 0.019225 0.053544 0.212132 -0.020002 0.999702 0.014008 0.023482 0.000000 0.000000 0.000000 1.000000
-0.032133 -0.008727 0.999446 -0.000000 0.999466 0.005717 0.032184 0.212132 -0.005995 0.999946 0.008538 0.023482 0.000000 0.000000 0.000000 1.000000
-0.013825 -0.003610 0.999898 -0.000000 0.999887 -0.005934 0.013803 0.212132 0.005884 0.999976 0.003692 0.023482 0.000000 0.000000 0.000000 1.000000
-0.002800 -0.000725 0.999996 0.000000 0.999911 -0.013047 0.002791 0.212132 0.013045 0.999915 0.000761 0.023482 0.000000 0.000000 0.000000 1.000000
-0.001251 -0.000332 1.000000 -0.000000 0.999900 -0.014064 0.001246 0.212132 0.014063 0.999901 0.000350 0.023482 0.000000 0.000000 0.000000 1.000000
-0.001251 -0.000332 1.000000 -0.000000 0.999900 -0.014064 0.001246 0.212132 0.014063 0.999901 0.000350 0.023482 0.000000 0.000000 0.000000 1.000000
-0.001251 -0.000332 1.000000 -0.000000 0.999900 -0.014064 0.001246 0.212132 0.014063 0.999901 0.000350 0.023482 0.000000 0.000000 0.000000 1.000000
-0.001251 -0.000332 1.000000 -0.000000 0.999900 -0.014064 0.001246 0.212132 0.014063 0.999901 0.000350 0.023482 0.000000 0.000000 0.000000 1.000000
-0.001251 -0.000332 1.000000 -0.000000 0.999900 -0.014064 0.001246 0.212132 0.014063 0.999901 0.000350 0.023482 0.000000 0.000000 0.000000 1.000000
-0.001251 -0.000332 1.000000 -0.000000 0.999900 -0.014064 0.001246 0.212132 0.014063 0.999901 0.000350 0.023482 0.000000 0.000000 0.000000 1.000000
-0.001251 -0.000332 1.000000 -0.000000 0.999900 -0.014064 0.001246 0.212132 0.014063 0.999901 0.000350 0.023482 0.000000 0.000000 0.000000 1.000000</float_array>
                    <technique_common>
                        <accessor source="#jnt_spine1-Matrix-animation-output-transform-array" count="15" stride="16">
                            <param type="float4x4"/>
                        </accessor>
                    </technique_common>
                </source>
                <source id="jnt_spine1-Interpolations">
                    <Name_array id="jnt_spine1-Interpolations-array" count="15">
 LINEAR LINEAR LINEAR LINEAR LINEAR LINEAR LINEAR LINEAR LINEAR LINEAR LINEAR
LINEAR LINEAR LINEAR LINEAR</Name_array>
                    <technique_common>
                        <accessor source="#jnt_spine1-Interpolations-array" count="15">
                            <param type="name"/>
                        </accessor>
                    </technique_common>
                </source>
                <sampler id="jnt_spine1-Matrix-animation-transform">
                    <input semantic="INPUT" source="#jnt_spine1-Matrix-animation-input"/>
                    <input semantic="OUTPUT" source="#jnt_spine1-Matrix-animation-output-transform"/>
                    <input semantic="INTERPOLATION" source="#jnt_spine1-Interpolations"/>
                </sampler>
                <channel source="#jnt_spine1-Matrix-animation-transform" target="jnt_spine1/matrix"/>
            </animation>
        </animation>
        <animation id="jnt_spine2-anim" name="jnt_spine2">
            <animation>
                <source id="jnt_spine2-Matrix-animation-input">
                    <float_array id="jnt_spine2-Matrix-animation-input-array" count="15">

0.000000 0.033333 0.066667 0.100000 0.133333 0.166667 0.200000 0.233333 0.266667 0.300000 0.333333 0.366667 0.400000 0.433333 0.466667</float_array>
                    <technique_common>
                        <accessor source="#jnt_spine2-Matrix-animation-input-array" count="15">
                            <param name="TIME" type="float"/>
                        </accessor>
                    </technique_common>
                </source>
                <source id="jnt_spine2-Matrix-animation-output-transform">
                    <float_array id="jnt_spine2-Matrix-animation-output-transform-array" count="240">

0.999501 0.031599 0.000326 0.426848 -0.031599 0.999500 0.000336 0.000003 -0.000316 -0.000346 1.000000 0.000000 0.000000 0.000000 0.000000 1.000000
0.998156 0.035918 0.048940 0.426848 -0.037161 0.999003 0.024735 0.000003 -0.048003 -0.026508 0.998495 0.000000 0.000000 0.000000 0.000000 1.000000
0.998514 0.028095 0.046706 0.426848 -0.029216 0.999297 0.023488 0.000003 -0.046013 -0.024818 0.998632 -0.000000 0.000000 0.000000 0.000000 1.000000
0.999132 0.012772 0.039654 0.426848 -0.013568 0.999710 0.019872 0.000003 -0.039389 -0.020393 0.999016 0.000000 0.000000 0.000000 0.000000 1.000000
0.999595 0.003233 0.028282 0.426848 -0.003644 0.999888 0.014500 0.000003 -0.028231 -0.014597 0.999495 -0.000000 0.000000 0.000000 0.000000 1.000000
0.999842 0.004560 0.017203 0.426848 -0.004711 0.999951 0.008726 0.000003 -0.017163 -0.008805 0.999814 -0.000000 0.000000 0.000000 0.000000 1.000000
0.999832 0.016876 0.007254 0.426848 -0.016903 0.999850 0.003679 0.000003 -0.007190 -0.003801 0.999967 0.000000 0.000000 0.000000 0.000000 1.000000
0.999564 0.029498 0.001175 0.426848 -0.029499 0.999564 0.000738 0.000003 -0.001153 -0.000773 0.999999 0.000000 0.000000 0.000000 0.000000 1.000000
0.999501 0.031599 0.000326 0.426848 -0.031599 0.999500 0.000336 0.000003 -0.000316 -0.000346 1.000000 0.000000 0.000000 0.000000 0.000000 1.000000
0.999501 0.031599 0.000326 0.426848 -0.031599 0.999500 0.000336 0.000003 -0.000316 -0.000346 1.000000 0.000000 0.000000 0.000000 0.000000 1.000000
0.999501 0.031599 0.000326 0.426848 -0.031599 0.999500 0.000336 0.000003 -0.000316 -0.000346 1.000000 0.000000 0.000000 0.000000 0.000000 1.000000
0.999501 0.031599 0.000326 0.426848 -0.031599 0.999500 0.000336 0.000003 -0.000316 -0.000346 1.000000 0.000000 0.000000 0.000000 0.000000 1.000000
0.999501 0.031599 0.000326 0.426848 -0.031599 0.999500 0.000336 0.000003 -0.000316 -0.000346 1.000000 0.000000 0.000000 0.000000 0.000000 1.000000
0.999501 0.031599 0.000326 0.426848 -0.031599 0.999500 0.000336 0.000003 -0.000316 -0.000346 1.000000 0.000000 0.000000 0.000000 0.000000 1.000000
0.999501 0.031599 0.000326 0.426848 -0.031599 0.999500 0.000336 0.000003 -0.000316 -0.000346 1.000000 0.000000 0.000000 0.000000 0.000000 1.000000</float_array>
                    <technique_common>
                        <accessor source="#jnt_spine2-Matrix-animation-output-transform-array" count="15" stride="16">
                            <param type="float4x4"/>
                        </accessor>
                    </technique_common>
                </source>
                <source id="jnt_spine2-Interpolations">
                    <Name_array id="jnt_spine2-Interpolations-array" count="15">
 LINEAR LINEAR LINEAR LINEAR LINEAR LINEAR LINEAR LINEAR LINEAR LINEAR LINEAR
LINEAR LINEAR LINEAR LINEAR</Name_array>
                    <technique_common>
                        <accessor source="#jnt_spine2-Interpolations-array" count="15">
                            <param type="name"/>
                        </accessor>
                    </technique_common>
                </source>
                <sampler id="jnt_spine2-Matrix-animation-transform">
                    <input semantic="INPUT" source="#jnt_spine2-Matrix-animation-input"/>
                    <input semantic="OUTPUT" source="#jnt_spine2-Matrix-animation-output-transform"/>
                    <input semantic="INTERPOLATION" source="#jnt_spine2-Interpolations"/>
                </sampler>
                <channel source="#jnt_spine2-Matrix-animation-transform" target="jnt_spine2/matrix"/>
            </animation>
        </animation>
        <animation id="jnt_spine3-anim" name="jnt_spine3">
            <animation>
                <source id="jnt_spine3-Matrix-animation-input">
                    <float_array id="jnt_spine3-Matrix-animation-input-array" count="15">

0.000000 0.033333 0.066667 0.100000 0.133333 0.166667 0.200000 0.233333 0.266667 0.300000 0.333333 0.366667 0.400000 0.433333 0.466667</float_array>
                    <technique_common>
                        <accessor source="#jnt_spine3-Matrix-animation-input-array" count="15">
                            <param name="TIME" type="float"/>
                        </accessor>
                    </technique_common>
                </source>
                <source id="jnt_spine3-Matrix-animation-output-transform">
                    <float_array id="jnt_spine3-Matrix-animation-output-transform-array" count="240">

0.987435 0.080253 -0.136134 0.555067 -0.082294 0.996563 -0.009424 0.000000 0.134910 0.020509 0.990646 -0.000000 0.000000 0.000000 0.000000 1.000000
0.990605 0.000103 -0.136758 0.555067 0.000539 0.999989 0.004658 0.000000 0.136757 -0.004688 0.990594 -0.000000 0.000000 0.000000 0.000000 1.000000
0.990514 -0.014390 -0.136656 0.555067 0.014722 0.999890 0.001423 0.000000 0.136621 -0.003421 0.990617 0.000000 0.000000 0.000000 0.000000 1.000000
0.989880 -0.039024 -0.136440 0.555067 0.038612 0.999238 -0.005662 0.000000 0.136557 0.000336 0.990632 -0.000000 0.000000 0.000000 0.000000 1.000000
0.989615 -0.045264 -0.136432 0.555067 0.044017 0.998957 -0.012149 0.000000 0.136840 0.006018 0.990575 -0.000000 0.000000 0.000000 0.000000 1.000000
0.990505 -0.018128 -0.136279 0.555067 0.016346 0.999766 -0.014185 0.000000 0.136504 0.011823 0.990569 0.000000 0.000000 0.000000 0.000000 1.000000
0.990175 0.031414 -0.136259 0.555068 -0.033434 0.999362 -0.012556 0.000000 0.135777 0.016988 0.990594 -0.000000 0.000000 0.000000 0.000000 1.000000
0.987956 0.073505 -0.136164 0.555067 -0.075551 0.997093 -0.009913 0.000000 0.135039 0.020081 0.990637 -0.000000 0.000000 0.000000 0.000000 1.000000
0.987435 0.080253 -0.136134 0.555067 -0.082294 0.996563 -0.009424 0.000000 0.134910 0.020509 0.990646 -0.000000 0.000000 0.000000 0.000000 1.000000
0.987435 0.080253 -0.136134 0.555067 -0.082294 0.996563 -0.009424 0.000000 0.134910 0.020509 0.990646 -0.000000 0.000000 0.000000 0.000000 1.000000
0.987435 0.080253 -0.136134 0.555067 -0.082294 0.996563 -0.009424 0.000000 0.134910 0.020509 0.990646 -0.000000 0.000000 0.000000 0.000000 1.000000
0.987435 0.080253 -0.136134 0.555067 -0.082294 0.996563 -0.009424 0.000000 0.134910 0.020509 0.990646 -0.000000 0.000000 0.000000 0.000000 1.000000
0.987435 0.080253 -0.136134 0.555067 -0.082294 0.996563 -0.009424 0.000000 0.134910 0.020509 0.990646 -0.000000 0.000000 0.000000 0.000000 1.000000
0.987435 0.080253 -0.136134 0.555067 -0.082294 0.996563 -0.009424 0.000000 0.134910 0.020509 0.990646 -0.000000 0.000000 0.000000 0.000000 1.000000
0.987435 0.080253 -0.136134 0.555067 -0.082294 0.996563 -0.009424 0.000000 0.134910 0.020509 0.990646 -0.000000 0.000000 0.000000 0.000000 1.000000</float_array>
                    <technique_common>
                        <accessor source="#jnt_spine3-Matrix-animation-output-transform-array" count="15" stride="16">
                            <param type="float4x4"/>
                        </accessor>
                    </technique_common>
                </source>
                <source id="jnt_spine3-Interpolations">
                    <Name_array id="jnt_spine3-Interpolations-array" count="15">
 LINEAR LINEAR LINEAR LINEAR LINEAR LINEAR LINEAR LINEAR LINEAR LINEAR LINEAR
LINEAR LINEAR LINEAR LINEAR</Name_array>
                    <technique_common>
                        <accessor source="#jnt_spine3-Interpolations-array" count="15">
                            <param type="name"/>
                        </accessor>
                    </technique_common>
                </source>
                <sampler id="jnt_spine3-Matrix-animation-transform">
                    <input semantic="INPUT" source="#jnt_spine3-Matrix-animation-input"/>
                    <input semantic="OUTPUT" source="#jnt_spine3-Matrix-animation-output-transform"/>
                    <input semantic="INTERPOLATION" source="#jnt_spine3-Interpolations"/>
                </sampler>
                <channel source="#jnt_spine3-Matrix-animation-transform" target="jnt_spine3/matrix"/>
            </animation>
        </animation>
        <animation id="jnt_neck-anim" name="jnt_neck">
            <animation>
                <source id="jnt_neck-Matrix-animation-input">
                    <float_array id="jnt_neck-Matrix-animation-input-array" count="15">

0.000000 0.033333 0.066667 0.100000 0.133333 0.166667 0.200000 0.233333 0.266667 0.300000 0.333333 0.366667 0.400000 0.433333 0.466667</float_array>
                    <technique_common>
                        <accessor source="#jnt_neck-Matrix-animation-input-array" count="15">
                            <param name="TIME" type="float"/>
                        </accessor>
                    </technique_common>
                </source>
                <source id="jnt_neck-Matrix-animation-output-transform">
                    <float_array id="jnt_neck-Matrix-animation-output-transform-array" count="240">

0.976501 0.157916 0.146654 0.867450 0.033383 0.561444 -0.826841 0.171572 -0.212910 0.812307 0.542980 -0.000000 0.000000 0.000000 0.000000 1.000000
0.726650 -0.686921 0.010893 0.867450 0.319145 0.323478 -0.890790 0.171572 0.608380 0.650770 0.454283 0.000000 0.000000 0.000000 0.000000 1.000000
0.768626 -0.639475 -0.016947 0.867450 0.287150 0.368574 -0.884137 0.171572 0.571630 0.674704 0.466920 -0.000000 0.000000 0.000000 0.000000 1.000000
0.862173 -0.503082 -0.059717 0.867450 0.205372 0.454827 -0.866576 0.171573 0.463119 0.734875 0.495458 0.000000 0.000000 0.000000 0.000000 1.000000
0.951554 -0.300998 -0.062813 0.867450 0.107742 0.517725 -0.848735 0.171573 0.287988 0.800850 0.525073 -0.000000 0.000000 0.000000 0.000000 1.000000
0.995728 -0.091609 -0.011507 0.867450 0.040202 0.542381 -0.839170 0.171573 0.083117 0.835123 0.543747 0.000000 0.000000 0.000000 0.000000 1.000000
0.995203 0.067005 0.071277 0.867450 0.022527 0.552055 -0.833502 0.171573 -0.095198 0.831111 0.547898 0.000000 0.000000 0.000000 0.000000 1.000000
0.979571 0.147629 0.136554 0.867450 0.031019 0.559987 -0.827920 0.171573 -0.198694 0.815242 0.543967 -0.000000 0.000000 0.000000 0.000000 1.000000
0.976501 0.157916 0.146654 0.867450 0.033383 0.561444 -0.826841 0.171572 -0.212910 0.812307 0.542980 -0.000000 0.000000 0.000000 0.000000 1.000000
0.976501 0.157916 0.146654 0.867450 0.033383 0.561444 -0.826841 0.171572 -0.212910 0.812307 0.542980 -0.000000 0.000000 0.000000 0.000000 1.000000
0.976501 0.157916 0.146654 0.867450 0.033383 0.561444 -0.826841 0.171572 -0.212910 0.812307 0.542980 -0.000000 0.000000 0.000000 0.000000 1.000000
0.976501 0.157916 0.146654 0.867450 0.033383 0.561444 -0.826841 0.171572 -0.212910 0.812307 0.542980 -0.000000 0.000000 0.000000 0.000000 1.000000
0.976501 0.157916 0.146654 0.867450 0.033383 0.561444 -0.826841 0.171572 -0.212910 0.812307 0.542980 -0.000000 0.000000 0.000000 0.000000 1.000000
0.976501 0.157916 0.146654 0.867450 0.033383 0.561444 -0.826841 0.171572 -0.212910 0.812307 0.542980 -0.000000 0.000000 0.000000 0.000000 1.000000
0.976501 0.157916 0.146654 0.867450 0.033383 0.561444 -0.826841 0.171572 -0.212910 0.812307 0.542980 -0.000000 0.000000 0.000000 0.000000 1.000000</float_array>
                    <technique_common>
                        <accessor source="#jnt_neck-Matrix-animation-output-transform-array" count="15" stride="16">
                            <param type="float4x4"/>
                        </accessor>
                    </technique_common>
                </source>
                <source id="jnt_neck-Interpolations">
                    <Name_array id="jnt_neck-Interpolations-array" count="15">
 LINEAR LINEAR LINEAR LINEAR LINEAR LINEAR LINEAR LINEAR LINEAR LINEAR LINEAR
LINEAR LINEAR LINEAR LINEAR</Name_array>
                    <technique_common>
                        <accessor source="#jnt_neck-Interpolations-array" count="15">
                            <param type="name"/>
