<?xml version="1.0" encoding="utf-8"?>
<COLLADA xmlns="http://www.collada.org/2005/11/COLLADASchema" version="1.4.1">
    <asset>
        <contributor>
            <author></author>
            <authoring_tool>FBX COLLADA exporter</authoring_tool>
            <comments></comments>
        </contributor>
        <created>2022-09-29T19:52:27Z</created>
        <keywords></keywords>
        <modified>2022-09-29T19:52:27Z</modified>
        <revision></revision>
        <subject></subject>
        <title></title>
        <unit meter="0.010000" name="centimeter"></unit>
        <up_axis>Y_UP</up_axis>
    </asset>
    <library_animations>
        <animation id="Character-anim" name="Character">
            <animation>
                <source id="Character-Matrix-animation-input">
                    <float_array id="Character-Matrix-animation-input-array" count="10">

0.000000 0.033333 0.066667 0.100000 0.133333 0.166667 0.200000 0.233333 0.266667 0.300000</float_array>
                    <technique_common>
                        <accessor source="#Character-Matrix-animation-input-array" count="10">
                            <param name="TIME" type="float"/>
                        </accessor>
                    </technique_common>
                </source>
                <source id="Character-Matrix-animation-output-transform">
                    <float_array id="Character-Matrix-animation-output-transform-array" count="160">

1.000000 0.000000 0.000000 0.000000 0.000000 1.000000 -0.000000 0.000000 0.000000 0.000000 1.000000 0.000000 0.000000 0.000000 0.000000 1.000000
1.000000 0.000000 0.000000 0.000000 0.000000 1.000000 -0.000000 0.000000 0.000000 0.000000 1.000000 0.000000 0.000000 0.000000 0.000000 1.000000
1.000000 0.000000 0.000000 0.000000 0.000000 1.000000 -0.000000 0.000000 0.000000 0.000000 1.000000 0.000000 0.000000 0.000000 0.000000 1.000000
1.000000 0.000000 0.000000 0.000000 0.000000 1.000000 -0.000000 0.000000 0.000000 0.000000 1.000000 0.000000 0.000000 0.000000 0.000000 1.000000
1.000000 0.000000 0.000000 0.000000 0.000000 1.000000 -0.000000 0.000000 0.000000 0.000000 1.000000 0.000000 0.000000 0.000000 0.000000 1.000000
1.000000 0.000000 0.000000 0.000000 0.000000 1.000000 -0.000000 0.000000 0.000000 0.000000 1.000000 0.000000 0.000000 0.000000 0.000000 1.000000
1.000000 0.000000 0.000000 0.000000 0.000000 1.000000 -0.000000 0.000000 0.000000 0.000000 1.000000 0.000000 0.000000 0.000000 0.000000 1.000000
1.000000 0.000000 0.000000 0.000000 0.000000 1.000000 -0.000000 0.000000 0.000000 0.000000 1.000000 0.000000 0.000000 0.000000 0.000000 1.000000
1.000000 0.000000 0.000000 0.000000 0.000000 1.000000 -0.000000 0.000000 0.000000 0.000000 1.000000 0.000000 0.000000 0.000000 0.000000 1.000000
1.000000 0.000000 0.000000 0.000000 0.000000 1.000000 -0.000000 0.000000 0.000000 0.000000 1.000000 0.000000 0.000000 0.000000 0.000000 1.000000</float_array>
                    <technique_common>
                        <accessor source="#Character-Matrix-animation-output-transform-array" count="10" stride="16">
                            <param type="float4x4"/>
                        </accessor>
                    </technique_common>
                </source>
                <source id="Character-Interpolations">
                    <Name_array id="Character-Interpolations-array" count="10">
 LINEAR LINEAR LINEAR LINEAR LINEAR LINEAR LINEAR LINEAR LINEAR LINEAR</Name_array>
                    <technique_common>
                        <accessor source="#Character-Interpolations-array" count="10">
                            <param type="name"/>
                        </accessor>
                    </technique_common>
                </source>
                <sampler id="Character-Matrix-animation-transform">
                    <input semantic="INPUT" source="#Character-Matrix-animation-input"/>
                    <input semantic="OUTPUT" source="#Character-Matrix-animation-output-transform"/>
                    <input semantic="INTERPOLATION" source="#Character-Interpolations"/>
                </sampler>
                <channel source="#Character-Matrix-animation-transform" target="Character/matrix"/>
            </animation>
        </animation>
        <animation id="HIK_root_jnt-anim" name="HIK_root_jnt">
            <animation>
                <source id="HIK_root_jnt-Matrix-animation-input">
                    <float_array id="HIK_root_jnt-Matrix-animation-input-array" count="10">

0.000000 0.033333 0.066667 0.100000 0.133333 0.166667 0.200000 0.233333 0.266667 0.300000</float_array>
                    <technique_common>
                        <accessor source="#HIK_root_jnt-Matrix-animation-input-array" count="10">
                            <param name="TIME" type="float"/>
                        </accessor>
                    </technique_common>
                </source>
                <source id="HIK_root_jnt-Matrix-animation-output-transform">
                    <float_array id="HIK_root_jnt-Matrix-animation-output-transform-array" count="160">

1.000000 0.000000 0.000000 0.000000 0.000000 1.000000 -0.000000 0.000000 0.000000 0.000000 1.000000 0.000000 0.000000 0.000000 0.000000 1.000000
1.000000 0.000000 0.000000 0.000000 0.000000 1.000000 -0.000000 0.000000 0.000000 0.000000 1.000000 0.000000 0.000000 0.000000 0.000000 1.000000
1.000000 0.000000 0.000000 0.000000 0.000000 1.000000 -0.000000 0.000000 0.000000 0.000000 1.000000 0.000000 0.000000 0.000000 0.000000 1.000000
1.000000 0.000000 0.000000 0.000000 0.000000 1.000000 -0.000000 0.000000 0.000000 0.000000 1.000000 0.000000 0.000000 0.000000 0.000000 1.000000
1.000000 0.000000 0.000000 0.000000 0.000000 1.000000 -0.000000 0.000000 0.000000 0.000000 1.000000 0.000000 0.000000 0.000000 0.000000 1.000000
1.000000 0.000000 0.000000 0.000000 0.000000 1.000000 -0.000000 0.000000 0.000000 0.000000 1.000000 0.000000 0.000000 0.000000 0.000000 1.000000
1.000000 0.000000 0.000000 0.000000 0.000000 1.000000 -0.000000 0.000000 0.000000 0.000000 1.000000 0.000000 0.000000 0.000000 0.000000 1.000000
1.000000 0.000000 0.000000 0.000000 0.000000 1.000000 -0.000000 0.000000 0.000000 0.000000 1.000000 0.000000 0.000000 0.000000 0.000000 1.000000
1.000000 0.000000 0.000000 0.000000 0.000000 1.000000 -0.000000 0.000000 0.000000 0.000000 1.000000 0.000000 0.000000 0.000000 0.000000 1.000000
1.000000 0.000000 0.000000 0.000000 0.000000 1.000000 -0.000000 0.000000 0.000000 0.000000 1.000000 0.000000 0.000000 0.000000 0.000000 1.000000</float_array>
                    <technique_common>
                        <accessor source="#HIK_root_jnt-Matrix-animation-output-transform-array" count="10" stride="16">
                            <param type="float4x4"/>
                        </accessor>
                    </technique_common>
                </source>
                <source id="HIK_root_jnt-Interpolations">
                    <Name_array id="HIK_root_jnt-Interpolations-array" count="10">
 LINEAR LINEAR LINEAR LINEAR LINEAR LINEAR LINEAR LINEAR LINEAR LINEAR</Name_array>
                    <technique_common>
                        <accessor source="#HIK_root_jnt-Interpolations-array" count="10">
                            <param type="name"/>
                        </accessor>
                    </technique_common>
                </source>
                <sampler id="HIK_root_jnt-Matrix-animation-transform">
                    <input semantic="INPUT" source="#HIK_root_jnt-Matrix-animation-input"/>
                    <input semantic="OUTPUT" source="#HIK_root_jnt-Matrix-animation-output-transform"/>
                    <input semantic="INTERPOLATION" source="#HIK_root_jnt-Interpolations"/>
                </sampler>
                <channel source="#HIK_root_jnt-Matrix-animation-transform" target="HIK_root_jnt/matrix"/>
            </animation>
        </animation>
        <animation id="root_jnt-anim" name="root_jnt">
            <animation>
                <source id="root_jnt-Matrix-animation-input">
                    <float_array id="root_jnt-Matrix-animation-input-array" count="10">

0.000000 0.033333 0.066667 0.100000 0.133333 0.166667 0.200000 0.233333 0.266667 0.300000</float_array>
                    <technique_common>
                        <accessor source="#root_jnt-Matrix-animation-input-array" count="10">
                            <param name="TIME" type="float"/>
                        </accessor>
                    </technique_common>
                </source>
                <source id="root_jnt-Matrix-animation-output-transform">
                    <float_array id="root_jnt-Matrix-animation-output-transform-array" count="160">

1.000000 0.000000 0.000000 0.000000 0.000000 1.000000 -0.000000 0.000000 0.000000 0.000000 1.000000 0.000000 0.000000 0.000000 0.000000 1.000000
1.000000 0.000000 0.000000 0.000000 0.000000 1.000000 -0.000000 0.000000 0.000000 0.000000 1.000000 0.000000 0.000000 0.000000 0.000000 1.000000
1.000000 0.000000 0.000000 0.000000 0.000000 1.000000 -0.000000 0.000000 0.000000 0.000000 1.000000 0.000000 0.000000 0.000000 0.000000 1.000000
1.000000 0.000000 0.000000 0.000000 0.000000 1.000000 -0.000000 0.000000 0.000000 0.000000 1.000000 0.000000 0.000000 0.000000 0.000000 1.000000
1.000000 0.000000 0.000000 0.000000 0.000000 1.000000 -0.000000 0.000000 0.000000 0.000000 1.000000 0.000000 0.000000 0.000000 0.000000 1.000000
1.000000 0.000000 0.000000 0.000000 0.000000 1.000000 -0.000000 0.000000 0.000000 0.000000 1.000000 0.000000 0.000000 0.000000 0.000000 1.000000
1.000000 0.000000 0.000000 0.000000 0.000000 1.000000 -0.000000 0.000000 0.000000 0.000000 1.000000 0.000000 0.000000 0.000000 0.000000 1.000000
1.000000 0.000000 0.000000 0.000000 0.000000 1.000000 -0.000000 0.000000 0.000000 0.000000 1.000000 0.000000 0.000000 0.000000 0.000000 1.000000
1.000000 0.000000 0.000000 0.000000 0.000000 1.000000 -0.000000 0.000000 0.000000 0.000000 1.000000 0.000000 0.000000 0.000000 0.000000 1.000000
1.000000 0.000000 0.000000 0.000000 0.000000 1.000000 -0.000000 0.000000 0.000000 0.000000 1.000000 0.000000 0.000000 0.000000 0.000000 1.000000</float_array>
                    <technique_common>
                        <accessor source="#root_jnt-Matrix-animation-output-transform-array" count="10" stride="16">
                            <param type="float4x4"/>
                        </accessor>
                    </technique_common>
                </source>
                <source id="root_jnt-Interpolations">
                    <Name_array id="root_jnt-Interpolations-array" count="10">
 LINEAR LINEAR LINEAR LINEAR LINEAR LINEAR LINEAR LINEAR LINEAR LINEAR</Name_array>
                    <technique_common>
                        <accessor source="#root_jnt-Interpolations-array" count="10">
                            <param type="name"/>
                        </accessor>
                    </technique_common>
                </source>
                <sampler id="root_jnt-Matrix-animation-transform">
                    <input semantic="INPUT" source="#root_jnt-Matrix-animation-input"/>
                    <input semantic="OUTPUT" source="#root_jnt-Matrix-animation-output-transform"/>
                    <input semantic="INTERPOLATION" source="#root_jnt-Interpolations"/>
                </sampler>
                <channel source="#root_jnt-Matrix-animation-transform" target="root_jnt/matrix"/>
            </animation>
        </animation>
        <animation id="jnt_hips-anim" name="jnt_hips">
            <animation>
                <source id="jnt_hips-Matrix-animation-input">
                    <float_array id="jnt_hips-Matrix-animation-input-array" count="10">

0.000000 0.033333 0.066667 0.100000 0.133333 0.166667 0.200000 0.233333 0.266667 0.300000</float_array>
                    <technique_common>
                        <accessor source="#jnt_hips-Matrix-animation-input-array" count="10">
                            <param name="TIME" type="float"/>
                        </accessor>
                    </technique_common>
                </source>
                <source id="jnt_hips-Matrix-animation-output-transform">
                    <float_array id="jnt_hips-Matrix-animation-output-transform-array" count="160">

0.537496 -0.025514 -0.842880 0.000000 -0.003307 0.999471 -0.032363 2.061423 0.843260 0.020182 0.537127 -1.268427 0.000000 0.000000 0.000000 1.000000
0.536707 -0.024684 -0.843407 0.000000 0.000515 0.999581 -0.028927 2.061423 0.843768 0.015091 0.536495 -1.173984 0.000000 0.000000 0.000000 1.000000
0.534929 -0.022903 -0.844586 0.000000 0.009109 0.999731 -0.021341 2.061423 0.844848 0.003723 0.534994 -0.943660 0.000000 0.000000 0.000000 1.000000
0.533062 -0.020949 -0.845817 0.000000 0.018204 0.999746 -0.013288 2.061423 0.845880 -0.008314 0.533308 -0.656967 0.000000 0.000000 0.000000 1.000000
0.532005 -0.018768 -0.846533 0.000000 0.023485 0.999697 -0.007405 2.061423 0.846416 -0.015941 0.532284 -0.393413 0.000000 0.000000 0.000000 1.000000
0.532627 -0.015879 -0.846201 0.000000 0.020537 0.999772 -0.005834 2.061423 0.846101 -0.014272 0.532832 -0.232510 0.000000 0.000000 0.000000 1.000000
0.534173 -0.012053 -0.845289 0.000000 0.013129 0.999896 -0.005960 2.061423 0.845273 -0.007914 0.534276 -0.164943 0.000000 0.000000 0.000000 1.000000
0.535303 -0.007513 -0.844627 0.000000 0.007781 0.999962 -0.003964 2.061423 0.844624 -0.004450 0.535341 -0.123960 0.000000 0.000000 0.000000 1.000000
0.536054 -0.003104 -0.844178 0.000000 0.004247 0.999991 -0.000980 2.061423 0.844173 -0.003060 0.536062 -0.102914 0.000000 0.000000 0.000000 1.000000
0.536469 0.000249 -0.843920 0.000000 0.002296 0.999996 0.001755 2.061423 0.843917 -0.002879 0.536467 -0.095161 0.000000 0.000000 0.000000 1.000000</float_array>
                    <technique_common>
                        <accessor source="#jnt_hips-Matrix-animation-output-transform-array" count="10" stride="16">
                            <param type="float4x4"/>
                        </accessor>
                    </technique_common>
                </source>
                <source id="jnt_hips-Interpolations">
                    <Name_array id="jnt_hips-Interpolations-array" count="10">
 LINEAR LINEAR LINEAR LINEAR LINEAR LINEAR LINEAR LINEAR LINEAR LINEAR</Name_array>
                    <technique_common>
                        <accessor source="#jnt_hips-Interpolations-array" count="10">
                            <param type="name"/>
                        </accessor>
                    </technique_common>
                </source>
                <sampler id="jnt_hips-Matrix-animation-transform">
                    <input semantic="INPUT" source="#jnt_hips-Matrix-animation-input"/>
                    <input semantic="OUTPUT" source="#jnt_hips-Matrix-animation-output-transform"/>
                    <input semantic="INTERPOLATION" source="#jnt_hips-Interpolations"/>
                </sampler>
                <channel source="#jnt_hips-Matrix-animation-transform" target="jnt_hips/matrix"/>
            </animation>
        </animation>
        <animation id="jnt_height-anim" name="jnt_height">
            <animation>
                <source id="jnt_height-Matrix-animation-input">
                    <float_array id="jnt_height-Matrix-animation-input-array" count="10">

0.000000 0.033333 0.066667 0.100000 0.133333 0.166667 0.200000 0.233333 0.266667 0.300000</float_array>
                    <technique_common>
                        <accessor source="#jnt_height-Matrix-animation-input-array" count="10">
                            <param name="TIME" type="float"/>
                        </accessor>
                    </technique_common>
                </source>
                <source id="jnt_height-Matrix-animation-output-transform">
                    <float_array id="jnt_height-Matrix-animation-output-transform-array" count="160">

0.999994 0.003326 0.000567 0.000000 -0.003305 0.999471 -0.032363 0.000000 -0.000675 0.032361 0.999476 0.000000 0.000000 0.000000 0.000000 1.000000
1.000000 -0.000522 -0.000252 -0.000000 0.000514 0.999581 -0.028927 0.000000 0.000267 0.028927 0.999581 -0.000000 0.000000 0.000000 0.000000 1.000000
0.999956 -0.009155 -0.002157 0.000000 0.009106 0.999731 -0.021341 0.000000 0.002352 0.021321 0.999770 -0.000000 0.000000 0.000000 0.000000 1.000000
0.999824 -0.018257 -0.004250 0.000000 0.018199 0.999746 -0.013290 -0.000000 0.004492 0.013210 0.999903 -0.000000 0.000000 0.000000 0.000000 1.000000
0.999708 -0.023518 -0.005512 -0.000000 0.023477 0.999697 -0.007407 -0.000000 0.005685 0.007275 0.999957 -0.000000 0.000000 0.000000 0.000000 1.000000
0.999777 -0.020561 -0.004861 -0.000000 0.020532 0.999772 -0.005835 0.000000 0.004980 0.005734 0.999971 0.000000 0.000000 0.000000 0.000000 1.000000
0.999908 -0.013146 -0.003140 0.000000 0.013128 0.999896 -0.005960 0.000000 0.003218 0.005919 0.999977 -0.000000 0.000000 0.000000 0.000000 1.000000
0.999968 -0.007788 -0.001881 0.000000 0.007781 0.999962 -0.003964 0.000000 0.001912 0.003949 0.999990 -0.000000 0.000000 0.000000 0.000000 1.000000
0.999990 -0.004248 -0.001032 -0.000000 0.004247 0.999990 -0.000980 0.000000 0.001036 0.000976 0.999999 -0.000000 0.000000 0.000000 0.000000 1.000000
0.999997 -0.002295 -0.000551 0.000000 0.002296 0.999996 0.001755 0.000000 0.000547 -0.001756 0.999998 0.000000 0.000000 0.000000 0.000000 1.000000</float_array>
                    <technique_common>
                        <accessor source="#jnt_height-Matrix-animation-output-transform-array" count="10" stride="16">
                            <param type="float4x4"/>
                        </accessor>
                    </technique_common>
                </source>
                <source id="jnt_height-Interpolations">
                    <Name_array id="jnt_height-Interpolations-array" count="10">
 LINEAR LINEAR LINEAR LINEAR LINEAR LINEAR LINEAR LINEAR LINEAR LINEAR</Name_array>
                    <technique_common>
                        <accessor source="#jnt_height-Interpolations-array" count="10">
                            <param type="name"/>
                        </accessor>
                    </technique_common>
                </source>
                <sampler id="jnt_height-Matrix-animation-transform">
                    <input semantic="INPUT" source="#jnt_height-Matrix-animation-input"/>
                    <input semantic="OUTPUT" source="#jnt_height-Matrix-animation-output-transform"/>
                    <input semantic="INTERPOLATION" source="#jnt_height-Interpolations"/>
                </sampler>
                <channel source="#jnt_height-Matrix-animation-transform" target="jnt_height/matrix"/>
            </animation>
        </animation>
        <animation id="jnt_spine1-anim" name="jnt_spine1">
            <animation>
                <source id="jnt_spine1-Matrix-animation-input">
                    <float_array id="jnt_spine1-Matrix-animation-input-array" count="10">

0.000000 0.033333 0.066667 0.100000 0.133333 0.166667 0.200000 0.233333 0.266667 0.300000</float_array>
                    <technique_common>
                        <accessor source="#jnt_spine1-Matrix-animation-input-array" count="10">
                            <param name="TIME" type="float"/>
                        </accessor>
                    </technique_common>
                </source>
                <source id="jnt_spine1-Matrix-animation-output-transform">
                    <float_array id="jnt_spine1-Matrix-animation-output-transform-array" count="160">

0.002463 0.000473 0.999997 0.000000 0.999483 -0.032049 -0.002447 0.212132 0.032048 0.999486 -0.000552 0.023482 0.000000 0.000000 0.000000 1.000000
-0.000653 -0.000261 1.000000 0.000000 0.999554 -0.029848 0.000645 0.212132 0.029848 0.999555 0.000280 0.023482 0.000000 0.000000 0.000000 1.000000
-0.007698 -0.001954 0.999969 0.000000 0.999663 -0.024806 0.007647 0.212132 0.024790 0.999691 0.002145 0.023482 0.000000 0.000000 0.000000 1.000000
-0.015138 -0.003796 0.999879 -0.000000 0.999701 -0.019251 0.015062 0.212132 0.019191 0.999808 0.004086 0.023482 0.000000 0.000000 0.000000 1.000000
-0.019415 -0.004890 0.999800 -0.000000 0.999694 -0.015429 0.019337 0.212132 0.015332 0.999869 0.005188 0.023482 0.000000 0.000000 0.000000 1.000000
-0.017009 -0.004299 0.999846 -0.000000 0.999736 -0.015538 0.016940 0.212132 0.015463 0.999870 0.004563 0.023482 0.000000 0.000000 0.000000 1.000000
-0.010897 -0.002771 0.999937 -0.000000 0.999793 -0.017233 0.010848 0.212132 0.017202 0.999848 0.002958 0.023482 0.000000 0.000000 0.000000 1.000000
-0.006419 -0.001650 0.999978 0.000000 0.999833 -0.017116 0.006390 0.212132 0.017105 0.999852 0.001760 0.023482 0.000000 0.000000 0.000000 1.000000
-0.003429 -0.000894 0.999994 -0.000000 0.999867 -0.015990 0.003415 0.212132 0.015987 0.999872 0.000949 0.023482 0.000000 0.000000 0.000000 1.000000
-0.001765 -0.000466 0.999999 -0.000000 0.999891 -0.014689 0.001758 0.212132 0.014688 0.999892 0.000492 0.023482 0.000000 0.000000 0.000000 1.000000</float_array>
                    <technique_common>
                        <accessor source="#jnt_spine1-Matrix-animation-output-transform-array" count="10" stride="16">
                            <param type="float4x4"/>
                        </accessor>
                    </technique_common>
                </source>
                <source id="jnt_spine1-Interpolations">
                    <Name_array id="jnt_spine1-Interpolations-array" count="10">
 LINEAR LINEAR LINEAR LINEAR LINEAR LINEAR LINEAR LINEAR LINEAR LINEAR</Name_array>
                    <technique_common>
                        <accessor source="#jnt_spine1-Interpolations-array" count="10">
                            <param type="name"/>
                        </accessor>
                    </technique_common>
                </source>
                <sampler id="jnt_spine1-Matrix-animation-transform">
                    <input semantic="INPUT" source="#jnt_spine1-Matrix-animation-input"/>
                    <input semantic="OUTPUT" source="#jnt_spine1-Matrix-animation-output-transform"/>
                    <input semantic="INTERPOLATION" source="#jnt_spine1-Interpolations"/>
                </sampler>
                <channel source="#jnt_spine1-Matrix-animation-transform" target="jnt_spine1/matrix"/>
            </animation>
        </animation>
        <animation id="jnt_spine2-anim" name="jnt_spine2">
            <animation>
                <source id="jnt_spine2-Matrix-animation-input">
                    <float_array id="jnt_spine2-Matrix-animation-input-array" count="10">

0.000000 0.033333 0.066667 0.100000 0.133333 0.166667 0.200000 0.233333 0.266667 0.300000</float_array>
                    <technique_common>
                        <accessor source="#jnt_spine2-Matrix-animation-input-array" count="10">
                            <param name="TIME" type="float"/>
                        </accessor>
                    </technique_common>
                </source>
                <source id="jnt_spine2-Matrix-animation-output-transform">
                    <float_array id="jnt_spine2-Matrix-animation-output-transform-array" count="160">

0.997889 0.064938 -0.000803 0.426848 -0.064938 0.997889 -0.000490 0.000003 0.000769 0.000541 1.000000 0.000000 0.000000 0.000000 0.000000 1.000000
0.997960 0.063835 0.000933 0.426848 -0.063835 0.997960 0.000260 0.000003 -0.000914 -0.000319 1.000000 0.000000 0.000000 0.000000 0.000000 1.000000
0.998058 0.062105 0.004904 0.426848 -0.062115 0.998067 0.001970 0.000003 -0.004772 -0.002271 0.999986 -0.000000 0.000000 0.000000 0.000000 1.000000
0.998092 0.061065 0.009118 0.426848 -0.061102 0.998124 0.003791 0.000003 -0.008870 -0.004340 0.999951 -0.000000 0.000000 0.000000 0.000000 1.000000
0.998180 0.059196 0.011493 0.426848 -0.059255 0.998231 0.004852 0.000003 -0.011186 -0.005524 0.999922 -0.000000 0.000000 0.000000 0.000000 1.000000
0.998517 0.053522 0.010007 0.426848 -0.053567 0.998555 0.004300 0.000003 -0.009762 -0.004830 0.999941 0.000000 0.000000 0.000000 0.000000 1.000000
0.998909 0.046266 0.006340 0.426848 -0.046284 0.998924 0.002808 0.000003 -0.006203 -0.003098 0.999976 0.000000 0.000000 0.000000 0.000000 1.000000
0.999180 0.040327 0.003596 0.426848 -0.040333 0.999185 0.001684 0.000003 -0.003525 -0.001827 0.999992 -0.000000 0.000000 0.000000 0.000000 1.000000
0.999361 0.035719 0.001726 0.426848 -0.035720 0.999361 0.000913 0.000003 -0.001693 -0.000974 0.999998 -0.000000 0.000000 0.000000 0.000000 1.000000
0.999465 0.032694 0.000662 0.426848 -0.032695 0.999465 0.000474 0.000003 -0.000646 -0.000496 0.999999 -0.000000 0.000000 0.000000 0.000000 1.000000</float_array>
                    <technique_common>
                        <accessor source="#jnt_spine2-Matrix-animation-output-transform-array" count="10" stride="16">
                            <param type="float4x4"/>
                        </accessor>
                    </technique_common>
                </source>
                <source id="jnt_spine2-Interpolations">
                    <Name_array id="jnt_spine2-Interpolations-array" count="10">
 LINEAR LINEAR LINEAR LINEAR LINEAR LINEAR LINEAR LINEAR LINEAR LINEAR</Name_array>
                    <technique_common>
                        <accessor source="#jnt_spine2-Interpolations-array" count="10">
                            <param type="name"/>
                        </accessor>
                    </technique_common>
                </source>
                <sampler id="jnt_spine2-Matrix-animation-transform">
                    <input semantic="INPUT" source="#jnt_spine2-Matrix-animation-input"/>
                    <input semantic="OUTPUT" source="#jnt_spine2-Matrix-animation-output-transform"/>
                    <input semantic="INTERPOLATION" source="#jnt_spine2-Interpolations"/>
                </sampler>
                <channel source="#jnt_spine2-Matrix-animation-transform" target="jnt_spine2/matrix"/>
            </animation>
        </animation>
        <animation id="jnt_spine3-anim" name="jnt_spine3">
            <animation>
                <source id="jnt_spine3-Matrix-animation-input">
                    <float_array id="jnt_spine3-Matrix-animation-input-array" count="10">

0.000000 0.033333 0.066667 0.100000 0.133333 0.166667 0.200000 0.233333 0.266667 0.300000</float_array>
                    <technique_common>
                        <accessor source="#jnt_spine3-Matrix-animation-input-array" count="10">
                            <param name="TIME" type="float"/>
                        </accessor>
                    </technique_common>
                </source>
                <source id="jnt_spine3-Matrix-animation-output-transform">
                    <float_array id="jnt_spine3-Matrix-animation-output-transform-array" count="160">

0.972406 0.190847 -0.134180 0.555067 -0.191948 0.981393 0.004809 0.000000 0.132601 0.021079 0.990945 -0.000000 0.000000 0.000000 0.000000 1.000000
0.973561 0.184844 -0.134209 0.555067 -0.185888 0.982559 0.004822 0.000000 0.132760 0.020254 0.990941 -0.000000 0.000000 0.000000 0.000000 1.000000
0.975705 0.173158 -0.134221 0.555068 -0.174053 0.984723 0.005127 0.000000 0.133058 0.018360 0.990938 0.000000 0.000000 0.000000 0.000000 1.000000
0.977534 0.162539 -0.134196 0.555067 -0.163259 0.986567 0.005695 0.000000 0.133319 0.016342 0.990939 0.000000 0.000000 0.000000 0.000000 1.000000
0.979174 0.152266 -0.134291 0.555067 -0.152925 0.988223 0.005454 0.000000 0.133540 0.015196 0.990927 0.000000 0.000000 0.000000 0.000000 1.000000
0.981247 0.137888 -0.134694 0.555067 -0.138772 0.990320 0.002850 0.000000 0.133783 0.015895 0.990883 -0.000000 0.000000 0.000000 0.000000 1.000000
0.983295 0.121852 -0.135215 0.555067 -0.123119 0.992391 -0.001012 0.000000 0.134063 0.017642 0.990816 -0.000000 0.000000 0.000000 0.000000 1.000000
0.985005 0.106644 -0.135620 0.555067 -0.108228 0.994117 -0.004339 0.000000 0.134359 0.018951 0.990752 -0.000000 0.000000 0.000000 0.000000 1.000000
0.986310 0.093395 -0.135907 0.555068 -0.095222 0.995431 -0.006998 0.000000 0.134632 0.019843 0.990697 0.000000 0.000000 0.000000 0.000000 1.000000
0.987139 0.083907 -0.136077 0.555067 -0.085893 0.996266 -0.008774 0.000000 0.134832 0.020349 0.990660 0.000000 0.000000 0.000000 0.000000 1.000000</float_array>
                    <technique_common>
                        <accessor source="#jnt_spine3-Matrix-animation-output-transform-array" count="10" stride="16">
                            <param type="float4x4"/>
                        </accessor>
                    </technique_common>
                </source>
                <source id="jnt_spine3-Interpolations">
                    <Name_array id="jnt_spine3-Interpolations-array" count="10">
 LINEAR LINEAR LINEAR LINEAR LINEAR LINEAR LINEAR LINEAR LINEAR LINEAR</Name_array>
                    <technique_common>
                        <accessor source="#jnt_spine3-Interpolations-array" count="10">
                            <param type="name"/>
                        </accessor>
                    </technique_common>
                </source>
                <sampler id="jnt_spine3-Matrix-animation-transform">
                    <input semantic="INPUT" source="#jnt_spine3-Matrix-animation-input"/>
                    <input semantic="OUTPUT" source="#jnt_spine3-Matrix-animation-output-transform"/>
                    <input semantic="INTERPOLATION" source="#jnt_spine3-Interpolations"/>
                </sampler>
                <channel source="#jnt_spine3-Matrix-animation-transform" target="jnt_spine3/matrix"/>
            </animation>
        </animation>
        <animation id="jnt_neck-anim" name="jnt_neck">
            <animation>
                <source id="jnt_neck-Matrix-animation-input">
                    <float_array id="jnt_neck-Matrix-animation-input-array" count="10">

0.000000 0.033333 0.066667 0.100000 0.133333 0.166667 0.200000 0.233333 0.266667 0.300000</float_array>
                    <technique_common>
                        <accessor source="#jnt_neck-Matrix-animation-input-array" count="10">
                            <param name="TIME" type="float"/>
                        </accessor>
                    </technique_common>
                </source>
                <source id="jnt_neck-Matrix-animation-output-transform">
                    <float_array id="jnt_neck-Matrix-animation-output-transform-array" count="160">

0.819331 -0.550628 0.159704 0.867450 0.433711 0.413103 -0.800775 0.171572 0.374955 0.725365 0.577281 -0.000000 0.000000 0.000000 0.000000 1.000000
0.832423 -0.531771 0.155860 0.867451 0.418073 0.418060 -0.806499 0.171573 0.363714 0.736509 0.570321 -0.000000 0.000000 0.000000 0.000000 1.000000
0.866454 -0.476186 0.150012 0.867450 0.378943 0.431633 -0.818593 0.171572 0.325052 0.766120 0.554438 0.000000 0.000000 0.000000 0.000000 1.000000
0.911820 -0.383187 0.147486 0.867449 0.324787 0.453380 -0.830036 0.171573 0.251192 0.804745 0.537855 0.000000 0.000000 0.000000 0.000000 1.000000
0.955457 -0.256799 0.145450 0.867450 0.257368 0.483792 -0.836484 0.171573 0.144441 0.836659 0.528335 0.000000 0.000000 0.000000 0.000000 1.000000
0.983947 -0.113442 0.137763 0.867450 0.176950 0.519992 -0.835641 0.171573 0.023161 0.846604 0.531719 0.000000 0.000000 0.000000 0.000000 1.000000
0.991058 0.007024 0.133246 0.867449 0.107882 0.545463 -0.831162 0.171573 -0.078519 0.838105 0.539828 -0.000000 0.000000 0.000000 0.000000 1.000000
0.987065 0.085881 0.135374 0.867450 0.065218 0.556280 -0.828431 0.171572 -0.146453 0.826545 0.543484 -0.000000 0.000000 0.000000 0.000000 1.000000
0.981372 0.131462 0.140099 0.867450 0.043029 0.560301 -0.827171 0.171573 -0.187239 0.817790 0.544207 -0.000000 0.000000 0.000000 0.000000 1.000000
0.977636 0.152658 0.144646 0.867449 0.034675 0.561376 -0.826834 0.171572 -0.207424 0.813359 0.543528 -0.000000 0.000000 0.000000 0.000000 1.000000</float_array>
                    <technique_common>
                        <accessor source="#jnt_neck-Matrix-animation-output-transform-array" count="10" stride="16">
                            <param type="float4x4"/>
                        </accessor>
                    </technique_common>
                </source>
                <source id="jnt_neck-Interpolations">
                    <Name_array id="jnt_neck-Interpolations-array" count="10">
 LINEAR LINEAR LINEAR LINEAR LINEAR LINEAR LINEAR LINEAR LINEAR LINEAR</Name_array>
                    <technique_common>
                        <accessor source="#jnt_neck-Interpolations-array" count="10">
                            <param type="name"/>
                        </accessor>
                    </technique_common>
                </source>
                <sampler id="jnt_neck-Matrix-animation-transform">
                    <input semantic="INPUT" source="#jnt_neck-Matrix-animation-input"/>
                    <input semantic="OUTPUT" source="#jnt_neck-Matrix-animation-output-transform"/>
                    <input semantic="INTERPOLATION" source="#jnt_neck-Interpolations"/>
                </sampler>
                <channel source="#jnt_neck-Matrix-animation-transform" target="jnt_neck/matrix"/>
            </animation>
        </animation>
        <animation id="jnt_head-anim" name="jnt_head">
            <animation>
                <source id="jnt_head-Matrix-animation-input">
                    <float_array id="jnt_head-Matrix-animation-input-array" count="10">

0.000000 0.033333 0.066667 0.100000 0.133333 0.166667 0.200000 0.233333 0.266667 0.300000</float_array>
                    <technique_common>
                        <accessor source="#jnt_head-Matrix-animation-input-array" count="10">
                            <param name="TIME" type="float"/>
                        </accessor>
                    </technique_common>
                </source>
                <source id="jnt_head-Matrix-animation-output-transform">
                    <float_array id="jnt_head-Matrix-animation-output-transform-array" count="160">

0.796135 0.604849 0.018100 0.273591 -0.602511 0.795123 -0.068993 0.000001 -0.056122 0.044022 0.997453 0.000000 0.000000 0.000000 0.000000 1.000000
0.814914 0.579207 0.020826 0.273591 -0.577037 0.814176 -0.064389 0.000001 -0.054250 0.040454 0.997707 -0.000000 0.000000 0.000000 0.000000 1.000000
0.862024 0.506189 0.026202 0.273592 -0.504445 0.861806 -0.053154 0.000001 -0.049487 0.032603 0.998243 -0.000000 0.000000 0.000000 0.000000 1.000000
0.919814 0.391166 0.030498 0.273590 -0.389912 0.919984 -0.039978 0.000002 -0.043696 0.024881 0.998735 0.000000 0.000000 0.000000 0.000000 1.000000
0.967268 0.251607 0.032964 0.273591 -0.250703 0.967623 -0.029230 0.000002 -0.039251 0.020009 0.999029 -0.000000 0.000000 0.000000 0.000000 1.000000
0.991635 0.124134 0.035380 0.273591 -0.123373 0.992095 -0.022949 0.000002 -0.037949 0.018392 0.999110 -0.000000 0.000000 0.000000 0.000000 1.000000
0.998777 0.035708 0.034181 0.273591 -0.035112 0.999224 -0.017873 0.000001 -0.034793 0.016651 0.999256 0.000000 0.000000 0.000000 0.000000 1.000000
0.999386 -0.020362 0.028516 0.273591 0.020738 0.999701 -0.012933 0.000002 -0.028244 0.013516 0.999509 0.000000 0.000000 0.000000 0.000000 1.000000
0.998467 -0.051023 0.021471 0.273591 0.051225 0.998647 -0.008978 0.000002 -0.020984 0.010064 0.999729 0.000000 0.000000 0.000000 0.000000 1.000000
0.997833 -0.063923 0.015579 0.273591 0.064027 0.997929 -0.006290 0.000001 -0.015145 0.007274 0.999859 -0.000000 0.000000 0.000000 0.000000 1.000000</float_array>
                    <technique_common>
                        <accessor source="#jnt_head-Matrix-animation-output-transform-array" count="10" stride="16">
                            <param type="float4x4"/>
                        </accessor>
                    </technique_common>
                </source>
                <source id="jnt_head-Interpolations">
                    <Name_array id="jnt_head-Interpolations-array" count="10">
 LINEAR LINEAR LINEAR LINEAR LINEAR LINEAR LINEAR LINEAR LINEAR LINEAR</Name_array>
                    <technique_common>
                        <accessor source="#jnt_head-Interpolations-array" count="10">
                            <param type="name"/>
                        </accessor>
                    </technique_common>
                </source>
                <sampler id="jnt_head-Matrix-animation-transform">
                    <input semantic="INPUT" source="#jnt_head-Matrix-animation-input"/>
                    <input semantic="OUTPUT" source="#jnt_head-Matrix-animation-output-transform"/>
                    <input semantic="INTERPOLATION" source="#jnt_head-Interpolations"/>
                </sampler>
                <channel source="#jnt_head-Matrix-animation-transform" target="jnt_head/matrix"/>
            </animation>
        </animation>
        <animation id="jnt_headappend-anim" name="jnt_headappend">
            <animation>
                <source id="jnt_headappend-Matrix-animation-input">
                    <float_array id="jnt_headappend-Matrix-animation-input-array" count="10">

0.000000 0.033333 0.066667 0.100000 0.133333 0.166667 0.200000 0.233333 0.266667 0.300000</float_array>
                    <technique_common>
                        <accessor source="#jnt_headappend-Matrix-animation-input-array" count="10">
                            <param name="TIME" type="float"/>
                        </accessor>
                    </technique_common>
                </source>
                <source id="jnt_headappend-Matrix-animation-output-transform">
                    <float_array id="jnt_headappend-Matrix-animation-output-transform-array" count="160">

1.000000 0.000000 -0.000000 0.000000 -0.000000 1.000000 0.000000 -0.000000 0.000000 -0.000000 1.000000 -0.000000 0.000000 0.000000 0.000000 1.000000
1.000000 0.000000 -0.000000 0.000000 -0.000000 1.000000 0.000000 -0.000000 0.000000 -0.000000 1.000000 0.000000 0.000000 0.000000 0.000000 1.000000
1.000000 0.000000 -0.000000 -0.000000 -0.000000 1.000000 -0.000000 -0.000000 0.000000 0.000000 1.000000 -0.000000 0.000000 0.000000 0.000000 1.000000
1.000000 0.000000 -0.000000 -0.000000 -0.000000 1.000000 -0.000000 -0.000000 0.000000 0.000000 1.000000 -0.000000 0.000000 0.000000 0.000000 1.000000
1.000000 0.000000 -0.000000 0.000000 -0.000000 1.000000 -0.000000 -0.000000 0.000000 0.000000 1.000000 0.000000 0.000000 0.000000 0.000000 1.000000
1.000000 0.000000 -0.000000 -0.000000 -0.000000 1.000000 -0.000000 -0.000000 0.000000 0.000000 1.000000 0.000000 0.000000 0.000000 0.000000 1.000000
1.000000 0.000000 -0.000000 0.000000 -0.000000 1.000000 -0.000000 -0.000000 0.000000 0.000000 1.000000 0.000000 0.000000 0.000000 0.000000 1.000000
1.000000 0.000000 -0.000000 0.000000 -0.000000 1.000000 -0.000000 -0.000000 0.000000 0.000000 1.000000 0.000000 0.000000 0.000000 0.000000 1.000000
1.000000 0.000000 -0.000000 0.000000 -0.000000 1.000000 0.000000 -0.000000 0.000000 -0.000000 1.000000 -0.000000 0.000000 0.000000 0.000000 1.000000
1.000000 0.000000 -0.000000 -0.000000 -0.000000 1.000000 -0.000000 -0.000000 0.000000 0.000000 1.000000 0.000000 0.000000 0.000000 0.000000 1.000000</float_array>
                    <technique_common>
                        <accessor source="#jnt_headappend-Matrix-animation-output-transform-array" count="10" stride="16">
                            <param type="float4x4"/>
                        </accessor>
                    </technique_common>
                </source>
                <source id="jnt_headappend-Interpolations">
                    <Name_array id="jnt_headappend-Interpolations-array" count="10">
 LINEAR LINEAR LINEAR LINEAR LINEAR LINEAR LINEAR LINEAR LINEAR LINEAR</Name_array>
                    <technique_common>
                        <accessor source="#jnt_headappend-Interpolations-array" count="10">
                            <param type="name"/>
