<?xml version="1.0"?>
<COLLADA xmlns="http://www.collada.org/2005/11/COLLADASchema" version="1.4.1">
 <asset>
  <contributor>
   <author></author>
   <authoring_tool>FBX COLLADA exporter</authoring_tool>
   <comments></comments>
  </contributor>
  <created>2024-06-09T22:39:52Z</created>
  <keywords></keywords>
  <modified>2024-06-09T22:39:52Z</modified>
  <revision></revision>
  <subject></subject>
  <title></title>
  <unit meter="0.010000" name="centimeter"></unit>
  <up_axis>Y_UP</up_axis>
 </asset>
 <library_animations>
  <animation id="jnt_hips-anim" name="jnt_hips">
   <animation>
    <source id="jnt_hips-Matrix-animation-input">
     <float_array id="jnt_hips-Matrix-animation-input-array" count="23">

0.000500 0.033833 0.067167 0.100500 0.133833 0.167167 0.200500 0.233833 0.267167 0.300500 0.333833 0.367167 0.400500 0.433833 0.467167 0.500500
0.533833 0.567167 0.600500 0.633833 0.667167 0.700500 0.733833</float_array>
     <technique_common>
      <accessor source="#jnt_hips-Matrix-animation-input-array" count="23">
       <param name="TIME" type="float"></param>
      </accessor>
     </technique_common>
    </source>
    <source id="jnt_hips-Matrix-animation-output-transform">
     <float_array id="jnt_hips-Matrix-animation-output-transform-array" count="368">

0.979660 0.047196 -0.195034 -0.000000 -0.051672 0.998503 -0.017927 1.941480 0.193896 0.027640 0.980633 -0.247371 0.000000 0.000000 0.000000 1.000000
0.980009 0.047216 -0.193271 -0.000000 -0.051642 0.998505 -0.017925 1.941480 0.192135 0.027547 0.980982 -0.247371 0.000000 0.000000 0.000000 1.000000
0.981111 0.047063 -0.187632 -0.000000 -0.051316 0.998522 -0.017875 1.941480 0.186514 0.027166 0.982077 -0.247371 0.000000 0.000000 0.000000 1.000000
0.982644 0.046835 -0.179489 -0.000000 -0.050845 0.998548 -0.017803 1.941480 0.178395 0.026620 0.983599 -0.247371 0.000000 0.000000 0.000000 1.000000
0.984371 0.046562 -0.169842 -0.000000 -0.050291 0.998578 -0.017714 1.941480 0.168776 0.025979 0.985312 -0.247371 0.000000 0.000000 0.000000 1.000000
0.986082 0.046274 -0.159693 -0.000000 -0.049714 0.998608 -0.017617 1.941480 0.158656 0.025311 0.987009 -0.247371 0.000000 0.000000 0.000000 1.000000
0.987608 0.045997 -0.150051 -0.000000 -0.049173 0.998637 -0.017521 1.941480 0.149040 0.024683 0.988523 -0.247371 0.000000 0.000000 0.000000 1.000000
0.988819 0.045763 -0.141927 -0.000000 -0.048722 0.998660 -0.017438 1.941480 0.140939 0.024158 0.989723 -0.247371 0.000000 0.000000 0.000000 1.000000
0.989612 0.045601 -0.136337 -0.000000 -0.048413 0.998676 -0.017380 1.941480 0.135364 0.023800 0.990510 -0.247371 0.000000 0.000000 0.000000 1.000000
0.989855 0.045566 -0.134575 -0.000000 -0.048332 0.998680 -0.017361 1.941480 0.133607 0.023689 0.990751 -0.247371 0.000000 0.000000 0.000000 1.000000
0.989847 0.045581 -0.134631 -0.000000 -0.048350 0.998679 -0.017365 1.941480 0.133662 0.023699 0.990744 -0.247371 0.000000 0.000000 0.000000 1.000000
0.989839 0.045597 -0.134686 -0.000000 -0.048367 0.998679 -0.017370 1.941480 0.133716 0.023708 0.990736 -0.247371 0.000000 0.000000 0.000000 1.000000
0.989830 0.045612 -0.134742 -0.000000 -0.048385 0.998678 -0.017374 1.941480 0.133771 0.023717 0.990728 -0.247371 0.000000 0.000000 0.000000 1.000000
0.989822 0.045627 -0.134798 -0.000000 -0.048402 0.998677 -0.017379 1.941480 0.133826 0.023727 0.990721 -0.247371 0.000000 0.000000 0.000000 1.000000
0.989625 0.045601 -0.136243 -0.000000 -0.048410 0.998676 -0.017379 1.941480 0.135271 0.023794 0.990523 -0.247371 0.000000 0.000000 0.000000 1.000000
0.988895 0.045748 -0.141399 -0.000000 -0.048692 0.998662 -0.017433 1.941480 0.140412 0.024124 0.989799 -0.247371 0.000000 0.000000 0.000000 1.000000
0.987784 0.045964 -0.148898 -0.000000 -0.049109 0.998640 -0.017510 1.941480 0.147891 0.024608 0.988697 -0.247371 0.000000 0.000000 0.000000 1.000000
0.986376 0.046222 -0.157878 -0.000000 -0.049612 0.998613 -0.017599 1.941480 0.156845 0.025192 0.987302 -0.247371 0.000000 0.000000 0.000000 1.000000
0.984779 0.046495 -0.167476 -0.000000 -0.050156 0.998585 -0.017692 1.941480 0.166416 0.025823 0.985717 -0.247371 0.000000 0.000000 0.000000 1.000000
0.983129 0.046760 -0.176834 -0.000000 -0.050692 0.998556 -0.017779 1.941480 0.175748 0.026443 0.984080 -0.247371 0.000000 0.000000 0.000000 1.000000
0.981595 0.046992 -0.185101 -0.000000 -0.051169 0.998530 -0.017853 1.941480 0.183990 0.026996 0.982557 -0.247371 0.000000 0.000000 0.000000 1.000000
0.980374 0.047167 -0.191423 -0.000000 -0.051536 0.998511 -0.017909 1.941480 0.190294 0.027422 0.981344 -0.247371 0.000000 0.000000 0.000000 1.000000
0.979676 0.047257 -0.194941 -0.000000 -0.051732 0.998500 -0.017922 1.941480 0.193801 0.027643 0.980651 -0.247371 0.000000 0.000000 0.000000 1.000000</float_array>
     <technique_common>
      <accessor source="#jnt_hips-Matrix-animation-output-transform-array" count="23" stride="16">
       <param type="float4x4"></param>
      </accessor>
     </technique_common>
    </source>
    <source id="jnt_hips-Interpolations">
     <Name_array id="jnt_hips-Interpolations-array" count="23">
 LINEAR LINEAR LINEAR LINEAR LINEAR LINEAR LINEAR LINEAR LINEAR LINEAR LINEAR
LINEAR LINEAR LINEAR LINEAR LINEAR LINEAR LINEAR LINEAR LINEAR LINEAR LINEAR LINEAR</Name_array>
     <technique_common>
      <accessor source="#jnt_hips-Interpolations-array" count="23">
       <param type="name"></param>
      </accessor>
     </technique_common>
    </source>
    <sampler id="jnt_hips-Matrix-animation-transform">
     <input semantic="INPUT" source="#jnt_hips-Matrix-animation-input"></input>
     <input semantic="OUTPUT" source="#jnt_hips-Matrix-animation-output-transform"></input>
     <input semantic="INTERPOLATION" source="#jnt_hips-Interpolations"></input>
    </sampler>
    <channel source="#jnt_hips-Matrix-animation-transform" target="jnt_hips/matrix"></channel>
   </animation>
  </animation>
  <animation id="jnt_height-anim" name="jnt_height">
   <animation>
    <source id="jnt_height-Matrix-animation-input">
     <float_array id="jnt_height-Matrix-animation-input-array" count="23">

0.000500 0.033833 0.067167 0.100500 0.133833 0.167167 0.200500 0.233833 0.267167 0.300500 0.333833 0.367167 0.400500 0.433833 0.467167 0.500500
0.533833 0.567167 0.600500 0.633833 0.667167 0.700500 0.733833</float_array>
     <technique_common>
      <accessor source="#jnt_height-Matrix-animation-input-array" count="23">
       <param name="TIME" type="float"></param>
      </accessor>
     </technique_common>
    </source>
    <source id="jnt_height-Matrix-animation-output-transform">
     <float_array id="jnt_height-Matrix-animation-output-transform-array" count="368">

0.998496 0.051739 0.018138 -0.000000 -0.051414 0.998516 -0.017974 -0.000000 -0.019041 0.017015 0.999674 0.000000 0.000000 0.000000 0.000000 1.000000
0.998508 0.051523 0.018093 -0.000000 -0.051198 0.998526 -0.018017 -0.000000 -0.018995 0.017064 0.999674 0.000000 0.000000 0.000000 0.000000 1.000000
0.998555 0.050685 0.017877 -0.000000 -0.050360 0.998565 -0.018202 -0.000000 -0.018774 0.017276 0.999674 0.000000 0.000000 0.000000 0.000000 1.000000
0.998621 0.049477 0.017564 -0.000000 -0.049152 0.998620 -0.018463 -0.000000 -0.018453 0.017575 0.999675 0.000000 0.000000 0.000000 0.000000 1.000000
0.998697 0.048048 0.017192 -0.000000 -0.047724 0.998684 -0.018761 -0.000000 -0.018070 0.017916 0.999676 0.000000 0.000000 0.000000 0.000000 1.000000
0.998775 0.046547 0.016798 -0.000000 -0.046225 0.998749 -0.019062 -0.000000 -0.017664 0.018262 0.999677 0.000000 0.000000 0.000000 0.000000 1.000000
0.998846 0.045123 0.016423 -0.000000 -0.044804 0.998808 -0.019335 -0.000000 -0.017276 0.018577 0.999678 0.000000 0.000000 0.000000 0.000000 1.000000
0.998905 0.043926 0.016106 -0.000000 -0.043609 0.998857 -0.019556 -0.000000 -0.016946 0.018832 0.999679 0.000000 0.000000 0.000000 0.000000 1.000000
0.998944 0.043104 0.015888 -0.000000 -0.042788 0.998890 -0.019702 -0.000000 -0.016719 0.019001 0.999680 0.000000 0.000000 0.000000 0.000000 1.000000
0.998956 0.042860 0.015810 -0.000000 -0.042545 0.998900 -0.019718 -0.000000 -0.016638 0.019024 0.999681 0.000000 0.000000 0.000000 0.000000 1.000000
0.998955 0.042877 0.015817 -0.000000 -0.042562 0.998899 -0.019712 -0.000000 -0.016645 0.019018 0.999681 0.000000 0.000000 0.000000 0.000000 1.000000
0.998954 0.042894 0.015824 -0.000000 -0.042579 0.998899 -0.019706 -0.000000 -0.016652 0.019011 0.999681 0.000000 0.000000 0.000000 0.000000 1.000000
0.998953 0.042911 0.015831 -0.000000 -0.042597 0.998898 -0.019700 -0.000000 -0.016659 0.019005 0.999681 0.000000 0.000000 0.000000 0.000000 1.000000
0.998953 0.042928 0.015838 -0.000000 -0.042614 0.998897 -0.019694 -0.000000 -0.016665 0.018998 0.999681 0.000000 0.000000 0.000000 0.000000 1.000000
0.998945 0.043091 0.015884 -0.000000 -0.042775 0.998890 -0.019692 -0.000000 -0.016715 0.018992 0.999680 0.000000 0.000000 0.000000 0.000000 1.000000
0.998909 0.043849 0.016085 -0.000000 -0.043532 0.998860 -0.019570 -0.000000 -0.016925 0.018848 0.999679 0.000000 0.000000 0.000000 0.000000 1.000000
0.998855 0.044954 0.016378 -0.000000 -0.044634 0.998815 -0.019367 -0.000000 -0.017229 0.018614 0.999678 0.000000 0.000000 0.000000 0.000000 1.000000
0.998788 0.046279 0.016728 -0.000000 -0.045957 0.998760 -0.019114 -0.000000 -0.017592 0.018322 0.999677 0.000000 0.000000 0.000000 0.000000 1.000000
0.998715 0.047697 0.017100 -0.000000 -0.047374 0.998699 -0.018833 -0.000000 -0.017976 0.017998 0.999676 0.000000 0.000000 0.000000 0.000000 1.000000
0.998642 0.049083 0.017462 -0.000000 -0.048759 0.998638 -0.018547 -0.000000 -0.018348 0.017670 0.999676 0.000000 0.000000 0.000000 0.000000 1.000000
0.998575 0.050309 0.017780 -0.000000 -0.049984 0.998582 -0.018284 -0.000000 -0.018675 0.017369 0.999675 0.000000 0.000000 0.000000 0.000000 1.000000
0.998523 0.051249 0.018023 -0.000000 -0.050923 0.998539 -0.018078 -0.000000 -0.018923 0.017133 0.999674 0.000000 0.000000 0.000000 0.000000 1.000000
0.998494 0.051772 0.018153 -0.000000 -0.051446 0.998514 -0.017969 -0.000000 -0.019057 0.017008 0.999674 0.000000 0.000000 0.000000 0.000000 1.000000</float_array>
     <technique_common>
      <accessor source="#jnt_height-Matrix-animation-output-transform-array" count="23" stride="16">
       <param type="float4x4"></param>
      </accessor>
     </technique_common>
    </source>
    <source id="jnt_height-Interpolations">
     <Name_array id="jnt_height-Interpolations-array" count="23">
 LINEAR LINEAR LINEAR LINEAR LINEAR LINEAR LINEAR LINEAR LINEAR LINEAR LINEAR
LINEAR LINEAR LINEAR LINEAR LINEAR LINEAR LINEAR LINEAR LINEAR LINEAR LINEAR LINEAR</Name_array>
     <technique_common>
      <accessor source="#jnt_height-Interpolations-array" count="23">
       <param type="name"></param>
      </accessor>
     </technique_common>
    </source>
    <sampler id="jnt_height-Matrix-animation-transform">
     <input semantic="INPUT" source="#jnt_height-Matrix-animation-input"></input>
     <input semantic="OUTPUT" source="#jnt_height-Matrix-animation-output-transform"></input>
     <input semantic="INTERPOLATION" source="#jnt_height-Interpolations"></input>
    </sampler>
    <channel source="#jnt_height-Matrix-animation-transform" target="jnt_height/matrix"></channel>
   </animation>
  </animation>
  <animation id="jnt_spine1-anim" name="jnt_spine1">
   <animation>
    <source id="jnt_spine1-Matrix-animation-input">
     <float_array id="jnt_spine1-Matrix-animation-input-array" count="23">

0.000500 0.033833 0.067167 0.100500 0.133833 0.167167 0.200500 0.233833 0.267167 0.300500 0.333833 0.367167 0.400500 0.433833 0.467167 0.500500
0.533833 0.567167 0.600500 0.633833 0.667167 0.700500 0.733833</float_array>
     <technique_common>
      <accessor source="#jnt_spine1-Matrix-animation-input-array" count="23">
       <param name="TIME" type="float"></param>
      </accessor>
     </technique_common>
    </source>
    <source id="jnt_spine1-Matrix-animation-output-transform">
     <float_array id="jnt_spine1-Matrix-animation-output-transform-array" count="368">

0.050063 0.018077 0.998583 -0.005844 0.998719 -0.008300 -0.049919 0.209026 0.007386 0.999802 -0.018470 0.038786 0.000000 0.000000 0.000000 1.000000
0.050063 0.018075 0.998583 -0.005844 0.998719 -0.008348 -0.049918 0.209026 0.007434 0.999802 -0.018470 0.038786 0.000000 0.000000 0.000000 1.000000
0.050063 0.018067 0.998583 -0.005844 0.998718 -0.008509 -0.049915 0.209026 0.007595 0.999801 -0.018470 0.038786 0.000000 0.000000 0.000000 1.000000
0.050062 0.018056 0.998583 -0.005844 0.998716 -0.008736 -0.049911 0.209026 0.007823 0.999799 -0.018470 0.038786 0.000000 0.000000 0.000000 1.000000
0.050062 0.018043 0.998584 -0.005844 0.998714 -0.008995 -0.049906 0.209026 0.008082 0.999797 -0.018470 0.038786 0.000000 0.000000 0.000000 1.000000
0.050124 0.018029 0.998581 -0.005844 0.998709 -0.009258 -0.049963 0.209026 0.008344 0.999795 -0.018470 0.038786 0.000000 0.000000 0.000000 1.000000
0.050295 0.018015 0.998572 -0.005844 0.998698 -0.009499 -0.050130 0.209026 0.008582 0.999793 -0.018470 0.038786 0.000000 0.000000 0.000000 1.000000
0.050467 0.018004 0.998564 -0.005844 0.998688 -0.009695 -0.050298 0.209026 0.008775 0.999791 -0.018470 0.038786 0.000000 0.000000 0.000000 1.000000
0.050638 0.017996 0.998556 -0.005844 0.998678 -0.009826 -0.050467 0.209026 0.008903 0.999790 -0.018470 0.038786 0.000000 0.000000 0.000000 1.000000
0.050810 0.017992 0.998547 -0.005844 0.998669 -0.009864 -0.050638 0.209026 0.008939 0.999790 -0.018470 0.038786 0.000000 0.000000 0.000000 1.000000
0.050981 0.017991 0.998538 -0.005844 0.998660 -0.009864 -0.050810 0.209026 0.008935 0.999790 -0.018470 0.038786 0.000000 0.000000 0.000000 1.000000
0.051153 0.017989 0.998529 -0.005844 0.998651 -0.009863 -0.050981 0.209026 0.008932 0.999790 -0.018470 0.038786 0.000000 0.000000 0.000000 1.000000
0.051324 0.017988 0.998521 -0.005844 0.998642 -0.009863 -0.051153 0.209026 0.008928 0.999790 -0.018470 0.038786 0.000000 0.000000 0.000000 1.000000
0.051495 0.017986 0.998512 -0.005844 0.998634 -0.009863 -0.051324 0.209026 0.008925 0.999790 -0.018470 0.038786 0.000000 0.000000 0.000000 1.000000
0.051667 0.017986 0.998503 -0.005844 0.998625 -0.009846 -0.051496 0.209026 0.008905 0.999790 -0.018470 0.038786 0.000000 0.000000 0.000000 1.000000
0.051838 0.017990 0.998494 -0.005844 0.998617 -0.009731 -0.051670 0.209026 0.008787 0.999791 -0.018470 0.038786 0.000000 0.000000 0.000000 1.000000
0.052010 0.017998 0.998485 -0.005844 0.998610 -0.009557 -0.051844 0.209026 0.008610 0.999792 -0.018470 0.038786 0.000000 0.000000 0.000000 1.000000
0.052182 0.018007 0.998476 -0.005844 0.998603 -0.009341 -0.052020 0.209026 0.008390 0.999794 -0.018470 0.038786 0.000000 0.000000 0.000000 1.000000
0.052353 0.018019 0.998467 -0.005844 0.998596 -0.009099 -0.052196 0.209026 0.008144 0.999796 -0.018470 0.038786 0.000000 0.000000 0.000000 1.000000
0.052525 0.018030 0.998457 -0.005844 0.998589 -0.008853 -0.052372 0.209026 0.007895 0.999798 -0.018470 0.038786 0.000000 0.000000 0.000000 1.000000
0.052696 0.018041 0.998448 -0.005844 0.998582 -0.008628 -0.052548 0.209026 0.007667 0.999800 -0.018470 0.038786 0.000000 0.000000 0.000000 1.000000
0.052868 0.018049 0.998439 -0.005844 0.998574 -0.008452 -0.052722 0.209026 0.007487 0.999802 -0.018470 0.038786 0.000000 0.000000 0.000000 1.000000
0.053039 0.018053 0.998430 -0.005844 0.998565 -0.008354 -0.052896 0.209026 0.007385 0.999802 -0.018470 0.038786 0.000000 0.000000 0.000000 1.000000</float_array>
     <technique_common>
      <accessor source="#jnt_spine1-Matrix-animation-output-transform-array" count="23" stride="16">
       <param type="float4x4"></param>
      </accessor>
     </technique_common>
    </source>
    <source id="jnt_spine1-Interpolations">
     <Name_array id="jnt_spine1-Interpolations-array" count="23">
 LINEAR LINEAR LINEAR LINEAR LINEAR LINEAR LINEAR LINEAR LINEAR LINEAR LINEAR
LINEAR LINEAR LINEAR LINEAR LINEAR LINEAR LINEAR LINEAR LINEAR LINEAR LINEAR LINEAR</Name_array>
     <technique_common>
      <accessor source="#jnt_spine1-Interpolations-array" count="23">
       <param type="name"></param>
      </accessor>
     </technique_common>
    </source>
    <sampler id="jnt_spine1-Matrix-animation-transform">
     <input semantic="INPUT" source="#jnt_spine1-Matrix-animation-input"></input>
     <input semantic="OUTPUT" source="#jnt_spine1-Matrix-animation-output-transform"></input>
     <input semantic="INTERPOLATION" source="#jnt_spine1-Interpolations"></input>
    </sampler>
    <channel source="#jnt_spine1-Matrix-animation-transform" target="jnt_spine1/matrix"></channel>
   </animation>
  </animation>
  <animation id="jnt_spine2-anim" name="jnt_spine2">
   <animation>
    <source id="jnt_spine2-Matrix-animation-input">
     <float_array id="jnt_spine2-Matrix-animation-input-array" count="23">

0.000500 0.033833 0.067167 0.100500 0.133833 0.167167 0.200500 0.233833 0.267167 0.300500 0.333833 0.367167 0.400500 0.433833 0.467167 0.500500
0.533833 0.567167 0.600500 0.633833 0.667167 0.700500 0.733833</float_array>
     <technique_common>
      <accessor source="#jnt_spine2-Matrix-animation-input-array" count="23">
       <param name="TIME" type="float"></param>
      </accessor>
     </technique_common>
    </source>
    <source id="jnt_spine2-Matrix-animation-output-transform">
     <float_array id="jnt_spine2-Matrix-animation-output-transform-array" count="368">

0.993673 0.078797 -0.080026 0.354983 -0.080878 0.996456 -0.023103 0.078525 0.077922 0.029429 0.996525 0.012378 0.000000 0.000000 0.000000 1.000000
0.993673 0.078797 -0.080026 0.354983 -0.080878 0.996456 -0.023103 0.078525 0.077922 0.029429 0.996525 0.012378 0.000000 0.000000 0.000000 1.000000
0.993686 0.078809 -0.079855 0.354983 -0.080879 0.996458 -0.023026 0.078525 0.077758 0.029339 0.996540 0.012378 0.000000 0.000000 0.000000 1.000000
0.993723 0.078695 -0.079504 0.354983 -0.080745 0.996471 -0.022908 0.078525 0.077421 0.029184 0.996571 0.012378 0.000000 0.000000 0.000000 1.000000
0.993768 0.078556 -0.079084 0.354983 -0.080583 0.996488 -0.022765 0.078525 0.077018 0.028996 0.996608 0.012378 0.000000 0.000000 0.000000 1.000000
0.993814 0.078419 -0.078639 0.354983 -0.080420 0.996505 -0.022611 0.078525 0.076591 0.028795 0.996646 0.012378 0.000000 0.000000 0.000000 1.000000
0.993857 0.078300 -0.078212 0.354983 -0.080277 0.996520 -0.022460 0.078525 0.076181 0.028601 0.996683 0.012378 0.000000 0.000000 0.000000 1.000000
0.993892 0.078216 -0.077850 0.354983 -0.080172 0.996531 -0.022330 0.078525 0.075834 0.028435 0.996715 0.012378 0.000000 0.000000 0.000000 1.000000
0.993915 0.078146 -0.077619 0.354983 -0.080090 0.996539 -0.022248 0.078525 0.075612 0.028329 0.996735 0.012378 0.000000 0.000000 0.000000 1.000000
0.993912 0.078165 -0.077642 0.354983 -0.080110 0.996538 -0.022253 0.078525 0.075634 0.028337 0.996733 0.012378 0.000000 0.000000 0.000000 1.000000
0.993909 0.078184 -0.077665 0.354983 -0.080129 0.996536 -0.022258 0.078525 0.075656 0.028346 0.996731 0.012378 0.000000 0.000000 0.000000 1.000000
0.993906 0.078202 -0.077688 0.354983 -0.080149 0.996534 -0.022263 0.078525 0.075678 0.028354 0.996729 0.012378 0.000000 0.000000 0.000000 1.000000
0.993902 0.078221 -0.077711 0.354983 -0.080169 0.996532 -0.022268 0.078525 0.075700 0.028362 0.996727 0.012378 0.000000 0.000000 0.000000 1.000000
0.993899 0.078240 -0.077734 0.354983 -0.080189 0.996531 -0.022273 0.078525 0.075722 0.028371 0.996725 0.012378 0.000000 0.000000 0.000000 1.000000
0.993896 0.078259 -0.077757 0.354983 -0.080209 0.996529 -0.022278 0.078525 0.075744 0.028379 0.996723 0.012378 0.000000 0.000000 0.000000 1.000000
0.993889 0.078274 -0.077828 0.354983 -0.080229 0.996527 -0.022317 0.078525 0.075811 0.028424 0.996717 0.012378 0.000000 0.000000 0.000000 1.000000
0.993862 0.078284 -0.078161 0.354983 -0.080259 0.996521 -0.022442 0.078525 0.076132 0.028578 0.996688 0.012378 0.000000 0.000000 0.000000 1.000000
0.993822 0.078396 -0.078559 0.354983 -0.080393 0.996507 -0.022583 0.078525 0.076514 0.028759 0.996653 0.012378 0.000000 0.000000 0.000000 1.000000
0.993778 0.078524 -0.078981 0.354983 -0.080545 0.996492 -0.022730 0.078525 0.076919 0.028950 0.996617 0.012378 0.000000 0.000000 0.000000 1.000000
0.993735 0.078657 -0.079389 0.354983 -0.080701 0.996476 -0.022869 0.078525 0.077311 0.029133 0.996581 0.012378 0.000000 0.000000 0.000000 1.000000
0.993697 0.078780 -0.079745 0.354983 -0.080844 0.996462 -0.022989 0.078525 0.077652 0.029291 0.996550 0.012378 0.000000 0.000000 0.000000 1.000000
0.993674 0.078800 -0.080016 0.354983 -0.080879 0.996457 -0.023085 0.078525 0.077913 0.029410 0.996526 0.012378 0.000000 0.000000 0.000000 1.000000
0.993664 0.078792 -0.080144 0.354983 -0.080878 0.996456 -0.023131 0.078525 0.078037 0.029466 0.996515 0.012378 0.000000 0.000000 0.000000 1.000000</float_array>
     <technique_common>
      <accessor source="#jnt_spine2-Matrix-animation-output-transform-array" count="23" stride="16">
       <param type="float4x4"></param>
      </accessor>
     </technique_common>
    </source>
    <source id="jnt_spine2-Interpolations">
     <Name_array id="jnt_spine2-Interpolations-array" count="23">
 LINEAR LINEAR LINEAR LINEAR LINEAR LINEAR LINEAR LINEAR LINEAR LINEAR LINEAR
LINEAR LINEAR LINEAR LINEAR LINEAR LINEAR LINEAR LINEAR LINEAR LINEAR LINEAR LINEAR</Name_array>
     <technique_common>
      <accessor source="#jnt_spine2-Interpolations-array" count="23">
       <param type="name"></param>
      </accessor>
     </technique_common>
    </source>
    <sampler id="jnt_spine2-Matrix-animation-transform">
     <input semantic="INPUT" source="#jnt_spine2-Matrix-animation-input"></input>
     <input semantic="OUTPUT" source="#jnt_spine2-Matrix-animation-output-transform"></input>
     <input semantic="INTERPOLATION" source="#jnt_spine2-Interpolations"></input>
    </sampler>
    <channel source="#jnt_spine2-Matrix-animation-transform" target="jnt_spine2/matrix"></channel>
   </animation>
  </animation>
  <animation id="jnt_spine3-anim" name="jnt_spine3">
   <animation>
    <source id="jnt_spine3-Matrix-animation-input">
     <float_array id="jnt_spine3-Matrix-animation-input-array" count="23">

0.000500 0.033833 0.067167 0.100500 0.133833 0.167167 0.200500 0.233833 0.267167 0.300500 0.333833 0.367167 0.400500 0.433833 0.467167 0.500500
0.533833 0.567167 0.600500 0.633833 0.667167 0.700500 0.733833</float_array>
     <technique_common>
      <accessor source="#jnt_spine3-Matrix-animation-input-array" count="23">
       <param name="TIME" type="float"></param>
      </accessor>
     </technique_common>
    </source>
    <source id="jnt_spine3-Matrix-animation-output-transform">
     <float_array id="jnt_spine3-Matrix-animation-output-transform-array" count="368">

0.977556 0.177296 0.113797 0.727646 -0.208589 0.890335 0.404714 0.078480 -0.029564 -0.419367 0.907335 -0.093513 0.000000 0.000000 0.000000 1.000000
0.977556 0.177296 0.113797 0.727646 -0.208589 0.890335 0.404714 0.078480 -0.029564 -0.419367 0.907335 -0.093513 0.000000 0.000000 0.000000 1.000000
0.977557 0.177311 0.113765 0.727646 -0.208590 0.890332 0.404721 0.078480 -0.029527 -0.419368 0.907336 -0.093513 0.000000 0.000000 0.000000 1.000000
0.977560 0.177350 0.113680 0.727646 -0.208590 0.890324 0.404739 0.078480 -0.029431 -0.419369 0.907339 -0.093513 0.000000 0.000000 0.000000 1.000000
0.977564 0.177397 0.113577 0.727646 -0.208591 0.890314 0.404761 0.078480 -0.029316 -0.419370 0.907342 -0.093513 0.000000 0.000000 0.000000 1.000000
0.977547 0.177533 0.113509 0.727646 -0.208686 0.890286 0.404773 0.078480 -0.029195 -0.419372 0.907345 -0.093513 0.000000 0.000000 0.000000 1.000000
0.977522 0.177698 0.113462 0.727646 -0.208817 0.890252 0.404779 0.078480 -0.029081 -0.419373 0.907348 -0.093513 0.000000 0.000000 0.000000 1.000000
0.977497 0.177856 0.113430 0.727646 -0.208947 0.890220 0.404782 0.078480 -0.028985 -0.419374 0.907351 -0.093513 0.000000 0.000000 0.000000 1.000000
0.977491 0.177916 0.113388 0.727646 -0.208984 0.890208 0.404790 0.078480 -0.028920 -0.419375 0.907352 -0.093513 0.000000 0.000000 0.000000 1.000000
0.977500 0.177879 0.113374 0.727646 -0.208945 0.890215 0.404794 0.078480 -0.028923 -0.419375 0.907352 -0.093513 0.000000 0.000000 0.000000 1.000000
0.977508 0.177839 0.113365 0.727646 -0.208906 0.890223 0.404797 0.078480 -0.028931 -0.419375 0.907352 -0.093513 0.000000 0.000000 0.000000 1.000000
0.977516 0.177800 0.113357 0.727646 -0.208866 0.890231 0.404800 0.078480 -0.028940 -0.419375 0.907352 -0.093513 0.000000 0.000000 0.000000 1.000000
0.977524 0.177761 0.113348 0.727646 -0.208827 0.890239 0.404803 0.078480 -0.028949 -0.419375 0.907352 -0.093513 0.000000 0.000000 0.000000 1.000000
0.977532 0.177722 0.113339 0.727646 -0.208788 0.890247 0.404806 0.078480 -0.028957 -0.419375 0.907351 -0.093513 0.000000 0.000000 0.000000 1.000000
0.977540 0.177682 0.113331 0.727646 -0.208748 0.890255 0.404809 0.078480 -0.028966 -0.419375 0.907351 -0.093513 0.000000 0.000000 0.000000 1.000000
0.977548 0.177641 0.113326 0.727646 -0.208709 0.890263 0.404811 0.078480 -0.028979 -0.419374 0.907351 -0.093513 0.000000 0.000000 0.000000 1.000000
0.977554 0.177569 0.113389 0.727646 -0.208669 0.890278 0.404799 0.078480 -0.029068 -0.419373 0.907348 -0.093513 0.000000 0.000000 0.000000 1.000000
0.977560 0.177489 0.113467 0.727646 -0.208629 0.890294 0.404783 0.078480 -0.029175 -0.419372 0.907346 -0.093513 0.000000 0.000000 0.000000 1.000000
0.977565 0.177405 0.113551 0.727646 -0.208587 0.890312 0.404766 0.078480 -0.029288 -0.419371 0.907343 -0.093513 0.000000 0.000000 0.000000 1.000000
0.977582 0.177272 0.113611 0.727646 -0.208491 0.890339 0.404756 0.078480 -0.029400 -0.419369 0.907340 -0.093513 0.000000 0.000000 0.000000 1.000000
0.977600 0.177144 0.113659 0.727646 -0.208395 0.890365 0.404749 0.078480 -0.029499 -0.419368 0.907337 -0.093513 0.000000 0.000000 0.000000 1.000000
0.977618 0.177028 0.113684 0.727646 -0.208299 0.890389 0.404746 0.078480 -0.029571 -0.419367 0.907335 -0.093513 0.000000 0.000000 0.000000 1.000000
0.977637 0.176924 0.113680 0.727646 -0.208203 0.890409 0.404750 0.078480 -0.029611 -0.419367 0.907334 -0.093513 0.000000 0.000000 0.000000 1.000000</float_array>
     <technique_common>
      <accessor source="#jnt_spine3-Matrix-animation-output-transform-array" count="23" stride="16">
       <param type="float4x4"></param>
      </accessor>
     </technique_common>
    </source>
    <source id="jnt_spine3-Interpolations">
     <Name_array id="jnt_spine3-Interpolations-array" count="23">
 LINEAR LINEAR LINEAR LINEAR LINEAR LINEAR LINEAR LINEAR LINEAR LINEAR LINEAR
LINEAR LINEAR LINEAR LINEAR LINEAR LINEAR LINEAR LINEAR LINEAR LINEAR LINEAR LINEAR</Name_array>
     <technique_common>
      <accessor source="#jnt_spine3-Interpolations-array" count="23">
       <param type="name"></param>
      </accessor>
     </technique_common>
    </source>
    <sampler id="jnt_spine3-Matrix-animation-transform">
     <input semantic="INPUT" source="#jnt_spine3-Matrix-animation-input"></input>
     <input semantic="OUTPUT" source="#jnt_spine3-Matrix-animation-output-transform"></input>
     <input semantic="INTERPOLATION" source="#jnt_spine3-Interpolations"></input>
    </sampler>
    <channel source="#jnt_spine3-Matrix-animation-transform" target="jnt_spine3/matrix"></channel>
   </animation>
  </animation>
  <animation id="jnt_neck-anim" name="jnt_neck">
   <animation>
    <source id="jnt_neck-Matrix-animation-input">
     <float_array id="jnt_neck-Matrix-animation-input-array" count="23">

0.011167 0.044500 0.077833 0.111167 0.144500 0.177833 0.211167 0.244500 0.277833 0.311167 0.344500 0.377833 0.411167 0.444500 0.477833 0.511167
0.544500 0.577833 0.611167 0.644500 0.677833 0.711167 0.744500</float_array>
     <technique_common>
      <accessor source="#jnt_neck-Matrix-animation-input-array" count="23">
       <param name="TIME" type="float"></param>
      </accessor>
     </technique_common>
    </source>
    <source id="jnt_neck-Matrix-animation-output-transform">
     <float_array id="jnt_neck-Matrix-animation-output-transform-array" count="368">

0.973760 -0.227227 -0.012660 0.680426 0.214703 0.935689 -0.279980 0.270155 0.075465 0.269915 0.959922 -0.297846 0.000000 0.000000 0.000000 1.000000
0.973678 -0.227409 -0.015402 0.680426 0.214340 0.936517 -0.277479 0.270155 0.077525 0.266874 0.960608 -0.297846 0.000000 0.000000 0.000000 1.000000
0.973653 -0.227061 -0.021043 0.680426 0.212962 0.938414 -0.272079 0.270155 0.081526 0.260429 0.962045 -0.297846 0.000000 0.000000 0.000000 1.000000
0.973591 -0.226522 -0.028434 0.680426 0.211143 0.940785 -0.265222 0.270155 0.086829 0.252214 0.963768 -0.297846 0.000000 0.000000 0.000000 1.000000
0.973524 -0.225827 -0.035415 0.680426 0.209041 0.942214 -0.261794 0.270155 0.092489 0.247459 0.964474 -0.297846 0.000000 0.000000 0.000000 1.000000
0.973456 -0.225166 -0.041052 0.680426 0.206884 0.942362 -0.262972 0.270155 0.097898 0.247499 0.963929 -0.297846 0.000000 0.000000 0.000000 1.000000
0.973395 -0.224624 -0.045241 0.680426 0.204898 0.941678 -0.266946 0.270155 0.102565 0.250575 0.962649 -0.297846 0.000000 0.000000 0.000000 1.000000
0.973363 -0.224332 -0.047324 0.680426 0.203297 0.939936 -0.274209 0.270155 0.105995 0.257284 0.960505 -0.297846 0.000000 0.000000 0.000000 1.000000
0.973384 -0.224317 -0.046962 0.680426 0.202325 0.937340 -0.283652 0.270155 0.107647 0.266601 0.957776 -0.297846 0.000000 0.000000 0.000000 1.000000
0.973465 -0.224541 -0.044130 0.680426 0.202108 0.934069 -0.294393 0.270155 0.107324 0.277662 0.954665 -0.297846 0.000000 0.000000 0.000000 1.000000
0.973523 -0.224808 -0.041406 0.680426 0.202196 0.931370 -0.302766 0.270155 0.106628 0.286377 0.952165 -0.297846 0.000000 0.000000 0.000000 1.000000
0.973538 -0.224950 -0.040263 0.680426 0.202276 0.930220 -0.306228 0.270155 0.106339 0.289981 0.951106 -0.297846 0.000000 0.000000 0.000000 1.000000
0.973533 -0.225005 -0.040092 0.680426 0.202350 0.930122 -0.306478 0.270155 0.106249 0.290253 0.951033 -0.297846 0.000000 0.000000 0.000000 1.000000
0.973527 -0.225067 -0.039883 0.680426 0.202425 0.929970 -0.306887 0.270155 0.106160 0.290690 0.950910 -0.297846 0.000000 0.000000 0.000000 1.000000
0.973706 -0.224712 -0.037433 0.680426 0.202538 0.929150 -0.309290 0.270155 0.104282 0.293576 0.950231 -0.297846 0.000000 0.000000 0.000000 1.000000
0.973854 -0.224863 -0.032324 0.680426 0.203681 0.927275 -0.314127 0.270155 0.100609 0.299330 0.948830 -0.297846 0.000000 0.000000 0.000000 1.000000
0.974023 -0.225018 -0.025436 0.680426 0.205251 0.924700 -0.320628 0.270155 0.095668 0.307078 0.946863 -0.297846 0.000000 0.000000 0.000000 1.000000
0.974172 -0.225128 -0.017496 0.680426 0.207101 0.921665 -0.328091 0.270155 0.089988 0.315993 0.944484 -0.297846 0.000000 0.000000 0.000000 1.000000
0.974232 -0.225274 -0.011138 0.680426 0.209093 0.920567 -0.329906 0.270155 0.084572 0.319076 0.943948 -0.297846 0.000000 0.000000 0.000000 1.000000
0.974146 -0.225745 -0.008858 0.680426 0.211097 0.923505 -0.320277 0.270155 0.080481 0.310127 0.947282 -0.297846 0.000000 0.000000 0.000000 1.000000
0.973972 -0.226476 -0.009404 0.680426 0.212956 0.928467 -0.304302 0.270155 0.077648 0.294379 0.952529 -0.297846 0.000000 0.000000 0.000000 1.000000
0.973787 -0.227191 -0.011079 0.680426 0.214400 0.933050 -0.288878 0.270155 0.075968 0.278931 0.957301 -0.297846 0.000000 0.000000 0.000000 1.000000
0.973688 -0.227556 -0.012295 0.680426 0.215060 0.935387 -0.280714 0.270155 0.075378 0.270684 0.959712 -0.297846 0.000000 0.000000 0.000000 1.000000</float_array>
     <technique_common>
      <accessor source="#jnt_neck-Matrix-animation-output-transform-array" count="23" stride="16">
       <param type="float4x4"></param>
      </accessor>
     </technique_common>
    </source>
    <source id="jnt_neck-Interpolations">
     <Name_array id="jnt_neck-Interpolations-array" count="23">
 LINEAR LINEAR LINEAR LINEAR LINEAR LINEAR LINEAR LINEAR LINEAR LINEAR LINEAR
LINEAR LINEAR LINEAR LINEAR LINEAR LINEAR LINEAR LINEAR LINEAR LINEAR LINEAR LINEAR</Name_array>
     <technique_common>
      <accessor source="#jnt_neck-Interpolations-array" count="23">
       <param type="name"></param>
      </accessor>
     </technique_common>
    </source>
    <sampler id="jnt_neck-Matrix-animation-transform">
     <input semantic="INPUT" source="#jnt_neck-Matrix-animation-input"></input>
     <input semantic="OUTPUT" source="#jnt_neck-Matrix-animation-output-transform"></input>
     <input semantic="INTERPOLATION" source="#jnt_neck-Interpolations"></input>
    </sampler>
    <channel source="#jnt_neck-Matrix-animation-transform" target="jnt_neck/matrix"></channel>
   </animation>
  </animation>
  <animation id="jnt_head-anim" name="jnt_head">
   <animation>
    <source id="jnt_head-Matrix-animation-input">
     <float_array id="jnt_head-Matrix-animation-input-array" count="22">

0.032833 0.066167 0.099500 0.132833 0.166167 0.199500 0.232833 0.266167 0.299500 0.332833 0.366167 0.399500 0.432833 0.466167 0.499500 0.532833
0.566167 0.599500 0.632833 0.666167 0.699500 0.732833</float_array>
     <technique_common>
      <accessor source="#jnt_head-Matrix-animation-input-array" count="22">
       <param name="TIME" type="float"></param>
      </accessor>
     </technique_common>
    </source>
    <source id="jnt_head-Matrix-animation-output-transform">
     <float_array id="jnt_head-Matrix-animation-output-transform-array" count="352">

0.893812 -0.409698 0.182340 0.273590 0.335024 0.880345 0.335785 0.000002 -0.298092 -0.239040 0.924122 -0.000000 0.000000 0.000000 0.000000 1.000000
0.893226 -0.410419 0.183581 0.273590 0.335653 0.880381 0.335061 0.000002 -0.299136 -0.237666 0.924139 -0.000000 0.000000 0.000000 0.000000 1.000000
0.892201 -0.411819 0.185425 0.273590 0.336864 0.880266 0.334149 0.000002 -0.300832 -0.235666 0.924101 -0.000000 0.000000 0.000000 0.000000 1.000000
0.892084 -0.410796 0.188233 0.273590 0.336610 0.882046 0.329680 0.000002 -0.301461 -0.230741 0.925138 -0.000000 0.000000 0.000000 0.000000 1.000000
0.893549 -0.405139 0.193471 0.273590 0.333001 0.887093 0.319650 0.000002 -0.301129 -0.221197 0.927574 -0.000000 0.000000 0.000000 0.000000 1.000000
0.896284 -0.395907 0.199832 0.273590 0.326861 0.894268 0.305689 0.000002 -0.299728 -0.208667 0.930925 -0.000000 0.000000 0.000000 0.000000 1.000000
0.899975 -0.384218 0.205965 0.273590 0.319040 0.902463 0.289438 0.000002 -0.297083 -0.194776 0.934775 -0.000000 0.000000 0.000000 0.000000 1.000000
0.904089 -0.371456 0.211289 0.273590 0.310371 0.910617 0.272850 0.000002 -0.293755 -0.181102 0.938568 -0.000000 0.000000 0.000000 0.000000 1.000000
0.908188 -0.359059 0.215108 0.273590 0.301803 0.917840 0.257845 0.000002 -0.290016 -0.169252 0.941937 -0.000000 0.000000 0.000000 0.000000 1.000000
0.911577 -0.348912 0.217456 0.273590 0.294702 0.923347 0.246133 0.000002 -0.286666 -0.160284 0.944527 -0.000000 0.000000 0.000000 0.000000 1.000000
0.913458 -0.343073 0.218847 0.273590 0.290585 0.926418 0.239397 0.000002 -0.284874 -0.155086 0.945936 -0.000000 0.000000 0.000000 0.000000 1.000000
0.913680 -0.342372 0.219018 0.273590 0.290098 0.926786 0.238559 0.000002 -0.284659 -0.154430 0.946108 -0.000000 0.000000 0.000000 0.000000 1.000000
0.913807 -0.342159 0.218825 0.273590 0.289911 0.926843 0.238567 0.000002 -0.284443 -0.154564 0.946151 -0.000000 0.000000 0.000000 0.000000 1.000000
0.914030 -0.341850 0.218374 0.273590 0.289679 0.926921 0.238544 0.000002 -0.283962 -0.154778 0.946261 -0.000000 0.000000 0.000000 0.000000 1.000000
0.914605 -0.341082 0.217165 0.273590 0.288931 0.927007 0.239117 0.000002 -0.282871 -0.155952 0.946395 -0.000000 0.000000 0.000000 0.000000 1.000000
0.915460 -0.339954 0.215321 0.273590 0.287846 0.927127 0.239958 0.000002 -0.281204 -0.157693 0.946603 -0.000000 0.000000 0.000000 0.000000 1.000000
0.916489 -0.338593 0.213080 0.273590 0.286547 0.927265 0.240980 0.000002 -0.279175 -0.159799 0.946851 -0.000000 0.000000 0.000000 0.000000 1.000000
0.916817 -0.339307 0.210513 0.273590 0.286640 0.926281 0.244624 0.000002 -0.277997 -0.163934 0.946490 -0.000000 0.000000 0.000000 0.000000 1.000000
0.913170 -0.352417 0.204750 0.273590 0.295561 0.918487 0.262726 0.000002 -0.280649 -0.179397 0.942896 -0.000000 0.000000 0.000000 0.000000 1.000000
0.906665 -0.373006 0.197041 0.273590 0.309682 0.905688 0.289528 0.000002 -0.286453 -0.201484 0.936669 -0.000000 0.000000 0.000000 0.000000 1.000000
0.899748 -0.393479 0.188752 0.273590 0.323753 0.891846 0.315902 0.000002 -0.292638 -0.223124 0.929827 -0.000000 0.000000 0.000000 0.000000 1.000000
0.894989 -0.406920 0.182783 0.273590 0.333003 0.882089 0.333210 0.000002 -0.296820 -0.237352 0.924966 -0.000000 0.000000 0.000000 0.000000 1.000000</float_array>
     <technique_common>
      <accessor source="#jnt_head-Matrix-animation-output-transform-array" count="22" stride="16">
       <param type="float4x4"></param>
      </accessor>
     </technique_common>
    </source>
    <source id="jnt_head-Interpolations">
     <Name_array id="jnt_head-Interpolations-array" count="22">
 LINEAR LINEAR LINEAR LINEAR LINEAR LINEAR LINEAR LINEAR LINEAR LINEAR LINEAR
LINEAR LINEAR LINEAR LINEAR LINEAR LINEAR LINEAR LINEAR LINEAR LINEAR LINEAR</Name_array>
     <technique_common>
      <accessor source="#jnt_head-Interpolations-array" count="22">
       <param type="name"></param>
      </accessor>
     </technique_common>
    </source>
    <sampler id="jnt_head-Matrix-animation-transform">
     <input semantic="INPUT" source="#jnt_head-Matrix-animation-input"></input>
     <input semantic="OUTPUT" source="#jnt_head-Matrix-animation-output-transform"></input>
     <input semantic="INTERPOLATION" source="#jnt_head-Interpolations"></input>
    </sampler>
    <channel source="#jnt_head-Matrix-animation-transform" target="jnt_head/matrix"></channel>
   </animation>
  </animation>
  <animation id="jnt_left_arm-anim" name="jnt_left_arm">
   <animation>
    <source id="jnt_left_arm-Matrix-animation-input">
     <float_array id="jnt_left_arm-Matrix-animation-input-array" count="23">

0.006667 0.040000 0.073333 0.106667 0.140000 0.173333 0.206667 0.240000 0.273333 0.306667 0.340000 0.373333 0.406667 0.440000 0.473333 0.506667
0.540000 0.573333 0.606667 0.640000 0.673333 0.706667 0.740000</float_array>
     <technique_common>
      <accessor source="#jnt_left_arm-Matrix-animation-input-array" count="23">
       <param name="TIME" type="float"></param>
      </accessor>
     </technique_common>
    </source>
    <source id="jnt_left_arm-Matrix-animation-output-transform">
     <float_array id="jnt_left_arm-Matrix-animation-output-transform-array" count="368">

0.479976 -0.613926 0.626672 -0.366435 0.586303 0.755856 0.291427 -0.255407 -0.652589 0.227542 0.722739 0.134598 0.000000 0.000000 0.000000 1.000000
0.485647 -0.615267 0.620961 -0.366435 0.596895 0.752376 0.278653 -0.255407 -0.638643 0.235322 0.732638 0.134598 0.000000 0.000000 0.000000 1.000000
0.485176 -0.619825 0.616782 -0.366435 0.608785 0.745771 0.270567 -0.255407 -0.627684 0.244215 0.739170 0.134598 0.000000 0.000000 0.000000 1.000000
0.481096 -0.625531 0.614213 -0.366435 0.620411 0.737939 0.265587 -0.255407 -0.619385 0.253292 0.743105 0.134598 0.000000 0.000000 0.000000 1.000000
0.475009 -0.631563 0.612776 -0.366435 0.631574 0.729575 0.262364 -0.255407 -0.612766 0.262388 0.745433 0.134598 0.000000 0.000000 0.000000 1.000000
0.468544 -0.637172 0.611946 -0.366435 0.641989 0.721423 0.259615 -0.255407 -0.606892 0.271222 0.747075 0.134598 0.000000 0.000000 0.000000 1.000000
0.463387 -0.641611 0.611235 -0.366435 0.651365 0.714284 0.255973 -0.255407 -0.600831 0.279522 0.748912 0.134598 0.000000 0.000000 0.000000 1.000000
0.460274 -0.644622 0.610417 -0.366435 0.660014 0.708317 0.250337 -0.255407 -0.593743 0.287660 0.751479 0.134598 0.000000 0.000000 0.000000 1.000000
0.460235 -0.645785 0.609216 -0.366435 0.667369 0.704205 0.242310 -0.255407 -0.585494 0.295052 0.755076 0.134598 0.000000 0.000000 0.000000 1.000000
0.463509 -0.645311 0.607233 -0.366435 0.673043 0.702135 0.232423 -0.255407 -0.576346 0.300964 0.759767 0.134598 0.000000 0.000000 0.000000 1.000000
