<?xml version="1.0"?>
<COLLADA xmlns="http://www.collada.org/2005/11/COLLADASchema" version="1.4.1">
 <asset>
  <contributor>
   <author></author>
   <authoring_tool>FBX COLLADA exporter</authoring_tool>
   <comments></comments>
  </contributor>
  <created>2024-06-25T20:17:18Z</created>
  <keywords></keywords>
  <modified>2024-06-25T20:17:18Z</modified>
  <revision></revision>
  <subject></subject>
  <title></title>
  <unit meter="0.010000" name="centimeter"></unit>
  <up_axis>Y_UP</up_axis>
 </asset>
 <library_animations>
  <animation id="Character-anim" name="Character">
   <animation>
    <source id="Character-Matrix-animation-input">
     <float_array id="Character-Matrix-animation-input-array" count="45">

0.000000 0.033333 0.066667 0.100000 0.133333 0.166667 0.200000 0.233333 0.266667 0.300000 0.333333 0.366667 0.400000 0.433333 0.466667 0.500000
0.533333 0.566667 0.600000 0.633333 0.666667 0.700000 0.733333 0.766667 0.800000 0.833333 0.866667 0.900000 0.933333 0.966667 1.000000 1.033333
1.066667 1.100000 1.133333 1.166667 1.200000 1.233333 1.266667 1.300000 1.333333 1.366667 1.400000 1.433333 1.466667</float_array>
     <technique_common>
      <accessor source="#Character-Matrix-animation-input-array" count="45">
       <param name="TIME" type="float"></param>
      </accessor>
     </technique_common>
    </source>
    <source id="Character-Matrix-animation-output-transform">
     <float_array id="Character-Matrix-animation-output-transform-array" count="720">

1.000000 0.000000 0.000000 0.000000 0.000000 1.000000 -0.000000 0.000000 0.000000 0.000000 1.000000 0.000000 0.000000 0.000000 0.000000 1.000000
1.000000 0.000000 0.000000 0.000000 0.000000 1.000000 -0.000000 0.000000 0.000000 0.000000 1.000000 0.000000 0.000000 0.000000 0.000000 1.000000
1.000000 0.000000 0.000000 0.000000 0.000000 1.000000 -0.000000 0.000000 0.000000 0.000000 1.000000 0.000000 0.000000 0.000000 0.000000 1.000000
1.000000 0.000000 0.000000 0.000000 0.000000 1.000000 -0.000000 0.000000 0.000000 0.000000 1.000000 0.000000 0.000000 0.000000 0.000000 1.000000
1.000000 0.000000 0.000000 0.000000 0.000000 1.000000 -0.000000 0.000000 0.000000 0.000000 1.000000 0.000000 0.000000 0.000000 0.000000 1.000000
1.000000 0.000000 0.000000 0.000000 0.000000 1.000000 -0.000000 0.000000 0.000000 0.000000 1.000000 0.000000 0.000000 0.000000 0.000000 1.000000
1.000000 0.000000 0.000000 0.000000 0.000000 1.000000 -0.000000 0.000000 0.000000 0.000000 1.000000 0.000000 0.000000 0.000000 0.000000 1.000000
1.000000 0.000000 0.000000 0.000000 0.000000 1.000000 -0.000000 0.000000 0.000000 0.000000 1.000000 0.000000 0.000000 0.000000 0.000000 1.000000
1.000000 0.000000 0.000000 0.000000 0.000000 1.000000 -0.000000 0.000000 0.000000 0.000000 1.000000 0.000000 0.000000 0.000000 0.000000 1.000000
1.000000 0.000000 0.000000 0.000000 0.000000 1.000000 -0.000000 0.000000 0.000000 0.000000 1.000000 0.000000 0.000000 0.000000 0.000000 1.000000
1.000000 0.000000 0.000000 0.000000 0.000000 1.000000 -0.000000 0.000000 0.000000 0.000000 1.000000 0.000000 0.000000 0.000000 0.000000 1.000000
1.000000 0.000000 0.000000 0.000000 0.000000 1.000000 -0.000000 0.000000 0.000000 0.000000 1.000000 0.000000 0.000000 0.000000 0.000000 1.000000
1.000000 0.000000 0.000000 0.000000 0.000000 1.000000 -0.000000 0.000000 0.000000 0.000000 1.000000 0.000000 0.000000 0.000000 0.000000 1.000000
1.000000 0.000000 0.000000 0.000000 0.000000 1.000000 -0.000000 0.000000 0.000000 0.000000 1.000000 0.000000 0.000000 0.000000 0.000000 1.000000
1.000000 0.000000 0.000000 0.000000 0.000000 1.000000 -0.000000 0.000000 0.000000 0.000000 1.000000 0.000000 0.000000 0.000000 0.000000 1.000000
1.000000 0.000000 0.000000 0.000000 0.000000 1.000000 -0.000000 0.000000 0.000000 0.000000 1.000000 0.000000 0.000000 0.000000 0.000000 1.000000
1.000000 0.000000 0.000000 0.000000 0.000000 1.000000 -0.000000 0.000000 0.000000 0.000000 1.000000 0.000000 0.000000 0.000000 0.000000 1.000000
1.000000 0.000000 0.000000 0.000000 0.000000 1.000000 -0.000000 0.000000 0.000000 0.000000 1.000000 0.000000 0.000000 0.000000 0.000000 1.000000
1.000000 0.000000 0.000000 0.000000 0.000000 1.000000 -0.000000 0.000000 0.000000 0.000000 1.000000 0.000000 0.000000 0.000000 0.000000 1.000000
1.000000 0.000000 0.000000 0.000000 0.000000 1.000000 -0.000000 0.000000 0.000000 0.000000 1.000000 0.000000 0.000000 0.000000 0.000000 1.000000
1.000000 0.000000 0.000000 0.000000 0.000000 1.000000 -0.000000 0.000000 0.000000 0.000000 1.000000 0.000000 0.000000 0.000000 0.000000 1.000000
1.000000 0.000000 0.000000 0.000000 0.000000 1.000000 -0.000000 0.000000 0.000000 0.000000 1.000000 0.000000 0.000000 0.000000 0.000000 1.000000
1.000000 0.000000 0.000000 0.000000 0.000000 1.000000 -0.000000 0.000000 0.000000 0.000000 1.000000 0.000000 0.000000 0.000000 0.000000 1.000000
1.000000 0.000000 0.000000 0.000000 0.000000 1.000000 -0.000000 0.000000 0.000000 0.000000 1.000000 0.000000 0.000000 0.000000 0.000000 1.000000
1.000000 0.000000 0.000000 0.000000 0.000000 1.000000 -0.000000 0.000000 0.000000 0.000000 1.000000 0.000000 0.000000 0.000000 0.000000 1.000000
1.000000 0.000000 0.000000 0.000000 0.000000 1.000000 -0.000000 0.000000 0.000000 0.000000 1.000000 0.000000 0.000000 0.000000 0.000000 1.000000
1.000000 0.000000 0.000000 0.000000 0.000000 1.000000 -0.000000 0.000000 0.000000 0.000000 1.000000 0.000000 0.000000 0.000000 0.000000 1.000000
1.000000 0.000000 0.000000 0.000000 0.000000 1.000000 -0.000000 0.000000 0.000000 0.000000 1.000000 0.000000 0.000000 0.000000 0.000000 1.000000
1.000000 0.000000 0.000000 0.000000 0.000000 1.000000 -0.000000 0.000000 0.000000 0.000000 1.000000 0.000000 0.000000 0.000000 0.000000 1.000000
1.000000 0.000000 0.000000 0.000000 0.000000 1.000000 -0.000000 0.000000 0.000000 0.000000 1.000000 0.000000 0.000000 0.000000 0.000000 1.000000
1.000000 0.000000 0.000000 0.000000 0.000000 1.000000 -0.000000 0.000000 0.000000 0.000000 1.000000 0.000000 0.000000 0.000000 0.000000 1.000000
1.000000 0.000000 0.000000 0.000000 0.000000 1.000000 -0.000000 0.000000 0.000000 0.000000 1.000000 0.000000 0.000000 0.000000 0.000000 1.000000
1.000000 0.000000 0.000000 0.000000 0.000000 1.000000 -0.000000 0.000000 0.000000 0.000000 1.000000 0.000000 0.000000 0.000000 0.000000 1.000000
1.000000 0.000000 0.000000 0.000000 0.000000 1.000000 -0.000000 0.000000 0.000000 0.000000 1.000000 0.000000 0.000000 0.000000 0.000000 1.000000
1.000000 0.000000 0.000000 0.000000 0.000000 1.000000 -0.000000 0.000000 0.000000 0.000000 1.000000 0.000000 0.000000 0.000000 0.000000 1.000000
1.000000 0.000000 0.000000 0.000000 0.000000 1.000000 -0.000000 0.000000 0.000000 0.000000 1.000000 0.000000 0.000000 0.000000 0.000000 1.000000
1.000000 0.000000 0.000000 0.000000 0.000000 1.000000 -0.000000 0.000000 0.000000 0.000000 1.000000 0.000000 0.000000 0.000000 0.000000 1.000000
1.000000 0.000000 0.000000 0.000000 0.000000 1.000000 -0.000000 0.000000 0.000000 0.000000 1.000000 0.000000 0.000000 0.000000 0.000000 1.000000
1.000000 0.000000 0.000000 0.000000 0.000000 1.000000 -0.000000 0.000000 0.000000 0.000000 1.000000 0.000000 0.000000 0.000000 0.000000 1.000000
1.000000 0.000000 0.000000 0.000000 0.000000 1.000000 -0.000000 0.000000 0.000000 0.000000 1.000000 0.000000 0.000000 0.000000 0.000000 1.000000
1.000000 0.000000 0.000000 0.000000 0.000000 1.000000 -0.000000 0.000000 0.000000 0.000000 1.000000 0.000000 0.000000 0.000000 0.000000 1.000000
1.000000 0.000000 0.000000 0.000000 0.000000 1.000000 -0.000000 0.000000 0.000000 0.000000 1.000000 0.000000 0.000000 0.000000 0.000000 1.000000
1.000000 0.000000 0.000000 0.000000 0.000000 1.000000 -0.000000 0.000000 0.000000 0.000000 1.000000 0.000000 0.000000 0.000000 0.000000 1.000000
1.000000 0.000000 0.000000 0.000000 0.000000 1.000000 -0.000000 0.000000 0.000000 0.000000 1.000000 0.000000 0.000000 0.000000 0.000000 1.000000
1.000000 0.000000 0.000000 0.000000 0.000000 1.000000 -0.000000 0.000000 0.000000 0.000000 1.000000 0.000000 0.000000 0.000000 0.000000 1.000000</float_array>
     <technique_common>
      <accessor source="#Character-Matrix-animation-output-transform-array" count="45" stride="16">
       <param type="float4x4"></param>
      </accessor>
     </technique_common>
    </source>
    <source id="Character-Interpolations">
     <Name_array id="Character-Interpolations-array" count="45">
 LINEAR LINEAR LINEAR LINEAR LINEAR LINEAR LINEAR LINEAR LINEAR LINEAR LINEAR
LINEAR LINEAR LINEAR LINEAR LINEAR LINEAR LINEAR LINEAR LINEAR LINEAR LINEAR LINEAR
LINEAR LINEAR LINEAR LINEAR LINEAR LINEAR LINEAR LINEAR LINEAR LINEAR LINEAR LINEAR
LINEAR LINEAR LINEAR LINEAR LINEAR LINEAR LINEAR LINEAR LINEAR LINEAR</Name_array>
     <technique_common>
      <accessor source="#Character-Interpolations-array" count="45">
       <param type="name"></param>
      </accessor>
     </technique_common>
    </source>
    <sampler id="Character-Matrix-animation-transform">
     <input semantic="INPUT" source="#Character-Matrix-animation-input"></input>
     <input semantic="OUTPUT" source="#Character-Matrix-animation-output-transform"></input>
     <input semantic="INTERPOLATION" source="#Character-Interpolations"></input>
    </sampler>
    <channel source="#Character-Matrix-animation-transform" target="Character/matrix"></channel>
   </animation>
  </animation>
  <animation id="HIK_root_jnt-anim" name="HIK_root_jnt">
   <animation>
    <source id="HIK_root_jnt-Matrix-animation-input">
     <float_array id="HIK_root_jnt-Matrix-animation-input-array" count="45">

0.000000 0.033333 0.066667 0.100000 0.133333 0.166667 0.200000 0.233333 0.266667 0.300000 0.333333 0.366667 0.400000 0.433333 0.466667 0.500000
0.533333 0.566667 0.600000 0.633333 0.666667 0.700000 0.733333 0.766667 0.800000 0.833333 0.866667 0.900000 0.933333 0.966667 1.000000 1.033333
1.066667 1.100000 1.133333 1.166667 1.200000 1.233333 1.266667 1.300000 1.333333 1.366667 1.400000 1.433333 1.466667</float_array>
     <technique_common>
      <accessor source="#HIK_root_jnt-Matrix-animation-input-array" count="45">
       <param name="TIME" type="float"></param>
      </accessor>
     </technique_common>
    </source>
    <source id="HIK_root_jnt-Matrix-animation-output-transform">
     <float_array id="HIK_root_jnt-Matrix-animation-output-transform-array" count="720">

1.000000 0.000000 0.000000 0.000000 0.000000 1.000000 -0.000000 0.000000 0.000000 0.000000 1.000000 0.000000 0.000000 0.000000 0.000000 1.000000
1.000000 0.000000 0.000000 0.000000 0.000000 1.000000 -0.000000 0.000000 0.000000 0.000000 1.000000 0.000000 0.000000 0.000000 0.000000 1.000000
1.000000 0.000000 0.000000 0.000000 0.000000 1.000000 -0.000000 0.000000 0.000000 0.000000 1.000000 0.000000 0.000000 0.000000 0.000000 1.000000
1.000000 0.000000 0.000000 0.000000 0.000000 1.000000 -0.000000 0.000000 0.000000 0.000000 1.000000 0.000000 0.000000 0.000000 0.000000 1.000000
1.000000 0.000000 0.000000 0.000000 0.000000 1.000000 -0.000000 0.000000 0.000000 0.000000 1.000000 0.000000 0.000000 0.000000 0.000000 1.000000
1.000000 0.000000 0.000000 0.000000 0.000000 1.000000 -0.000000 0.000000 0.000000 0.000000 1.000000 0.000000 0.000000 0.000000 0.000000 1.000000
1.000000 0.000000 0.000000 0.000000 0.000000 1.000000 -0.000000 0.000000 0.000000 0.000000 1.000000 0.000000 0.000000 0.000000 0.000000 1.000000
1.000000 0.000000 0.000000 0.000000 0.000000 1.000000 -0.000000 0.000000 0.000000 0.000000 1.000000 0.000000 0.000000 0.000000 0.000000 1.000000
1.000000 0.000000 0.000000 0.000000 0.000000 1.000000 -0.000000 0.000000 0.000000 0.000000 1.000000 0.000000 0.000000 0.000000 0.000000 1.000000
1.000000 0.000000 0.000000 0.000000 0.000000 1.000000 -0.000000 0.000000 0.000000 0.000000 1.000000 0.000000 0.000000 0.000000 0.000000 1.000000
1.000000 0.000000 0.000000 0.000000 0.000000 1.000000 -0.000000 0.000000 0.000000 0.000000 1.000000 0.000000 0.000000 0.000000 0.000000 1.000000
1.000000 0.000000 0.000000 0.000000 0.000000 1.000000 -0.000000 0.000000 0.000000 0.000000 1.000000 0.000000 0.000000 0.000000 0.000000 1.000000
1.000000 0.000000 0.000000 0.000000 0.000000 1.000000 -0.000000 0.000000 0.000000 0.000000 1.000000 0.000000 0.000000 0.000000 0.000000 1.000000
1.000000 0.000000 0.000000 0.000000 0.000000 1.000000 -0.000000 0.000000 0.000000 0.000000 1.000000 0.000000 0.000000 0.000000 0.000000 1.000000
1.000000 0.000000 0.000000 0.000000 0.000000 1.000000 -0.000000 0.000000 0.000000 0.000000 1.000000 0.000000 0.000000 0.000000 0.000000 1.000000
1.000000 0.000000 0.000000 0.000000 0.000000 1.000000 -0.000000 0.000000 0.000000 0.000000 1.000000 0.000000 0.000000 0.000000 0.000000 1.000000
1.000000 0.000000 0.000000 0.000000 0.000000 1.000000 -0.000000 0.000000 0.000000 0.000000 1.000000 0.000000 0.000000 0.000000 0.000000 1.000000
1.000000 0.000000 0.000000 0.000000 0.000000 1.000000 -0.000000 0.000000 0.000000 0.000000 1.000000 0.000000 0.000000 0.000000 0.000000 1.000000
1.000000 0.000000 0.000000 0.000000 0.000000 1.000000 -0.000000 0.000000 0.000000 0.000000 1.000000 0.000000 0.000000 0.000000 0.000000 1.000000
1.000000 0.000000 0.000000 0.000000 0.000000 1.000000 -0.000000 0.000000 0.000000 0.000000 1.000000 0.000000 0.000000 0.000000 0.000000 1.000000
1.000000 0.000000 0.000000 0.000000 0.000000 1.000000 -0.000000 0.000000 0.000000 0.000000 1.000000 0.000000 0.000000 0.000000 0.000000 1.000000
1.000000 0.000000 0.000000 0.000000 0.000000 1.000000 -0.000000 0.000000 0.000000 0.000000 1.000000 0.000000 0.000000 0.000000 0.000000 1.000000
1.000000 0.000000 0.000000 0.000000 0.000000 1.000000 -0.000000 0.000000 0.000000 0.000000 1.000000 0.000000 0.000000 0.000000 0.000000 1.000000
1.000000 0.000000 0.000000 0.000000 0.000000 1.000000 -0.000000 0.000000 0.000000 0.000000 1.000000 0.000000 0.000000 0.000000 0.000000 1.000000
1.000000 0.000000 0.000000 0.000000 0.000000 1.000000 -0.000000 0.000000 0.000000 0.000000 1.000000 0.000000 0.000000 0.000000 0.000000 1.000000
1.000000 0.000000 0.000000 0.000000 0.000000 1.000000 -0.000000 0.000000 0.000000 0.000000 1.000000 0.000000 0.000000 0.000000 0.000000 1.000000
1.000000 0.000000 0.000000 0.000000 0.000000 1.000000 -0.000000 0.000000 0.000000 0.000000 1.000000 0.000000 0.000000 0.000000 0.000000 1.000000
1.000000 0.000000 0.000000 0.000000 0.000000 1.000000 -0.000000 0.000000 0.000000 0.000000 1.000000 0.000000 0.000000 0.000000 0.000000 1.000000
1.000000 0.000000 0.000000 0.000000 0.000000 1.000000 -0.000000 0.000000 0.000000 0.000000 1.000000 0.000000 0.000000 0.000000 0.000000 1.000000
1.000000 0.000000 0.000000 0.000000 0.000000 1.000000 -0.000000 0.000000 0.000000 0.000000 1.000000 0.000000 0.000000 0.000000 0.000000 1.000000
1.000000 0.000000 0.000000 0.000000 0.000000 1.000000 -0.000000 0.000000 0.000000 0.000000 1.000000 0.000000 0.000000 0.000000 0.000000 1.000000
1.000000 0.000000 0.000000 0.000000 0.000000 1.000000 -0.000000 0.000000 0.000000 0.000000 1.000000 0.000000 0.000000 0.000000 0.000000 1.000000
1.000000 0.000000 0.000000 0.000000 0.000000 1.000000 -0.000000 0.000000 0.000000 0.000000 1.000000 0.000000 0.000000 0.000000 0.000000 1.000000
1.000000 0.000000 0.000000 0.000000 0.000000 1.000000 -0.000000 0.000000 0.000000 0.000000 1.000000 0.000000 0.000000 0.000000 0.000000 1.000000
1.000000 0.000000 0.000000 0.000000 0.000000 1.000000 -0.000000 0.000000 0.000000 0.000000 1.000000 0.000000 0.000000 0.000000 0.000000 1.000000
1.000000 0.000000 0.000000 0.000000 0.000000 1.000000 -0.000000 0.000000 0.000000 0.000000 1.000000 0.000000 0.000000 0.000000 0.000000 1.000000
1.000000 0.000000 0.000000 0.000000 0.000000 1.000000 -0.000000 0.000000 0.000000 0.000000 1.000000 0.000000 0.000000 0.000000 0.000000 1.000000
1.000000 0.000000 0.000000 0.000000 0.000000 1.000000 -0.000000 0.000000 0.000000 0.000000 1.000000 0.000000 0.000000 0.000000 0.000000 1.000000
1.000000 0.000000 0.000000 0.000000 0.000000 1.000000 -0.000000 0.000000 0.000000 0.000000 1.000000 0.000000 0.000000 0.000000 0.000000 1.000000
1.000000 0.000000 0.000000 0.000000 0.000000 1.000000 -0.000000 0.000000 0.000000 0.000000 1.000000 0.000000 0.000000 0.000000 0.000000 1.000000
1.000000 0.000000 0.000000 0.000000 0.000000 1.000000 -0.000000 0.000000 0.000000 0.000000 1.000000 0.000000 0.000000 0.000000 0.000000 1.000000
1.000000 0.000000 0.000000 0.000000 0.000000 1.000000 -0.000000 0.000000 0.000000 0.000000 1.000000 0.000000 0.000000 0.000000 0.000000 1.000000
1.000000 0.000000 0.000000 0.000000 0.000000 1.000000 -0.000000 0.000000 0.000000 0.000000 1.000000 0.000000 0.000000 0.000000 0.000000 1.000000
1.000000 0.000000 0.000000 0.000000 0.000000 1.000000 -0.000000 0.000000 0.000000 0.000000 1.000000 0.000000 0.000000 0.000000 0.000000 1.000000
1.000000 0.000000 0.000000 0.000000 0.000000 1.000000 -0.000000 0.000000 0.000000 0.000000 1.000000 0.000000 0.000000 0.000000 0.000000 1.000000</float_array>
     <technique_common>
      <accessor source="#HIK_root_jnt-Matrix-animation-output-transform-array" count="45" stride="16">
       <param type="float4x4"></param>
      </accessor>
     </technique_common>
    </source>
    <source id="HIK_root_jnt-Interpolations">
     <Name_array id="HIK_root_jnt-Interpolations-array" count="45">
 LINEAR LINEAR LINEAR LINEAR LINEAR LINEAR LINEAR LINEAR LINEAR LINEAR LINEAR
LINEAR LINEAR LINEAR LINEAR LINEAR LINEAR LINEAR LINEAR LINEAR LINEAR LINEAR LINEAR
LINEAR LINEAR LINEAR LINEAR LINEAR LINEAR LINEAR LINEAR LINEAR LINEAR LINEAR LINEAR
LINEAR LINEAR LINEAR LINEAR LINEAR LINEAR LINEAR LINEAR LINEAR LINEAR</Name_array>
     <technique_common>
      <accessor source="#HIK_root_jnt-Interpolations-array" count="45">
       <param type="name"></param>
      </accessor>
     </technique_common>
    </source>
    <sampler id="HIK_root_jnt-Matrix-animation-transform">
     <input semantic="INPUT" source="#HIK_root_jnt-Matrix-animation-input"></input>
     <input semantic="OUTPUT" source="#HIK_root_jnt-Matrix-animation-output-transform"></input>
     <input semantic="INTERPOLATION" source="#HIK_root_jnt-Interpolations"></input>
    </sampler>
    <channel source="#HIK_root_jnt-Matrix-animation-transform" target="HIK_root_jnt/matrix"></channel>
   </animation>
  </animation>
  <animation id="root_jnt-anim" name="root_jnt">
   <animation>
    <source id="root_jnt-Matrix-animation-input">
     <float_array id="root_jnt-Matrix-animation-input-array" count="45">

0.000000 0.033333 0.066667 0.100000 0.133333 0.166667 0.200000 0.233333 0.266667 0.300000 0.333333 0.366667 0.400000 0.433333 0.466667 0.500000
0.533333 0.566667 0.600000 0.633333 0.666667 0.700000 0.733333 0.766667 0.800000 0.833333 0.866667 0.900000 0.933333 0.966667 1.000000 1.033333
1.066667 1.100000 1.133333 1.166667 1.200000 1.233333 1.266667 1.300000 1.333333 1.366667 1.400000 1.433333 1.466667</float_array>
     <technique_common>
      <accessor source="#root_jnt-Matrix-animation-input-array" count="45">
       <param name="TIME" type="float"></param>
      </accessor>
     </technique_common>
    </source>
    <source id="root_jnt-Matrix-animation-output-transform">
     <float_array id="root_jnt-Matrix-animation-output-transform-array" count="720">

1.000000 0.000000 0.000000 0.000000 0.000000 1.000000 -0.000000 0.000000 0.000000 0.000000 1.000000 0.000000 0.000000 0.000000 0.000000 1.000000
1.000000 0.000000 0.000000 0.000000 0.000000 1.000000 -0.000000 0.000000 0.000000 0.000000 1.000000 0.000000 0.000000 0.000000 0.000000 1.000000
1.000000 0.000000 0.000000 0.000000 0.000000 1.000000 -0.000000 0.000000 0.000000 0.000000 1.000000 0.000000 0.000000 0.000000 0.000000 1.000000
1.000000 0.000000 0.000000 0.000000 0.000000 1.000000 -0.000000 0.000000 0.000000 0.000000 1.000000 0.000000 0.000000 0.000000 0.000000 1.000000
1.000000 0.000000 0.000000 0.000000 0.000000 1.000000 -0.000000 0.000000 0.000000 0.000000 1.000000 0.000000 0.000000 0.000000 0.000000 1.000000
1.000000 0.000000 0.000000 0.000000 0.000000 1.000000 -0.000000 0.000000 0.000000 0.000000 1.000000 0.000000 0.000000 0.000000 0.000000 1.000000
1.000000 0.000000 0.000000 0.000000 0.000000 1.000000 -0.000000 0.000000 0.000000 0.000000 1.000000 0.000000 0.000000 0.000000 0.000000 1.000000
1.000000 0.000000 0.000000 0.000000 0.000000 1.000000 -0.000000 0.000000 0.000000 0.000000 1.000000 0.000000 0.000000 0.000000 0.000000 1.000000
1.000000 0.000000 0.000000 0.000000 0.000000 1.000000 -0.000000 0.000000 0.000000 0.000000 1.000000 0.000000 0.000000 0.000000 0.000000 1.000000
1.000000 0.000000 0.000000 0.000000 0.000000 1.000000 -0.000000 0.000000 0.000000 0.000000 1.000000 0.000000 0.000000 0.000000 0.000000 1.000000
1.000000 0.000000 0.000000 0.000000 0.000000 1.000000 -0.000000 0.000000 0.000000 0.000000 1.000000 0.000000 0.000000 0.000000 0.000000 1.000000
1.000000 0.000000 0.000000 0.000000 0.000000 1.000000 -0.000000 0.000000 0.000000 0.000000 1.000000 0.000000 0.000000 0.000000 0.000000 1.000000
1.000000 0.000000 0.000000 0.000000 0.000000 1.000000 -0.000000 0.000000 0.000000 0.000000 1.000000 0.000000 0.000000 0.000000 0.000000 1.000000
1.000000 0.000000 0.000000 0.000000 0.000000 1.000000 -0.000000 0.000000 0.000000 0.000000 1.000000 0.000000 0.000000 0.000000 0.000000 1.000000
1.000000 0.000000 0.000000 0.000000 0.000000 1.000000 -0.000000 0.000000 0.000000 0.000000 1.000000 0.000000 0.000000 0.000000 0.000000 1.000000
1.000000 0.000000 0.000000 0.000000 0.000000 1.000000 -0.000000 0.000000 0.000000 0.000000 1.000000 0.000000 0.000000 0.000000 0.000000 1.000000
1.000000 0.000000 0.000000 0.000000 0.000000 1.000000 -0.000000 0.000000 0.000000 0.000000 1.000000 0.000000 0.000000 0.000000 0.000000 1.000000
1.000000 0.000000 0.000000 0.000000 0.000000 1.000000 -0.000000 0.000000 0.000000 0.000000 1.000000 0.000000 0.000000 0.000000 0.000000 1.000000
1.000000 0.000000 0.000000 0.000000 0.000000 1.000000 -0.000000 0.000000 0.000000 0.000000 1.000000 0.000000 0.000000 0.000000 0.000000 1.000000
1.000000 0.000000 0.000000 0.000000 0.000000 1.000000 -0.000000 0.000000 0.000000 0.000000 1.000000 0.000000 0.000000 0.000000 0.000000 1.000000
1.000000 0.000000 0.000000 0.000000 0.000000 1.000000 -0.000000 0.000000 0.000000 0.000000 1.000000 0.000000 0.000000 0.000000 0.000000 1.000000
1.000000 0.000000 0.000000 0.000000 0.000000 1.000000 -0.000000 0.000000 0.000000 0.000000 1.000000 0.000000 0.000000 0.000000 0.000000 1.000000
1.000000 0.000000 0.000000 0.000000 0.000000 1.000000 -0.000000 0.000000 0.000000 0.000000 1.000000 0.000000 0.000000 0.000000 0.000000 1.000000
1.000000 0.000000 0.000000 0.000000 0.000000 1.000000 -0.000000 0.000000 0.000000 0.000000 1.000000 0.000000 0.000000 0.000000 0.000000 1.000000
1.000000 0.000000 0.000000 0.000000 0.000000 1.000000 -0.000000 0.000000 0.000000 0.000000 1.000000 0.000000 0.000000 0.000000 0.000000 1.000000
1.000000 0.000000 0.000000 0.000000 0.000000 1.000000 -0.000000 0.000000 0.000000 0.000000 1.000000 0.000000 0.000000 0.000000 0.000000 1.000000
1.000000 0.000000 0.000000 0.000000 0.000000 1.000000 -0.000000 0.000000 0.000000 0.000000 1.000000 0.000000 0.000000 0.000000 0.000000 1.000000
1.000000 0.000000 0.000000 0.000000 0.000000 1.000000 -0.000000 0.000000 0.000000 0.000000 1.000000 0.000000 0.000000 0.000000 0.000000 1.000000
1.000000 0.000000 0.000000 0.000000 0.000000 1.000000 -0.000000 0.000000 0.000000 0.000000 1.000000 0.000000 0.000000 0.000000 0.000000 1.000000
1.000000 0.000000 0.000000 0.000000 0.000000 1.000000 -0.000000 0.000000 0.000000 0.000000 1.000000 0.000000 0.000000 0.000000 0.000000 1.000000
1.000000 0.000000 0.000000 0.000000 0.000000 1.000000 -0.000000 0.000000 0.000000 0.000000 1.000000 0.000000 0.000000 0.000000 0.000000 1.000000
1.000000 0.000000 0.000000 0.000000 0.000000 1.000000 -0.000000 0.000000 0.000000 0.000000 1.000000 0.000000 0.000000 0.000000 0.000000 1.000000
1.000000 0.000000 0.000000 0.000000 0.000000 1.000000 -0.000000 0.000000 0.000000 0.000000 1.000000 0.000000 0.000000 0.000000 0.000000 1.000000
1.000000 0.000000 0.000000 0.000000 0.000000 1.000000 -0.000000 0.000000 0.000000 0.000000 1.000000 0.000000 0.000000 0.000000 0.000000 1.000000
1.000000 0.000000 0.000000 0.000000 0.000000 1.000000 -0.000000 0.000000 0.000000 0.000000 1.000000 0.000000 0.000000 0.000000 0.000000 1.000000
1.000000 0.000000 0.000000 0.000000 0.000000 1.000000 -0.000000 0.000000 0.000000 0.000000 1.000000 0.000000 0.000000 0.000000 0.000000 1.000000
1.000000 0.000000 0.000000 0.000000 0.000000 1.000000 -0.000000 0.000000 0.000000 0.000000 1.000000 0.000000 0.000000 0.000000 0.000000 1.000000
1.000000 0.000000 0.000000 0.000000 0.000000 1.000000 -0.000000 0.000000 0.000000 0.000000 1.000000 0.000000 0.000000 0.000000 0.000000 1.000000
1.000000 0.000000 0.000000 0.000000 0.000000 1.000000 -0.000000 0.000000 0.000000 0.000000 1.000000 0.000000 0.000000 0.000000 0.000000 1.000000
1.000000 0.000000 0.000000 0.000000 0.000000 1.000000 -0.000000 0.000000 0.000000 0.000000 1.000000 0.000000 0.000000 0.000000 0.000000 1.000000
1.000000 0.000000 0.000000 0.000000 0.000000 1.000000 -0.000000 0.000000 0.000000 0.000000 1.000000 0.000000 0.000000 0.000000 0.000000 1.000000
1.000000 0.000000 0.000000 0.000000 0.000000 1.000000 -0.000000 0.000000 0.000000 0.000000 1.000000 0.000000 0.000000 0.000000 0.000000 1.000000
1.000000 0.000000 0.000000 0.000000 0.000000 1.000000 -0.000000 0.000000 0.000000 0.000000 1.000000 0.000000 0.000000 0.000000 0.000000 1.000000
1.000000 0.000000 0.000000 0.000000 0.000000 1.000000 -0.000000 0.000000 0.000000 0.000000 1.000000 0.000000 0.000000 0.000000 0.000000 1.000000
1.000000 0.000000 0.000000 0.000000 0.000000 1.000000 -0.000000 0.000000 0.000000 0.000000 1.000000 0.000000 0.000000 0.000000 0.000000 1.000000</float_array>
     <technique_common>
      <accessor source="#root_jnt-Matrix-animation-output-transform-array" count="45" stride="16">
       <param type="float4x4"></param>
      </accessor>
     </technique_common>
    </source>
    <source id="root_jnt-Interpolations">
     <Name_array id="root_jnt-Interpolations-array" count="45">
 LINEAR LINEAR LINEAR LINEAR LINEAR LINEAR LINEAR LINEAR LINEAR LINEAR LINEAR
LINEAR LINEAR LINEAR LINEAR LINEAR LINEAR LINEAR LINEAR LINEAR LINEAR LINEAR LINEAR
LINEAR LINEAR LINEAR LINEAR LINEAR LINEAR LINEAR LINEAR LINEAR LINEAR LINEAR LINEAR
LINEAR LINEAR LINEAR LINEAR LINEAR LINEAR LINEAR LINEAR LINEAR LINEAR</Name_array>
     <technique_common>
      <accessor source="#root_jnt-Interpolations-array" count="45">
       <param type="name"></param>
      </accessor>
     </technique_common>
    </source>
    <sampler id="root_jnt-Matrix-animation-transform">
     <input semantic="INPUT" source="#root_jnt-Matrix-animation-input"></input>
     <input semantic="OUTPUT" source="#root_jnt-Matrix-animation-output-transform"></input>
     <input semantic="INTERPOLATION" source="#root_jnt-Interpolations"></input>
    </sampler>
    <channel source="#root_jnt-Matrix-animation-transform" target="root_jnt/matrix"></channel>
   </animation>
  </animation>
  <animation id="jnt_hips-anim" name="jnt_hips">
   <animation>
    <source id="jnt_hips-Matrix-animation-input">
     <float_array id="jnt_hips-Matrix-animation-input-array" count="45">

0.000000 0.033333 0.066667 0.100000 0.133333 0.166667 0.200000 0.233333 0.266667 0.300000 0.333333 0.366667 0.400000 0.433333 0.466667 0.500000
0.533333 0.566667 0.600000 0.633333 0.666667 0.700000 0.733333 0.766667 0.800000 0.833333 0.866667 0.900000 0.933333 0.966667 1.000000 1.033333
1.066667 1.100000 1.133333 1.166667 1.200000 1.233333 1.266667 1.300000 1.333333 1.366667 1.400000 1.433333 1.466667</float_array>
     <technique_common>
      <accessor source="#jnt_hips-Matrix-animation-input-array" count="45">
       <param name="TIME" type="float"></param>
      </accessor>
     </technique_common>
    </source>
    <source id="jnt_hips-Matrix-animation-output-transform">
     <float_array id="jnt_hips-Matrix-animation-output-transform-array" count="720">

0.979381 0.028973 -0.199932 -0.000000 -0.033623 0.999236 -0.019902 1.941480 0.199203 0.026214 0.979608 -0.247371 0.000000 0.000000 0.000000 1.000000
0.979379 0.029032 -0.199933 -0.000000 -0.033675 0.999235 -0.019863 1.941480 0.199203 0.026187 0.979608 -0.247371 0.000000 0.000000 0.000000 1.000000
0.979374 0.029188 -0.199935 -0.000000 -0.033814 0.999233 -0.019761 1.941480 0.199204 0.026114 0.979610 -0.247371 0.000000 0.000000 0.000000 1.000000
0.979367 0.029411 -0.199938 -0.000000 -0.034013 0.999229 -0.019621 1.941480 0.199206 0.026017 0.979612 -0.247371 0.000000 0.000000 0.000000 1.000000
0.979358 0.029670 -0.199942 -0.000000 -0.034246 0.999224 -0.019468 1.941480 0.199209 0.025913 0.979614 -0.247371 0.000000 0.000000 0.000000 1.000000
0.979349 0.029938 -0.199947 -0.000000 -0.034490 0.999218 -0.019321 1.941480 0.199212 0.025818 0.979616 -0.247371 0.000000 0.000000 0.000000 1.000000
0.979340 0.030193 -0.199953 -0.000000 -0.034725 0.999213 -0.019196 1.941480 0.199216 0.025743 0.979617 -0.247371 0.000000 0.000000 0.000000 1.000000
0.979332 0.030415 -0.199960 -0.000000 -0.034932 0.999207 -0.019101 1.941480 0.199221 0.025691 0.979618 -0.247371 0.000000 0.000000 0.000000 1.000000
0.979325 0.030590 -0.199966 -0.000000 -0.035098 0.999203 -0.019037 1.941480 0.199225 0.025662 0.979618 -0.247371 0.000000 0.000000 0.000000 1.000000
0.979321 0.030705 -0.199971 -0.000000 -0.035208 0.999199 -0.019001 1.941480 0.199228 0.025649 0.979618 -0.247371 0.000000 0.000000 0.000000 1.000000
0.979319 0.030747 -0.199973 -0.000000 -0.035249 0.999198 -0.018989 1.941480 0.199229 0.025645 0.979617 -0.247371 0.000000 0.000000 0.000000 1.000000
0.979319 0.030747 -0.199973 -0.000000 -0.035249 0.999198 -0.018989 1.941480 0.199229 0.025645 0.979617 -0.247371 0.000000 0.000000 0.000000 1.000000
0.979319 0.030747 -0.199973 -0.000000 -0.035249 0.999198 -0.018989 1.941480 0.199229 0.025645 0.979617 -0.247371 0.000000 0.000000 0.000000 1.000000
0.979319 0.030747 -0.199973 -0.000000 -0.035249 0.999198 -0.018989 1.941480 0.199229 0.025645 0.979617 -0.247371 0.000000 0.000000 0.000000 1.000000
0.979319 0.030747 -0.199973 -0.000000 -0.035249 0.999198 -0.018989 1.941480 0.199229 0.025645 0.979617 -0.247371 0.000000 0.000000 0.000000 1.000000
0.979319 0.030747 -0.199973 -0.000000 -0.035249 0.999198 -0.018989 1.941480 0.199229 0.025645 0.979617 -0.247371 0.000000 0.000000 0.000000 1.000000
0.979319 0.030638 -0.199989 -0.000000 -0.035123 0.999204 -0.018920 1.941480 0.199250 0.025553 0.979615 -0.247371 0.000000 0.000000 0.000000 1.000000
0.979328 0.030356 -0.199989 -0.000000 -0.034855 0.999211 -0.019013 1.941480 0.199254 0.025591 0.979614 -0.247371 0.000000 0.000000 0.000000 1.000000
0.979347 0.029961 -0.199957 -0.000000 -0.034543 0.999214 -0.019464 1.941480 0.199216 0.025969 0.979611 -0.247371 0.000000 0.000000 0.000000 1.000000
0.979317 0.029509 -0.200166 -0.000000 -0.034017 0.999238 -0.019119 1.941480 0.199450 0.025533 0.979575 -0.247371 0.000000 0.000000 0.000000 1.000000
0.979254 0.028783 -0.200582 -0.000000 -0.033181 0.999276 -0.018598 1.941480 0.199901 0.024867 0.979500 -0.247371 0.000000 0.000000 0.000000 1.000000
0.979192 0.027868 -0.201015 -0.000000 -0.032226 0.999310 -0.018441 1.941480 0.200362 0.024535 0.979415 -0.247371 0.000000 0.000000 0.000000 1.000000
0.979169 0.027278 -0.201204 -0.000000 -0.031718 0.999319 -0.018875 1.941480 0.200552 0.024863 0.979367 -0.247371 0.000000 0.000000 0.000000 1.000000
0.979139 0.028816 -0.201138 -0.000000 -0.033023 0.999300 -0.017594 1.941480 0.200491 0.023869 0.979405 -0.247371 0.000000 0.000000 0.000000 1.000000
0.979103 0.030923 -0.201000 -0.000000 -0.034780 0.999272 -0.015685 1.941480 0.200369 0.022348 0.979466 -0.247371 0.000000 0.000000 0.000000 1.000000
0.979124 0.030726 -0.200929 -0.000000 -0.034879 0.999244 -0.017161 1.941480 0.200250 0.023811 0.979456 -0.247371 0.000000 0.000000 0.000000 1.000000
0.979190 0.029472 -0.200793 -0.000000 -0.034156 0.999218 -0.019906 1.941480 0.200049 0.026350 0.979432 -0.247371 0.000000 0.000000 0.000000 1.000000
0.979272 0.029167 -0.200437 -0.000000 -0.034018 0.999205 -0.020801 1.941480 0.199671 0.027188 0.979486 -0.247371 0.000000 0.000000 0.000000 1.000000
0.979357 0.029422 -0.199987 -0.000000 -0.034222 0.999202 -0.020586 1.941480 0.199221 0.027005 0.979582 -0.247371 0.000000 0.000000 0.000000 1.000000
0.979426 0.029903 -0.199577 -0.000000 -0.034576 0.999203 -0.019971 1.941480 0.198821 0.026461 0.979679 -0.247371 0.000000 0.000000 0.000000 1.000000
0.979458 0.030309 -0.199356 -0.000000 -0.034919 0.999197 -0.019651 1.941480 0.198600 0.026209 0.979730 -0.247371 0.000000 0.000000 0.000000 1.000000
0.979461 0.030575 -0.199303 -0.000000 -0.035190 0.999187 -0.019653 1.941480 0.198540 0.026263 0.979741 -0.247371 0.000000 0.000000 0.000000 1.000000
0.979456 0.030829 -0.199286 -0.000000 -0.035430 0.999181 -0.019562 1.941480 0.198520 0.026220 0.979746 -0.247371 0.000000 0.000000 0.000000 1.000000
0.979447 0.031056 -0.199297 -0.000000 -0.035633 0.999176 -0.019418 1.941480 0.198530 0.026121 0.979747 -0.247371 0.000000 0.000000 0.000000 1.000000
0.979435 0.031245 -0.199326 -0.000000 -0.035794 0.999174 -0.019260 1.941480 0.198559 0.025999 0.979744 -0.247371 0.000000 0.000000 0.000000 1.000000
0.979423 0.031390 -0.199362 -0.000000 -0.035914 0.999172 -0.019115 1.941480 0.198597 0.025881 0.979739 -0.247371 0.000000 0.000000 0.000000 1.000000
0.979413 0.031487 -0.199396 -0.000000 -0.035991 0.999171 -0.019003 1.941480 0.198633 0.025788 0.979735 -0.247371 0.000000 0.000000 0.000000 1.000000
0.979407 0.031537 -0.199418 -0.000000 -0.036029 0.999171 -0.018940 1.941480 0.198656 0.025735 0.979731 -0.247371 0.000000 0.000000 0.000000 1.000000
0.979407 0.031529 -0.199421 -0.000000 -0.036021 0.999172 -0.018937 1.941480 0.198658 0.025730 0.979731 -0.247371 0.000000 0.000000 0.000000 1.000000
0.979411 0.031426 -0.199414 -0.000000 -0.035925 0.999174 -0.018981 1.941480 0.198652 0.025754 0.979732 -0.247371 0.000000 0.000000 0.000000 1.000000
0.979419 0.031248 -0.199402 -0.000000 -0.035760 0.999179 -0.019067 1.941480 0.198643 0.025805 0.979732 -0.247371 0.000000 0.000000 0.000000 1.000000
0.979429 0.031020 -0.199389 -0.000000 -0.035552 0.999184 -0.019190 1.941480 0.198631 0.025884 0.979732 -0.247371 0.000000 0.000000 0.000000 1.000000
0.979440 0.030774 -0.199376 -0.000000 -0.035330 0.999189 -0.019337 1.941480 0.198620 0.025984 0.979732 -0.247371 0.000000 0.000000 0.000000 1.000000
0.979449 0.030545 -0.199366 -0.000000 -0.035127 0.999193 -0.019487 1.941480 0.198610 0.026089 0.979731 -0.247371 0.000000 0.000000 0.000000 1.000000
0.979456 0.030375 -0.199358 -0.000000 -0.034977 0.999196 -0.019604 1.941480 0.198603 0.026174 0.979731 -0.247371 0.000000 0.000000 0.000000 1.000000</float_array>
     <technique_common>
      <accessor source="#jnt_hips-Matrix-animation-output-transform-array" count="45" stride="16">
       <param type="float4x4"></param>
      </accessor>
     </technique_common>
    </source>
    <source id="jnt_hips-Interpolations">
     <Name_array id="jnt_hips-Interpolations-array" count="45">
 LINEAR LINEAR LINEAR LINEAR LINEAR LINEAR LINEAR LINEAR LINEAR LINEAR LINEAR
LINEAR LINEAR LINEAR LINEAR LINEAR LINEAR LINEAR LINEAR LINEAR LINEAR LINEAR LINEAR
LINEAR LINEAR LINEAR LINEAR LINEAR LINEAR LINEAR LINEAR LINEAR LINEAR LINEAR LINEAR
LINEAR LINEAR LINEAR LINEAR LINEAR LINEAR LINEAR LINEAR LINEAR LINEAR</Name_array>
     <technique_common>
      <accessor source="#jnt_hips-Interpolations-array" count="45">
       <param type="name"></param>
      </accessor>
     </technique_common>
    </source>
    <sampler id="jnt_hips-Matrix-animation-transform">
     <input semantic="INPUT" source="#jnt_hips-Matrix-animation-input"></input>
     <input semantic="OUTPUT" source="#jnt_hips-Matrix-animation-output-transform"></input>
     <input semantic="INTERPOLATION" source="#jnt_hips-Interpolations"></input>
    </sampler>
    <channel source="#jnt_hips-Matrix-animation-transform" target="jnt_hips/matrix"></channel>
   </animation>
  </animation>
  <animation id="jnt_height-anim" name="jnt_height">
   <animation>
    <source id="jnt_height-Matrix-animation-input">
     <float_array id="jnt_height-Matrix-animation-input-array" count="45">

0.000000 0.033333 0.066667 0.100000 0.133333 0.166667 0.200000 0.233333 0.266667 0.300000 0.333333 0.366667 0.400000 0.433333 0.466667 0.500000
0.533333 0.566667 0.600000 0.633333 0.666667 0.700000 0.733333 0.766667 0.800000 0.833333 0.866667 0.900000 0.933333 0.966667 1.000000 1.033333
1.066667 1.100000 1.133333 1.166667 1.200000 1.233333 1.266667 1.300000 1.333333 1.366667 1.400000 1.433333 1.466667</float_array>
     <technique_common>
      <accessor source="#jnt_height-Matrix-animation-input-array" count="45">
       <param name="TIME" type="float"></param>
      </accessor>
     </technique_common>
    </source>
    <source id="jnt_height-Matrix-animation-output-transform">
     <float_array id="jnt_height-Matrix-animation-output-transform-array" count="720">

0.999343 0.033759 0.013196 -0.000000 -0.033492 0.999241 -0.019891 -0.000000 -0.013858 0.019436 0.999715 0.000000 0.000000 0.000000 0.000000 1.000000
0.999341 0.033810 0.013195 -0.000000 -0.033545 0.999240 -0.019852 -0.000000 -0.013857 0.019397 0.999716 0.000000 0.000000 0.000000 0.000000 1.000000
0.999337 0.033948 0.013193 -0.000000 -0.033683 0.999237 -0.019751 -0.000000 -0.013854 0.019294 0.999718 0.000000 0.000000 0.000000 0.000000 1.000000
0.999330 0.034145 0.013190 -0.000000 -0.033883 0.999233 -0.019612 -0.000000 -0.013850 0.019152 0.999721 0.000000 0.000000 0.000000 0.000000 1.000000
0.999322 0.034376 0.013185 0.000000 -0.034116 0.999228 -0.019461 -0.000000 -0.013844 0.018997 0.999724 0.000000 0.000000 0.000000 0.000000 1.000000
0.999314 0.034619 0.013179 0.000000 -0.034361 0.999223 -0.019316 -0.000000 -0.013838 0.018850 0.999727 -0.000000 0.000000 0.000000 0.000000 1.000000
0.999305 0.034852 0.013172 0.000000 -0.034596 0.999217 -0.019193 -0.000000 -0.013831 0.018724 0.999729 -0.000000 0.000000 0.000000 0.000000 1.000000
0.999299 0.035058 0.013165 0.000000 -0.034803 0.999211 -0.019099 -0.000000 -0.013824 0.018628 0.999731 0.000000 0.000000 0.000000 0.000000 1.000000
0.999293 0.035223 0.013158 -0.000000 -0.034970 0.999207 -0.019036 -0.000000 -0.013818 0.018563 0.999732 0.000000 0.000000 0.000000 0.000000 1.000000
0.999289 0.035333 0.013153 -0.000000 -0.035080 0.999204 -0.019001 -0.000000 -0.013814 0.018526 0.999733 -0.000000 0.000000 0.000000 0.000000 1.000000
0.999288 0.035373 0.013151 -0.000000 -0.035120 0.999203 -0.018990 -0.000000 -0.013812 0.018514 0.999733 0.000000 0.000000 0.000000 0.000000 1.000000
0.999288 0.035373 0.013151 -0.000000 -0.035120 0.999203 -0.018990 -0.000000 -0.013812 0.018514 0.999733 0.000000 0.000000 0.000000 0.000000 1.000000
0.999288 0.035373 0.013151 -0.000000 -0.035120 0.999203 -0.018990 -0.000000 -0.013812 0.018514 0.999733 0.000000 0.000000 0.000000 0.000000 1.000000
0.999288 0.035373 0.013151 -0.000000 -0.035120 0.999203 -0.018990 -0.000000 -0.013812 0.018514 0.999733 0.000000 0.000000 0.000000 0.000000 1.000000
0.999288 0.035373 0.013151 -0.000000 -0.035120 0.999203 -0.018990 -0.000000 -0.013812 0.018514 0.999733 0.000000 0.000000 0.000000 0.000000 1.000000
0.999288 0.035373 0.013151 -0.000000 -0.035120 0.999203 -0.018990 -0.000000 -0.013812 0.018514 0.999733 0.000000 0.000000 0.000000 0.000000 1.000000
0.999292 0.035247 0.013134 0.000000 -0.034995 0.999208 -0.018920 -0.000000 -0.013790 0.018447 0.999735 0.000000 0.000000 0.000000 0.000000 1.000000
0.999302 0.034980 0.013134 0.000000 -0.034727 0.999216 -0.019012 -0.000000 -0.013789 0.018542 0.999733 0.000000 0.000000 0.000000 0.000000 1.000000
0.999312 0.034673 0.013171 0.000000 -0.034414 0.999218 -0.019458 -0.000000 -0.013835 0.018991 0.999724 0.000000 0.000000 0.000000 0.000000 1.000000
0.999333 0.034143 0.012956 -0.000000 -0.033892 0.999243 -0.019107 -0.000000 -0.013598 0.018655 0.999733 0.000000 0.000000 0.000000 0.000000 1.000000
