<?xml version="1.0"?>
<COLLADA xmlns="http://www.collada.org/2005/11/COLLADASchema" version="1.4.1">
 <asset>
  <contributor>
   <author></author>
   <authoring_tool>FBX COLLADA exporter</authoring_tool>
   <comments></comments>
  </contributor>
  <created>2024-06-26T10:56:35Z</created>
  <keywords></keywords>
  <modified>2024-06-26T10:56:35Z</modified>
  <revision></revision>
  <subject></subject>
  <title></title>
  <unit meter="0.010000" name="centimeter"></unit>
  <up_axis>Y_UP</up_axis>
 </asset>
 <library_animations>
  <animation id="Character-anim" name="Character">
   <animation>
    <source id="Character-Matrix-animation-input">
     <float_array id="Character-Matrix-animation-input-array" count="23">

0.000000 0.033333 0.066667 0.100000 0.133333 0.166667 0.200000 0.233333 0.266667 0.300000 0.333333 0.366667 0.400000 0.433333 0.466667 0.500000
0.533333 0.566667 0.600000 0.633333 0.666667 0.700000 0.733333</float_array>
     <technique_common>
      <accessor source="#Character-Matrix-animation-input-array" count="23">
       <param name="TIME" type="float"></param>
      </accessor>
     </technique_common>
    </source>
    <source id="Character-Matrix-animation-output-transform">
     <float_array id="Character-Matrix-animation-output-transform-array" count="368">

1.000000 0.000000 0.000000 0.000000 0.000000 1.000000 -0.000000 0.000000 0.000000 0.000000 1.000000 0.000000 0.000000 0.000000 0.000000 1.000000
1.000000 0.000000 0.000000 0.000000 0.000000 1.000000 -0.000000 0.000000 0.000000 0.000000 1.000000 0.000000 0.000000 0.000000 0.000000 1.000000
1.000000 0.000000 0.000000 0.000000 0.000000 1.000000 -0.000000 0.000000 0.000000 0.000000 1.000000 0.000000 0.000000 0.000000 0.000000 1.000000
1.000000 0.000000 0.000000 0.000000 0.000000 1.000000 -0.000000 0.000000 0.000000 0.000000 1.000000 0.000000 0.000000 0.000000 0.000000 1.000000
1.000000 0.000000 0.000000 0.000000 0.000000 1.000000 -0.000000 0.000000 0.000000 0.000000 1.000000 0.000000 0.000000 0.000000 0.000000 1.000000
1.000000 0.000000 0.000000 0.000000 0.000000 1.000000 -0.000000 0.000000 0.000000 0.000000 1.000000 0.000000 0.000000 0.000000 0.000000 1.000000
1.000000 0.000000 0.000000 0.000000 0.000000 1.000000 -0.000000 0.000000 0.000000 0.000000 1.000000 0.000000 0.000000 0.000000 0.000000 1.000000
1.000000 0.000000 0.000000 0.000000 0.000000 1.000000 -0.000000 0.000000 0.000000 0.000000 1.000000 0.000000 0.000000 0.000000 0.000000 1.000000
1.000000 0.000000 0.000000 0.000000 0.000000 1.000000 -0.000000 0.000000 0.000000 0.000000 1.000000 0.000000 0.000000 0.000000 0.000000 1.000000
1.000000 0.000000 0.000000 0.000000 0.000000 1.000000 -0.000000 0.000000 0.000000 0.000000 1.000000 0.000000 0.000000 0.000000 0.000000 1.000000
1.000000 0.000000 0.000000 0.000000 0.000000 1.000000 -0.000000 0.000000 0.000000 0.000000 1.000000 0.000000 0.000000 0.000000 0.000000 1.000000
1.000000 0.000000 0.000000 0.000000 0.000000 1.000000 -0.000000 0.000000 0.000000 0.000000 1.000000 0.000000 0.000000 0.000000 0.000000 1.000000
1.000000 0.000000 0.000000 0.000000 0.000000 1.000000 -0.000000 0.000000 0.000000 0.000000 1.000000 0.000000 0.000000 0.000000 0.000000 1.000000
1.000000 0.000000 0.000000 0.000000 0.000000 1.000000 -0.000000 0.000000 0.000000 0.000000 1.000000 0.000000 0.000000 0.000000 0.000000 1.000000
1.000000 0.000000 0.000000 0.000000 0.000000 1.000000 -0.000000 0.000000 0.000000 0.000000 1.000000 0.000000 0.000000 0.000000 0.000000 1.000000
1.000000 0.000000 0.000000 0.000000 0.000000 1.000000 -0.000000 0.000000 0.000000 0.000000 1.000000 0.000000 0.000000 0.000000 0.000000 1.000000
1.000000 0.000000 0.000000 0.000000 0.000000 1.000000 -0.000000 0.000000 0.000000 0.000000 1.000000 0.000000 0.000000 0.000000 0.000000 1.000000
1.000000 0.000000 0.000000 0.000000 0.000000 1.000000 -0.000000 0.000000 0.000000 0.000000 1.000000 0.000000 0.000000 0.000000 0.000000 1.000000
1.000000 0.000000 0.000000 0.000000 0.000000 1.000000 -0.000000 0.000000 0.000000 0.000000 1.000000 0.000000 0.000000 0.000000 0.000000 1.000000
1.000000 0.000000 0.000000 0.000000 0.000000 1.000000 -0.000000 0.000000 0.000000 0.000000 1.000000 0.000000 0.000000 0.000000 0.000000 1.000000
1.000000 0.000000 0.000000 0.000000 0.000000 1.000000 -0.000000 0.000000 0.000000 0.000000 1.000000 0.000000 0.000000 0.000000 0.000000 1.000000
1.000000 0.000000 0.000000 0.000000 0.000000 1.000000 -0.000000 0.000000 0.000000 0.000000 1.000000 0.000000 0.000000 0.000000 0.000000 1.000000
1.000000 0.000000 0.000000 0.000000 0.000000 1.000000 -0.000000 0.000000 0.000000 0.000000 1.000000 0.000000 0.000000 0.000000 0.000000 1.000000</float_array>
     <technique_common>
      <accessor source="#Character-Matrix-animation-output-transform-array" count="23" stride="16">
       <param type="float4x4"></param>
      </accessor>
     </technique_common>
    </source>
    <source id="Character-Interpolations">
     <Name_array id="Character-Interpolations-array" count="23">
 LINEAR LINEAR LINEAR LINEAR LINEAR LINEAR LINEAR LINEAR LINEAR LINEAR LINEAR
LINEAR LINEAR LINEAR LINEAR LINEAR LINEAR LINEAR LINEAR LINEAR LINEAR LINEAR LINEAR</Name_array>
     <technique_common>
      <accessor source="#Character-Interpolations-array" count="23">
       <param type="name"></param>
      </accessor>
     </technique_common>
    </source>
    <sampler id="Character-Matrix-animation-transform">
     <input semantic="INPUT" source="#Character-Matrix-animation-input"></input>
     <input semantic="OUTPUT" source="#Character-Matrix-animation-output-transform"></input>
     <input semantic="INTERPOLATION" source="#Character-Interpolations"></input>
    </sampler>
    <channel source="#Character-Matrix-animation-transform" target="Character/matrix"></channel>
   </animation>
  </animation>
  <animation id="HIK_root_jnt-anim" name="HIK_root_jnt">
   <animation>
    <source id="HIK_root_jnt-Matrix-animation-input">
     <float_array id="HIK_root_jnt-Matrix-animation-input-array" count="23">

0.000000 0.033333 0.066667 0.100000 0.133333 0.166667 0.200000 0.233333 0.266667 0.300000 0.333333 0.366667 0.400000 0.433333 0.466667 0.500000
0.533333 0.566667 0.600000 0.633333 0.666667 0.700000 0.733333</float_array>
     <technique_common>
      <accessor source="#HIK_root_jnt-Matrix-animation-input-array" count="23">
       <param name="TIME" type="float"></param>
      </accessor>
     </technique_common>
    </source>
    <source id="HIK_root_jnt-Matrix-animation-output-transform">
     <float_array id="HIK_root_jnt-Matrix-animation-output-transform-array" count="368">

1.000000 0.000000 0.000000 0.000000 0.000000 1.000000 -0.000000 0.000000 0.000000 0.000000 1.000000 0.000000 0.000000 0.000000 0.000000 1.000000
1.000000 0.000000 0.000000 0.000000 0.000000 1.000000 -0.000000 0.000000 0.000000 0.000000 1.000000 0.000000 0.000000 0.000000 0.000000 1.000000
1.000000 0.000000 0.000000 0.000000 0.000000 1.000000 -0.000000 0.000000 0.000000 0.000000 1.000000 0.000000 0.000000 0.000000 0.000000 1.000000
1.000000 0.000000 0.000000 0.000000 0.000000 1.000000 -0.000000 0.000000 0.000000 0.000000 1.000000 0.000000 0.000000 0.000000 0.000000 1.000000
1.000000 0.000000 0.000000 0.000000 0.000000 1.000000 -0.000000 0.000000 0.000000 0.000000 1.000000 0.000000 0.000000 0.000000 0.000000 1.000000
1.000000 0.000000 0.000000 0.000000 0.000000 1.000000 -0.000000 0.000000 0.000000 0.000000 1.000000 0.000000 0.000000 0.000000 0.000000 1.000000
1.000000 0.000000 0.000000 0.000000 0.000000 1.000000 -0.000000 0.000000 0.000000 0.000000 1.000000 0.000000 0.000000 0.000000 0.000000 1.000000
1.000000 0.000000 0.000000 0.000000 0.000000 1.000000 -0.000000 0.000000 0.000000 0.000000 1.000000 0.000000 0.000000 0.000000 0.000000 1.000000
1.000000 0.000000 0.000000 0.000000 0.000000 1.000000 -0.000000 0.000000 0.000000 0.000000 1.000000 0.000000 0.000000 0.000000 0.000000 1.000000
1.000000 0.000000 0.000000 0.000000 0.000000 1.000000 -0.000000 0.000000 0.000000 0.000000 1.000000 0.000000 0.000000 0.000000 0.000000 1.000000
1.000000 0.000000 0.000000 0.000000 0.000000 1.000000 -0.000000 0.000000 0.000000 0.000000 1.000000 0.000000 0.000000 0.000000 0.000000 1.000000
1.000000 0.000000 0.000000 0.000000 0.000000 1.000000 -0.000000 0.000000 0.000000 0.000000 1.000000 0.000000 0.000000 0.000000 0.000000 1.000000
1.000000 0.000000 0.000000 0.000000 0.000000 1.000000 -0.000000 0.000000 0.000000 0.000000 1.000000 0.000000 0.000000 0.000000 0.000000 1.000000
1.000000 0.000000 0.000000 0.000000 0.000000 1.000000 -0.000000 0.000000 0.000000 0.000000 1.000000 0.000000 0.000000 0.000000 0.000000 1.000000
1.000000 0.000000 0.000000 0.000000 0.000000 1.000000 -0.000000 0.000000 0.000000 0.000000 1.000000 0.000000 0.000000 0.000000 0.000000 1.000000
1.000000 0.000000 0.000000 0.000000 0.000000 1.000000 -0.000000 0.000000 0.000000 0.000000 1.000000 0.000000 0.000000 0.000000 0.000000 1.000000
1.000000 0.000000 0.000000 0.000000 0.000000 1.000000 -0.000000 0.000000 0.000000 0.000000 1.000000 0.000000 0.000000 0.000000 0.000000 1.000000
1.000000 0.000000 0.000000 0.000000 0.000000 1.000000 -0.000000 0.000000 0.000000 0.000000 1.000000 0.000000 0.000000 0.000000 0.000000 1.000000
1.000000 0.000000 0.000000 0.000000 0.000000 1.000000 -0.000000 0.000000 0.000000 0.000000 1.000000 0.000000 0.000000 0.000000 0.000000 1.000000
1.000000 0.000000 0.000000 0.000000 0.000000 1.000000 -0.000000 0.000000 0.000000 0.000000 1.000000 0.000000 0.000000 0.000000 0.000000 1.000000
1.000000 0.000000 0.000000 0.000000 0.000000 1.000000 -0.000000 0.000000 0.000000 0.000000 1.000000 0.000000 0.000000 0.000000 0.000000 1.000000
1.000000 0.000000 0.000000 0.000000 0.000000 1.000000 -0.000000 0.000000 0.000000 0.000000 1.000000 0.000000 0.000000 0.000000 0.000000 1.000000
1.000000 0.000000 0.000000 0.000000 0.000000 1.000000 -0.000000 0.000000 0.000000 0.000000 1.000000 0.000000 0.000000 0.000000 0.000000 1.000000</float_array>
     <technique_common>
      <accessor source="#HIK_root_jnt-Matrix-animation-output-transform-array" count="23" stride="16">
       <param type="float4x4"></param>
      </accessor>
     </technique_common>
    </source>
    <source id="HIK_root_jnt-Interpolations">
     <Name_array id="HIK_root_jnt-Interpolations-array" count="23">
 LINEAR LINEAR LINEAR LINEAR LINEAR LINEAR LINEAR LINEAR LINEAR LINEAR LINEAR
LINEAR LINEAR LINEAR LINEAR LINEAR LINEAR LINEAR LINEAR LINEAR LINEAR LINEAR LINEAR</Name_array>
     <technique_common>
      <accessor source="#HIK_root_jnt-Interpolations-array" count="23">
       <param type="name"></param>
      </accessor>
     </technique_common>
    </source>
    <sampler id="HIK_root_jnt-Matrix-animation-transform">
     <input semantic="INPUT" source="#HIK_root_jnt-Matrix-animation-input"></input>
     <input semantic="OUTPUT" source="#HIK_root_jnt-Matrix-animation-output-transform"></input>
     <input semantic="INTERPOLATION" source="#HIK_root_jnt-Interpolations"></input>
    </sampler>
    <channel source="#HIK_root_jnt-Matrix-animation-transform" target="HIK_root_jnt/matrix"></channel>
   </animation>
  </animation>
  <animation id="root_jnt-anim" name="root_jnt">
   <animation>
    <source id="root_jnt-Matrix-animation-input">
     <float_array id="root_jnt-Matrix-animation-input-array" count="23">

0.000000 0.033333 0.066667 0.100000 0.133333 0.166667 0.200000 0.233333 0.266667 0.300000 0.333333 0.366667 0.400000 0.433333 0.466667 0.500000
0.533333 0.566667 0.600000 0.633333 0.666667 0.700000 0.733333</float_array>
     <technique_common>
      <accessor source="#root_jnt-Matrix-animation-input-array" count="23">
       <param name="TIME" type="float"></param>
      </accessor>
     </technique_common>
    </source>
    <source id="root_jnt-Matrix-animation-output-transform">
     <float_array id="root_jnt-Matrix-animation-output-transform-array" count="368">

1.000000 0.000000 0.000000 0.000000 0.000000 1.000000 -0.000000 0.000000 0.000000 0.000000 1.000000 0.000000 0.000000 0.000000 0.000000 1.000000
1.000000 0.000000 0.000000 0.000000 0.000000 1.000000 -0.000000 0.000000 0.000000 0.000000 1.000000 0.000000 0.000000 0.000000 0.000000 1.000000
1.000000 0.000000 0.000000 0.000000 0.000000 1.000000 -0.000000 0.000000 0.000000 0.000000 1.000000 0.000000 0.000000 0.000000 0.000000 1.000000
1.000000 0.000000 0.000000 0.000000 0.000000 1.000000 -0.000000 0.000000 0.000000 0.000000 1.000000 0.000000 0.000000 0.000000 0.000000 1.000000
1.000000 0.000000 0.000000 0.000000 0.000000 1.000000 -0.000000 0.000000 0.000000 0.000000 1.000000 0.000000 0.000000 0.000000 0.000000 1.000000
1.000000 0.000000 0.000000 0.000000 0.000000 1.000000 -0.000000 0.000000 0.000000 0.000000 1.000000 0.000000 0.000000 0.000000 0.000000 1.000000
1.000000 0.000000 0.000000 0.000000 0.000000 1.000000 -0.000000 0.000000 0.000000 0.000000 1.000000 0.000000 0.000000 0.000000 0.000000 1.000000
1.000000 0.000000 0.000000 0.000000 0.000000 1.000000 -0.000000 0.000000 0.000000 0.000000 1.000000 0.000000 0.000000 0.000000 0.000000 1.000000
1.000000 0.000000 0.000000 0.000000 0.000000 1.000000 -0.000000 0.000000 0.000000 0.000000 1.000000 0.000000 0.000000 0.000000 0.000000 1.000000
1.000000 0.000000 0.000000 0.000000 0.000000 1.000000 -0.000000 0.000000 0.000000 0.000000 1.000000 0.000000 0.000000 0.000000 0.000000 1.000000
1.000000 0.000000 0.000000 0.000000 0.000000 1.000000 -0.000000 0.000000 0.000000 0.000000 1.000000 0.000000 0.000000 0.000000 0.000000 1.000000
1.000000 0.000000 0.000000 0.000000 0.000000 1.000000 -0.000000 0.000000 0.000000 0.000000 1.000000 0.000000 0.000000 0.000000 0.000000 1.000000
1.000000 0.000000 0.000000 0.000000 0.000000 1.000000 -0.000000 0.000000 0.000000 0.000000 1.000000 0.000000 0.000000 0.000000 0.000000 1.000000
1.000000 0.000000 0.000000 0.000000 0.000000 1.000000 -0.000000 0.000000 0.000000 0.000000 1.000000 0.000000 0.000000 0.000000 0.000000 1.000000
1.000000 0.000000 0.000000 0.000000 0.000000 1.000000 -0.000000 0.000000 0.000000 0.000000 1.000000 0.000000 0.000000 0.000000 0.000000 1.000000
1.000000 0.000000 0.000000 0.000000 0.000000 1.000000 -0.000000 0.000000 0.000000 0.000000 1.000000 0.000000 0.000000 0.000000 0.000000 1.000000
1.000000 0.000000 0.000000 0.000000 0.000000 1.000000 -0.000000 0.000000 0.000000 0.000000 1.000000 0.000000 0.000000 0.000000 0.000000 1.000000
1.000000 0.000000 0.000000 0.000000 0.000000 1.000000 -0.000000 0.000000 0.000000 0.000000 1.000000 0.000000 0.000000 0.000000 0.000000 1.000000
1.000000 0.000000 0.000000 0.000000 0.000000 1.000000 -0.000000 0.000000 0.000000 0.000000 1.000000 0.000000 0.000000 0.000000 0.000000 1.000000
1.000000 0.000000 0.000000 0.000000 0.000000 1.000000 -0.000000 0.000000 0.000000 0.000000 1.000000 0.000000 0.000000 0.000000 0.000000 1.000000
1.000000 0.000000 0.000000 0.000000 0.000000 1.000000 -0.000000 0.000000 0.000000 0.000000 1.000000 0.000000 0.000000 0.000000 0.000000 1.000000
1.000000 0.000000 0.000000 0.000000 0.000000 1.000000 -0.000000 0.000000 0.000000 0.000000 1.000000 0.000000 0.000000 0.000000 0.000000 1.000000
1.000000 0.000000 0.000000 0.000000 0.000000 1.000000 -0.000000 0.000000 0.000000 0.000000 1.000000 0.000000 0.000000 0.000000 0.000000 1.000000</float_array>
     <technique_common>
      <accessor source="#root_jnt-Matrix-animation-output-transform-array" count="23" stride="16">
       <param type="float4x4"></param>
      </accessor>
     </technique_common>
    </source>
    <source id="root_jnt-Interpolations">
     <Name_array id="root_jnt-Interpolations-array" count="23">
 LINEAR LINEAR LINEAR LINEAR LINEAR LINEAR LINEAR LINEAR LINEAR LINEAR LINEAR
LINEAR LINEAR LINEAR LINEAR LINEAR LINEAR LINEAR LINEAR LINEAR LINEAR LINEAR LINEAR</Name_array>
     <technique_common>
      <accessor source="#root_jnt-Interpolations-array" count="23">
       <param type="name"></param>
      </accessor>
     </technique_common>
    </source>
    <sampler id="root_jnt-Matrix-animation-transform">
     <input semantic="INPUT" source="#root_jnt-Matrix-animation-input"></input>
     <input semantic="OUTPUT" source="#root_jnt-Matrix-animation-output-transform"></input>
     <input semantic="INTERPOLATION" source="#root_jnt-Interpolations"></input>
    </sampler>
    <channel source="#root_jnt-Matrix-animation-transform" target="root_jnt/matrix"></channel>
   </animation>
  </animation>
  <animation id="jnt_hips-anim" name="jnt_hips">
   <animation>
    <source id="jnt_hips-Matrix-animation-input">
     <float_array id="jnt_hips-Matrix-animation-input-array" count="23">

0.000000 0.033333 0.066667 0.100000 0.133333 0.166667 0.200000 0.233333 0.266667 0.300000 0.333333 0.366667 0.400000 0.433333 0.466667 0.500000
0.533333 0.566667 0.600000 0.633333 0.666667 0.700000 0.733333</float_array>
     <technique_common>
      <accessor source="#jnt_hips-Matrix-animation-input-array" count="23">
       <param name="TIME" type="float"></param>
      </accessor>
     </technique_common>
    </source>
    <source id="jnt_hips-Matrix-animation-output-transform">
     <float_array id="jnt_hips-Matrix-animation-output-transform-array" count="368">

0.977523 -0.001317 -0.210825 -0.000000 -0.003444 0.999747 -0.022212 1.941480 0.210801 0.022439 0.977271 -0.247371 0.000000 0.000000 0.000000 1.000000
0.977564 -0.000773 -0.210639 -0.000000 -0.003937 0.999752 -0.021939 1.941480 0.210604 0.022276 0.977318 -0.247371 0.000000 0.000000 0.000000 1.000000
0.977674 0.000732 -0.210127 -0.000000 -0.005307 0.999761 -0.021210 1.941480 0.210061 0.021851 0.977444 -0.247371 0.000000 0.000000 0.000000 1.000000
0.977835 0.003013 -0.209356 -0.000000 -0.007399 0.999769 -0.020171 1.941480 0.209247 0.021273 0.977631 -0.247371 0.000000 0.000000 0.000000 1.000000
0.978026 0.005884 -0.208398 -0.000000 -0.010057 0.999769 -0.018972 1.941480 0.208238 0.020651 0.977860 -0.247371 0.000000 0.000000 0.000000 1.000000
0.978230 0.009149 -0.207321 -0.000000 -0.013113 0.999756 -0.017755 1.941480 0.207108 0.020087 0.978112 -0.247371 0.000000 0.000000 0.000000 1.000000
0.978429 0.012601 -0.206197 -0.000000 -0.016384 0.999727 -0.016645 1.941480 0.205931 0.019665 0.978369 -0.247371 0.000000 0.000000 0.000000 1.000000
0.978611 0.016017 -0.205094 -0.000000 -0.019661 0.999683 -0.015743 1.941480 0.204776 0.019438 0.978616 -0.247371 0.000000 0.000000 0.000000 1.000000
0.978767 0.019162 -0.204079 -0.000000 -0.022723 0.999627 -0.015119 1.941480 0.203713 0.019435 0.978838 -0.247371 0.000000 0.000000 0.000000 1.000000
0.978891 0.021795 -0.203216 -0.000000 -0.025332 0.999569 -0.014822 1.941480 0.202805 0.019657 0.979022 -0.247371 0.000000 0.000000 0.000000 1.000000
0.978981 0.023709 -0.202569 -0.000000 -0.027266 0.999519 -0.014787 1.941480 0.202121 0.020000 0.979156 -0.247371 0.000000 0.000000 0.000000 1.000000
0.979046 0.025068 -0.202092 -0.000000 -0.028666 0.999478 -0.014897 1.941480 0.201613 0.020378 0.979253 -0.247371 0.000000 0.000000 0.000000 1.000000
0.979100 0.026165 -0.201688 -0.000000 -0.029823 0.999441 -0.015118 1.941480 0.201179 0.020817 0.979333 -0.247371 0.000000 0.000000 0.000000 1.000000
0.979147 0.027025 -0.201349 -0.000000 -0.030756 0.999408 -0.015425 1.941480 0.200813 0.021296 0.979398 -0.247371 0.000000 0.000000 0.000000 1.000000
0.979186 0.027674 -0.201070 -0.000000 -0.031488 0.999379 -0.015794 1.941480 0.200508 0.021796 0.979450 -0.247371 0.000000 0.000000 0.000000 1.000000
0.979219 0.028140 -0.200845 -0.000000 -0.032042 0.999355 -0.016202 1.941480 0.200260 0.022300 0.979489 -0.247371 0.000000 0.000000 0.000000 1.000000
0.979246 0.028449 -0.200668 -0.000000 -0.032440 0.999335 -0.016628 1.941480 0.200062 0.022792 0.979518 -0.247371 0.000000 0.000000 0.000000 1.000000
0.979268 0.028631 -0.200534 -0.000000 -0.032708 0.999319 -0.017051 1.941480 0.199909 0.023257 0.979538 -0.247371 0.000000 0.000000 0.000000 1.000000
0.979286 0.028712 -0.200436 -0.000000 -0.032871 0.999307 -0.017452 1.941480 0.199796 0.023679 0.979551 -0.247371 0.000000 0.000000 0.000000 1.000000
0.979299 0.028721 -0.200369 -0.000000 -0.032951 0.999298 -0.017811 1.941480 0.199717 0.024044 0.979559 -0.247371 0.000000 0.000000 0.000000 1.000000
0.979309 0.028686 -0.200327 -0.000000 -0.032975 0.999292 -0.018108 1.941480 0.199666 0.024339 0.979562 -0.247371 0.000000 0.000000 0.000000 1.000000
0.979315 0.028635 -0.200305 -0.000000 -0.032967 0.999288 -0.018325 1.941480 0.199638 0.024550 0.979562 -0.247371 0.000000 0.000000 0.000000 1.000000
0.979318 0.028597 -0.200297 -0.000000 -0.032952 0.999287 -0.018443 1.941480 0.199626 0.024662 0.979562 -0.247371 0.000000 0.000000 0.000000 1.000000</float_array>
     <technique_common>
      <accessor source="#jnt_hips-Matrix-animation-output-transform-array" count="23" stride="16">
       <param type="float4x4"></param>
      </accessor>
     </technique_common>
    </source>
    <source id="jnt_hips-Interpolations">
     <Name_array id="jnt_hips-Interpolations-array" count="23">
 LINEAR LINEAR LINEAR LINEAR LINEAR LINEAR LINEAR LINEAR LINEAR LINEAR LINEAR
LINEAR LINEAR LINEAR LINEAR LINEAR LINEAR LINEAR LINEAR LINEAR LINEAR LINEAR LINEAR</Name_array>
     <technique_common>
      <accessor source="#jnt_hips-Interpolations-array" count="23">
       <param type="name"></param>
      </accessor>
     </technique_common>
    </source>
    <sampler id="jnt_hips-Matrix-animation-transform">
     <input semantic="INPUT" source="#jnt_hips-Matrix-animation-input"></input>
     <input semantic="OUTPUT" source="#jnt_hips-Matrix-animation-output-transform"></input>
     <input semantic="INTERPOLATION" source="#jnt_hips-Interpolations"></input>
    </sampler>
    <channel source="#jnt_hips-Matrix-animation-transform" target="jnt_hips/matrix"></channel>
   </animation>
  </animation>
  <animation id="jnt_height-anim" name="jnt_height">
   <animation>
    <source id="jnt_height-Matrix-animation-input">
     <float_array id="jnt_height-Matrix-animation-input-array" count="23">

0.000000 0.033333 0.066667 0.100000 0.133333 0.166667 0.200000 0.233333 0.266667 0.300000 0.333333 0.366667 0.400000 0.433333 0.466667 0.500000
0.533333 0.566667 0.600000 0.633333 0.666667 0.700000 0.733333</float_array>
     <technique_common>
      <accessor source="#jnt_height-Matrix-animation-input-array" count="23">
       <param name="TIME" type="float"></param>
      </accessor>
     </technique_common>
    </source>
    <source id="jnt_height-Matrix-animation-output-transform">
     <float_array id="jnt_height-Matrix-animation-output-transform-array" count="368">

0.999992 0.003473 0.001730 0.000000 -0.003433 0.999747 -0.022212 0.000000 -0.001807 0.022206 0.999752 0.000000 0.000000 0.000000 0.000000 1.000000
0.999990 0.003969 0.001923 0.000000 -0.003926 0.999751 -0.021939 -0.000000 -0.002010 0.021931 0.999757 0.000000 0.000000 0.000000 0.000000 1.000000
0.999983 0.005347 0.002456 -0.000000 -0.005294 0.999761 -0.021210 -0.000000 -0.002569 0.021196 0.999772 0.000000 0.000000 0.000000 0.000000 1.000000
0.999967 0.007450 0.003256 0.000000 -0.007383 0.999769 -0.020171 -0.000000 -0.003406 0.020146 0.999791 -0.000000 0.000000 0.000000 0.000000 1.000000
0.999940 0.010119 0.004254 0.000000 -0.010036 0.999770 -0.018972 -0.000000 -0.004445 0.018928 0.999811 -0.000000 0.000000 0.000000 0.000000 1.000000
0.999898 0.013184 0.005376 0.000000 -0.013087 0.999756 -0.017755 -0.000000 -0.005609 0.017683 0.999828 -0.000000 0.000000 0.000000 0.000000 1.000000
0.999843 0.016460 0.006551 0.000000 -0.016349 0.999728 -0.016645 -0.000000 -0.006823 0.016536 0.999840 0.000000 0.000000 0.000000 0.000000 1.000000
0.999775 0.019741 0.007708 0.000000 -0.019618 0.999684 -0.015742 -0.000000 -0.008016 0.015587 0.999846 0.000000 0.000000 0.000000 0.000000 1.000000
0.999701 0.022803 0.008776 0.000000 -0.022669 0.999629 -0.015117 -0.000000 -0.009117 0.014914 0.999847 0.000000 0.000000 0.000000 0.000000 1.000000
0.999630 0.025413 0.009688 -0.000000 -0.025268 0.999571 -0.014819 -0.000000 -0.010060 0.014569 0.999843 0.000000 0.000000 0.000000 0.000000 1.000000
0.999572 0.027348 0.010373 0.000000 -0.027193 0.999521 -0.014783 -0.000000 -0.010772 0.014495 0.999837 0.000000 0.000000 0.000000 0.000000 1.000000
0.999527 0.028749 0.010881 0.000000 -0.028586 0.999480 -0.014891 -0.000000 -0.011303 0.014573 0.999830 -0.000000 0.000000 0.000000 0.000000 1.000000
0.999489 0.029908 0.011313 0.000000 -0.029736 0.999443 -0.015111 -0.000000 -0.011758 0.014767 0.999822 -0.000000 0.000000 0.000000 0.000000 1.000000
0.999456 0.030844 0.011675 -0.000000 -0.030663 0.999411 -0.015417 0.000000 -0.012144 0.015051 0.999813 -0.000000 0.000000 0.000000 0.000000 1.000000
0.999430 0.031580 0.011974 -0.000000 -0.031389 0.999382 -0.015785 -0.000000 -0.012465 0.015400 0.999804 -0.000000 0.000000 0.000000 0.000000 1.000000
0.999409 0.032137 0.012216 0.000000 -0.031937 0.999358 -0.016193 -0.000000 -0.012729 0.015793 0.999794 0.000000 0.000000 0.000000 0.000000 1.000000
0.999393 0.032539 0.012407 0.000000 -0.032331 0.999339 -0.016618 -0.000000 -0.012939 0.016207 0.999785 0.000000 0.000000 0.000000 0.000000 1.000000
0.999383 0.032812 0.012552 0.000000 -0.032596 0.999323 -0.017041 -0.000000 -0.013103 0.016621 0.999776 0.000000 0.000000 0.000000 0.000000 1.000000
0.999376 0.032978 0.012658 -0.000000 -0.032755 0.999311 -0.017441 -0.000000 -0.013225 0.017015 0.999768 0.000000 0.000000 0.000000 0.000000 1.000000
0.999372 0.033062 0.012731 -0.000000 -0.032833 0.999302 -0.017800 -0.000000 -0.013311 0.017370 0.999761 -0.000000 0.000000 0.000000 0.000000 1.000000
0.999371 0.033089 0.012776 0.000000 -0.032855 0.999296 -0.018097 -0.000000 -0.013366 0.017666 0.999755 0.000000 0.000000 0.000000 0.000000 1.000000
0.999371 0.033083 0.012801 0.000000 -0.032846 0.999293 -0.018314 -0.000000 -0.013398 0.017882 0.999750 0.000000 0.000000 0.000000 0.000000 1.000000
0.999371 0.033069 0.012810 0.000000 -0.032830 0.999291 -0.018432 -0.000000 -0.013410 0.018000 0.999748 0.000000 0.000000 0.000000 0.000000 1.000000</float_array>
     <technique_common>
      <accessor source="#jnt_height-Matrix-animation-output-transform-array" count="23" stride="16">
       <param type="float4x4"></param>
      </accessor>
     </technique_common>
    </source>
    <source id="jnt_height-Interpolations">
     <Name_array id="jnt_height-Interpolations-array" count="23">
 LINEAR LINEAR LINEAR LINEAR LINEAR LINEAR LINEAR LINEAR LINEAR LINEAR LINEAR
LINEAR LINEAR LINEAR LINEAR LINEAR LINEAR LINEAR LINEAR LINEAR LINEAR LINEAR LINEAR</Name_array>
     <technique_common>
      <accessor source="#jnt_height-Interpolations-array" count="23">
       <param type="name"></param>
      </accessor>
     </technique_common>
    </source>
    <sampler id="jnt_height-Matrix-animation-transform">
     <input semantic="INPUT" source="#jnt_height-Matrix-animation-input"></input>
     <input semantic="OUTPUT" source="#jnt_height-Matrix-animation-output-transform"></input>
     <input semantic="INTERPOLATION" source="#jnt_height-Interpolations"></input>
    </sampler>
    <channel source="#jnt_height-Matrix-animation-transform" target="jnt_height/matrix"></channel>
   </animation>
  </animation>
  <animation id="jnt_spine1-anim" name="jnt_spine1">
   <animation>
    <source id="jnt_spine1-Matrix-animation-input">
     <float_array id="jnt_spine1-Matrix-animation-input-array" count="23">

0.000000 0.033333 0.066667 0.100000 0.133333 0.166667 0.200000 0.233333 0.266667 0.300000 0.333333 0.366667 0.400000 0.433333 0.466667 0.500000
0.533333 0.566667 0.600000 0.633333 0.666667 0.700000 0.733333</float_array>
     <technique_common>
      <accessor source="#jnt_spine1-Matrix-animation-input-array" count="23">
       <param name="TIME" type="float"></param>
      </accessor>
     </technique_common>
    </source>
    <source id="jnt_spine1-Matrix-animation-output-transform">
     <float_array id="jnt_spine1-Matrix-animation-output-transform-array" count="368">

0.055692 0.264554 0.962762 -0.005844 0.998193 0.007044 -0.059677 0.209026 -0.022569 0.964346 -0.263683 0.038786 0.000000 0.000000 0.000000 1.000000
0.055635 0.259887 0.964035 -0.005844 0.998208 0.006846 -0.059452 0.209026 -0.022050 0.965615 -0.259041 0.038786 0.000000 0.000000 0.000000 1.000000
0.055444 0.247033 0.967420 -0.005844 0.998249 0.006291 -0.058817 0.209026 -0.020616 0.968987 -0.246252 0.038786 0.000000 0.000000 0.000000 1.000000
0.055076 0.227684 0.972177 -0.005844 0.998312 0.005436 -0.057830 0.209026 -0.018452 0.973720 -0.227000 0.038786 0.000000 0.000000 0.000000 1.000000
0.054485 0.203542 0.977549 -0.005844 0.998391 0.004333 -0.056549 0.209026 -0.015746 0.979057 -0.202979 0.038786 0.000000 0.000000 0.000000 1.000000
0.053639 0.176356 0.982864 -0.005844 0.998480 0.003040 -0.055037 0.209026 -0.012694 0.984322 -0.175925 0.038786 0.000000 0.000000 0.000000 1.000000
0.052538 0.147927 0.987602 -0.005844 0.998574 0.001621 -0.053364 0.209026 -0.009494 0.988997 -0.147631 0.038786 0.000000 0.000000 0.000000 1.000000
0.051211 0.120108 0.991440 -0.005844 0.998668 0.000149 -0.051602 0.209026 -0.006346 0.992761 -0.119940 0.038786 0.000000 0.000000 0.000000 1.000000
0.049728 0.094777 0.994256 -0.005844 0.998757 -0.001288 -0.049831 0.209026 -0.003442 0.995498 -0.094723 0.038786 0.000000 0.000000 0.000000 1.000000
0.048187 0.073823 0.996107 -0.005844 0.998838 -0.002595 -0.048127 0.209026 -0.000968 0.997268 -0.073862 0.038786 0.000000 0.000000 0.000000 1.000000
0.046699 0.059116 0.997159 -0.005844 0.998909 -0.003624 -0.046566 0.209026 0.000861 0.998245 -0.059221 0.038786 0.000000 0.000000 0.000000 1.000000
0.045379 0.049006 0.997768 -0.005844 0.998967 -0.004419 -0.045216 0.209026 0.002193 0.998789 -0.049156 0.038786 0.000000 0.000000 0.000000 1.000000
0.044261 0.040513 0.998199 -0.005844 0.999015 -0.005151 -0.044088 0.209026 0.003356 0.999166 -0.040701 0.038786 0.000000 0.000000 0.000000 1.000000
0.043335 0.033500 0.998499 -0.005844 0.999051 -0.005816 -0.043163 0.209026 0.004361 0.999422 -0.033721 0.038786 0.000000 0.000000 0.000000 1.000000
0.042584 0.027828 0.998706 -0.005844 0.999079 -0.006411 -0.042422 0.209026 0.005222 0.999592 -0.028075 0.038786 0.000000 0.000000 0.000000 1.000000
0.041994 0.023355 0.998845 -0.005844 0.999100 -0.006935 -0.041843 0.209026 0.005950 0.999704 -0.023625 0.038786 0.000000 0.000000 0.000000 1.000000
0.041546 0.019939 0.998938 -0.005844 0.999115 -0.007388 -0.041406 0.209026 0.006555 0.999774 -0.020228 0.038786 0.000000 0.000000 0.000000 1.000000
0.041221 0.017438 0.998998 -0.005844 0.999125 -0.007772 -0.041090 0.209026 0.007047 0.999818 -0.017743 0.038786 0.000000 0.000000 0.000000 1.000000
0.041000 0.015709 0.999036 -0.005844 0.999132 -0.008086 -0.040876 0.209026 0.007436 0.999844 -0.016027 0.038786 0.000000 0.000000 0.000000 1.000000
0.040863 0.014610 0.999059 -0.005844 0.999135 -0.008334 -0.040744 0.209026 0.007731 0.999859 -0.014937 0.038786 0.000000 0.000000 0.000000 1.000000
0.040790 0.013998 0.999070 -0.005844 0.999137 -0.008517 -0.040673 0.209026 0.007940 0.999866 -0.014333 0.038786 0.000000 0.000000 0.000000 1.000000
0.040761 0.013730 0.999075 -0.005844 0.999136 -0.008637 -0.040645 0.209026 0.008071 0.999869 -0.014070 0.038786 0.000000 0.000000 0.000000 1.000000
0.040756 0.013664 0.999076 -0.005844 0.999136 -0.008696 -0.040640 0.209026 0.008133 0.999869 -0.014007 0.038786 0.000000 0.000000 0.000000 1.000000</float_array>
     <technique_common>
      <accessor source="#jnt_spine1-Matrix-animation-output-transform-array" count="23" stride="16">
       <param type="float4x4"></param>
      </accessor>
     </technique_common>
    </source>
    <source id="jnt_spine1-Interpolations">
     <Name_array id="jnt_spine1-Interpolations-array" count="23">
 LINEAR LINEAR LINEAR LINEAR LINEAR LINEAR LINEAR LINEAR LINEAR LINEAR LINEAR
LINEAR LINEAR LINEAR LINEAR LINEAR LINEAR LINEAR LINEAR LINEAR LINEAR LINEAR LINEAR</Name_array>
     <technique_common>
      <accessor source="#jnt_spine1-Interpolations-array" count="23">
       <param type="name"></param>
      </accessor>
     </technique_common>
    </source>
    <sampler id="jnt_spine1-Matrix-animation-transform">
     <input semantic="INPUT" source="#jnt_spine1-Matrix-animation-input"></input>
     <input semantic="OUTPUT" source="#jnt_spine1-Matrix-animation-output-transform"></input>
     <input semantic="INTERPOLATION" source="#jnt_spine1-Interpolations"></input>
    </sampler>
    <channel source="#jnt_spine1-Matrix-animation-transform" target="jnt_spine1/matrix"></channel>
   </animation>
  </animation>
  <animation id="jnt_spine2-anim" name="jnt_spine2">
   <animation>
    <source id="jnt_spine2-Matrix-animation-input">
     <float_array id="jnt_spine2-Matrix-animation-input-array" count="23">

0.000000 0.033333 0.066667 0.100000 0.133333 0.166667 0.200000 0.233333 0.266667 0.300000 0.333333 0.366667 0.400000 0.433333 0.466667 0.500000
0.533333 0.566667 0.600000 0.633333 0.666667 0.700000 0.733333</float_array>
     <technique_common>
      <accessor source="#jnt_spine2-Matrix-animation-input-array" count="23">
       <param name="TIME" type="float"></param>
      </accessor>
     </technique_common>
    </source>
    <source id="jnt_spine2-Matrix-animation-output-transform">
     <float_array id="jnt_spine2-Matrix-animation-output-transform-array" count="368">

0.995529 0.078281 -0.052854 0.354984 -0.079033 0.996796 -0.012280 0.078525 0.051724 0.016403 0.998527 0.012378 0.000000 0.000000 0.000000 1.000000
0.995518 0.078213 -0.053157 0.354983 -0.078977 0.996799 -0.012421 0.078525 0.052015 0.016563 0.998509 0.012378 0.000000 0.000000 0.000000 1.000000
0.995487 0.078037 -0.053991 0.354983 -0.078835 0.996805 -0.012805 0.078525 0.052819 0.017004 0.998459 0.012378 0.000000 0.000000 0.000000 1.000000
0.995437 0.077805 -0.055244 0.354984 -0.078655 0.996812 -0.013372 0.078525 0.054027 0.017656 0.998383 0.012378 0.000000 0.000000 0.000000 1.000000
0.995368 0.077570 -0.056799 0.354984 -0.078485 0.996816 -0.014060 0.078525 0.055527 0.018452 0.998287 0.012378 0.000000 0.000000 0.000000 1.000000
0.995282 0.077379 -0.058544 0.354983 -0.078369 0.996814 -0.014810 0.078525 0.057212 0.019328 0.998175 0.012378 0.000000 0.000000 0.000000 1.000000
0.995181 0.077265 -0.060375 0.354983 -0.078336 0.996805 -0.015571 0.078525 0.058979 0.020225 0.998054 0.012378 0.000000 0.000000 0.000000 1.000000
0.995070 0.077243 -0.062198 0.354983 -0.078395 0.996789 -0.016303 0.078525 0.060739 0.021098 0.997931 0.012378 0.000000 0.000000 0.000000 1.000000
0.994955 0.077308 -0.063939 0.354984 -0.078540 0.996766 -0.016975 0.078525 0.062419 0.021911 0.997809 0.012378 0.000000 0.000000 0.000000 1.000000
0.994841 0.077440 -0.065533 0.354983 -0.078745 0.996740 -0.017569 0.078525 0.063958 0.022639 0.997695 0.012378 0.000000 0.000000 0.000000 1.000000
0.994742 0.077587 -0.066844 0.354983 -0.078954 0.996714 -0.018044 0.078525 0.065224 0.023227 0.997600 0.012378 0.000000 0.000000 0.000000 1.000000
0.994659 0.077727 -0.067906 0.354984 -0.079143 0.996692 -0.018422 0.078525 0.066250 0.023698 0.997521 0.012378 0.000000 0.000000 0.000000 1.000000
0.994579 0.077874 -0.068898 0.354983 -0.079338 0.996671 -0.018767 0.078525 0.067207 0.024132 0.997447 0.012378 0.000000 0.000000 0.000000 1.000000
0.994504 0.078022 -0.069816 0.354984 -0.079530 0.996650 -0.019083 0.078525 0.068093 0.024530 0.997377 0.012378 0.000000 0.000000 0.000000 1.000000
0.994433 0.078167 -0.070660 0.354984 -0.079716 0.996629 -0.019368 0.078525 0.068907 0.024893 0.997312 0.012378 0.000000 0.000000 0.000000 1.000000
0.994367 0.078304 -0.071427 0.354983 -0.079890 0.996610 -0.019625 0.078525 0.069648 0.025221 0.997253 0.012378 0.000000 0.000000 0.000000 1.000000
0.994308 0.078431 -0.072114 0.354983 -0.080051 0.996593 -0.019853 0.078525 0.070311 0.025512 0.997199 0.012378 0.000000 0.000000 0.000000 1.000000
0.994255 0.078544 -0.072716 0.354983 -0.080194 0.996577 -0.020050 0.078525 0.070893 0.025767 0.997151 0.012378 0.000000 0.000000 0.000000 1.000000
0.994210 0.078642 -0.073231 0.354983 -0.080318 0.996564 -0.020218 0.078525 0.071389 0.025982 0.997110 0.012378 0.000000 0.000000 0.000000 1.000000
0.994172 0.078723 -0.073652 0.354983 -0.080420 0.996553 -0.020354 0.078525 0.071795 0.026158 0.997076 0.012378 0.000000 0.000000 0.000000 1.000000
0.994143 0.078786 -0.073974 0.354984 -0.080499 0.996545 -0.020457 0.078525 0.072107 0.026292 0.997050 0.012378 0.000000 0.000000 0.000000 1.000000
0.994124 0.078829 -0.074195 0.354983 -0.080553 0.996539 -0.020527 0.078525 0.072320 0.026383 0.997032 0.012378 0.000000 0.000000 0.000000 1.000000
0.994113 0.078851 -0.074307 0.354983 -0.080581 0.996536 -0.020563 0.078525 0.072428 0.026430 0.997023 0.012378 0.000000 0.000000 0.000000 1.000000</float_array>
     <technique_common>
      <accessor source="#jnt_spine2-Matrix-animation-output-transform-array" count="23" stride="16">
       <param type="float4x4"></param>
      </accessor>
     </technique_common>
    </source>
    <source id="jnt_spine2-Interpolations">
     <Name_array id="jnt_spine2-Interpolations-array" count="23">
 LINEAR LINEAR LINEAR LINEAR LINEAR LINEAR LINEAR LINEAR LINEAR LINEAR LINEAR
LINEAR LINEAR LINEAR LINEAR LINEAR LINEAR LINEAR LINEAR LINEAR LINEAR LINEAR LINEAR</Name_array>
     <technique_common>
      <accessor source="#jnt_spine2-Interpolations-array" count="23">
       <param type="name"></param>
      </accessor>
     </technique_common>
    </source>
    <sampler id="jnt_spine2-Matrix-animation-transform">
     <input semantic="INPUT" source="#jnt_spine2-Matrix-animation-input"></input>
     <input semantic="OUTPUT" source="#jnt_spine2-Matrix-animation-output-transform"></input>
     <input semantic="INTERPOLATION" source="#jnt_spine2-Interpolations"></input>
    </sampler>
    <channel source="#jnt_spine2-Matrix-animation-transform" target="jnt_spine2/matrix"></channel>
   </animation>
  </animation>
  <animation id="jnt_spine3-anim" name="jnt_spine3">
   <animation>
    <source id="jnt_spine3-Matrix-animation-input">
     <float_array id="jnt_spine3-Matrix-animation-input-array" count="23">

0.000000 0.033333 0.066667 0.100000 0.133333 0.166667 0.200000 0.233333 0.266667 0.300000 0.333333 0.366667 0.400000 0.433333 0.466667 0.500000
0.533333 0.566667 0.600000 0.633333 0.666667 0.700000 0.733333</float_array>
     <technique_common>
      <accessor source="#jnt_spine3-Matrix-animation-input-array" count="23">
       <param name="TIME" type="float"></param>
      </accessor>
     </technique_common>
    </source>
    <source id="jnt_spine3-Matrix-animation-output-transform">
     <float_array id="jnt_spine3-Matrix-animation-output-transform-array" count="368">

0.976554 0.182830 0.113641 0.727645 -0.213802 0.885281 0.412996 0.078479 -0.025097 -0.427610 0.903615 -0.093513 0.000000 0.000000 0.000000 1.000000
0.976662 0.182255 0.113642 0.727645 -0.213279 0.885445 0.412915 0.078479 -0.025368 -0.427516 0.903652 -0.093513 0.000000 0.000000 0.000000 1.000000
0.976948 0.180712 0.113645 0.727645 -0.211875 0.885886 0.412692 0.078479 -0.026098 -0.427258 0.903753 -0.093513 0.000000 0.000000 0.000000 1.000000
0.977357 0.178484 0.113651 0.727645 -0.209847 0.886524 0.412359 0.078479 -0.027155 -0.426871 0.903905 -0.093513 0.000000 0.000000 0.000000 1.000000
0.977833 0.175851 0.113660 0.727645 -0.207449 0.887279 0.411948 0.078480 -0.028406 -0.426395 0.904091 -0.093513 0.000000 0.000000 0.000000 1.000000
0.978324 0.173094 0.113672 0.727646 -0.204938 0.888075 0.411489 0.078480 -0.029723 -0.425866 0.904298 -0.093513 0.000000 0.000000 0.000000 1.000000
0.978781 0.170475 0.113688 0.727645 -0.202551 0.888844 0.411010 0.078480 -0.030984 -0.425317 0.904514 -0.093513 0.000000 0.000000 0.000000 1.000000
0.979165 0.168249 0.113705 0.727645 -0.200519 0.889526 0.410530 0.078479 -0.032073 -0.424777 0.904730 -0.093513 0.000000 0.000000 0.000000 1.000000
0.979437 0.166649 0.113719 0.727645 -0.199054 0.890071 0.410063 0.078480 -0.032882 -0.424267 0.904940 -0.093513 0.000000 0.000000 0.000000 1.000000
0.979562 0.165907 0.113724 0.727645 -0.198366 0.890430 0.409616 0.078480 -0.033305 -0.423803 0.905141 -0.093513 0.000000 0.000000 0.000000 1.000000
