<?xml version="1.0"?>
<COLLADA xmlns="http://www.collada.org/2005/11/COLLADASchema" version="1.4.1">
 <asset>
  <contributor>
   <author></author>
   <authoring_tool>FBX COLLADA exporter</authoring_tool>
   <comments></comments>
  </contributor>
  <created>2024-06-25T22:08:23Z</created>
  <keywords></keywords>
  <modified>2024-06-25T22:08:23Z</modified>
  <revision></revision>
  <subject></subject>
  <title></title>
  <unit meter="0.010000" name="centimeter"></unit>
  <up_axis>Y_UP</up_axis>
 </asset>
 <library_animations>
  <animation id="Character-anim" name="Character">
   <animation>
    <source id="Character-Matrix-animation-input">
     <float_array id="Character-Matrix-animation-input-array" count="23">

0.000000 0.033333 0.066667 0.100000 0.133333 0.166667 0.200000 0.233333 0.266667 0.300000 0.333333 0.366667 0.400000 0.433333 0.466667 0.500000
0.533333 0.566667 0.600000 0.633333 0.666667 0.700000 0.733333</float_array>
     <technique_common>
      <accessor source="#Character-Matrix-animation-input-array" count="23">
       <param name="TIME" type="float"></param>
      </accessor>
     </technique_common>
    </source>
    <source id="Character-Matrix-animation-output-transform">
     <float_array id="Character-Matrix-animation-output-transform-array" count="368">

1.000000 0.000000 0.000000 0.000000 0.000000 1.000000 -0.000000 0.000000 0.000000 0.000000 1.000000 0.000000 0.000000 0.000000 0.000000 1.000000
1.000000 0.000000 0.000000 0.000000 0.000000 1.000000 -0.000000 0.000000 0.000000 0.000000 1.000000 0.000000 0.000000 0.000000 0.000000 1.000000
1.000000 0.000000 0.000000 0.000000 0.000000 1.000000 -0.000000 0.000000 0.000000 0.000000 1.000000 0.000000 0.000000 0.000000 0.000000 1.000000
1.000000 0.000000 0.000000 0.000000 0.000000 1.000000 -0.000000 0.000000 0.000000 0.000000 1.000000 0.000000 0.000000 0.000000 0.000000 1.000000
1.000000 0.000000 0.000000 0.000000 0.000000 1.000000 -0.000000 0.000000 0.000000 0.000000 1.000000 0.000000 0.000000 0.000000 0.000000 1.000000
1.000000 0.000000 0.000000 0.000000 0.000000 1.000000 -0.000000 0.000000 0.000000 0.000000 1.000000 0.000000 0.000000 0.000000 0.000000 1.000000
1.000000 0.000000 0.000000 0.000000 0.000000 1.000000 -0.000000 0.000000 0.000000 0.000000 1.000000 0.000000 0.000000 0.000000 0.000000 1.000000
1.000000 0.000000 0.000000 0.000000 0.000000 1.000000 -0.000000 0.000000 0.000000 0.000000 1.000000 0.000000 0.000000 0.000000 0.000000 1.000000
1.000000 0.000000 0.000000 0.000000 0.000000 1.000000 -0.000000 0.000000 0.000000 0.000000 1.000000 0.000000 0.000000 0.000000 0.000000 1.000000
1.000000 0.000000 0.000000 0.000000 0.000000 1.000000 -0.000000 0.000000 0.000000 0.000000 1.000000 0.000000 0.000000 0.000000 0.000000 1.000000
1.000000 0.000000 0.000000 0.000000 0.000000 1.000000 -0.000000 0.000000 0.000000 0.000000 1.000000 0.000000 0.000000 0.000000 0.000000 1.000000
1.000000 0.000000 0.000000 0.000000 0.000000 1.000000 -0.000000 0.000000 0.000000 0.000000 1.000000 0.000000 0.000000 0.000000 0.000000 1.000000
1.000000 0.000000 0.000000 0.000000 0.000000 1.000000 -0.000000 0.000000 0.000000 0.000000 1.000000 0.000000 0.000000 0.000000 0.000000 1.000000
1.000000 0.000000 0.000000 0.000000 0.000000 1.000000 -0.000000 0.000000 0.000000 0.000000 1.000000 0.000000 0.000000 0.000000 0.000000 1.000000
1.000000 0.000000 0.000000 0.000000 0.000000 1.000000 -0.000000 0.000000 0.000000 0.000000 1.000000 0.000000 0.000000 0.000000 0.000000 1.000000
1.000000 0.000000 0.000000 0.000000 0.000000 1.000000 -0.000000 0.000000 0.000000 0.000000 1.000000 0.000000 0.000000 0.000000 0.000000 1.000000
1.000000 0.000000 0.000000 0.000000 0.000000 1.000000 -0.000000 0.000000 0.000000 0.000000 1.000000 0.000000 0.000000 0.000000 0.000000 1.000000
1.000000 0.000000 0.000000 0.000000 0.000000 1.000000 -0.000000 0.000000 0.000000 0.000000 1.000000 0.000000 0.000000 0.000000 0.000000 1.000000
1.000000 0.000000 0.000000 0.000000 0.000000 1.000000 -0.000000 0.000000 0.000000 0.000000 1.000000 0.000000 0.000000 0.000000 0.000000 1.000000
1.000000 0.000000 0.000000 0.000000 0.000000 1.000000 -0.000000 0.000000 0.000000 0.000000 1.000000 0.000000 0.000000 0.000000 0.000000 1.000000
1.000000 0.000000 0.000000 0.000000 0.000000 1.000000 -0.000000 0.000000 0.000000 0.000000 1.000000 0.000000 0.000000 0.000000 0.000000 1.000000
1.000000 0.000000 0.000000 0.000000 0.000000 1.000000 -0.000000 0.000000 0.000000 0.000000 1.000000 0.000000 0.000000 0.000000 0.000000 1.000000
1.000000 0.000000 0.000000 0.000000 0.000000 1.000000 -0.000000 0.000000 0.000000 0.000000 1.000000 0.000000 0.000000 0.000000 0.000000 1.000000</float_array>
     <technique_common>
      <accessor source="#Character-Matrix-animation-output-transform-array" count="23" stride="16">
       <param type="float4x4"></param>
      </accessor>
     </technique_common>
    </source>
    <source id="Character-Interpolations">
     <Name_array id="Character-Interpolations-array" count="23">
 LINEAR LINEAR LINEAR LINEAR LINEAR LINEAR LINEAR LINEAR LINEAR LINEAR LINEAR
LINEAR LINEAR LINEAR LINEAR LINEAR LINEAR LINEAR LINEAR LINEAR LINEAR LINEAR LINEAR</Name_array>
     <technique_common>
      <accessor source="#Character-Interpolations-array" count="23">
       <param type="name"></param>
      </accessor>
     </technique_common>
    </source>
    <sampler id="Character-Matrix-animation-transform">
     <input semantic="INPUT" source="#Character-Matrix-animation-input"></input>
     <input semantic="OUTPUT" source="#Character-Matrix-animation-output-transform"></input>
     <input semantic="INTERPOLATION" source="#Character-Interpolations"></input>
    </sampler>
    <channel source="#Character-Matrix-animation-transform" target="Character/matrix"></channel>
   </animation>
  </animation>
  <animation id="HIK_root_jnt-anim" name="HIK_root_jnt">
   <animation>
    <source id="HIK_root_jnt-Matrix-animation-input">
     <float_array id="HIK_root_jnt-Matrix-animation-input-array" count="23">

0.000000 0.033333 0.066667 0.100000 0.133333 0.166667 0.200000 0.233333 0.266667 0.300000 0.333333 0.366667 0.400000 0.433333 0.466667 0.500000
0.533333 0.566667 0.600000 0.633333 0.666667 0.700000 0.733333</float_array>
     <technique_common>
      <accessor source="#HIK_root_jnt-Matrix-animation-input-array" count="23">
       <param name="TIME" type="float"></param>
      </accessor>
     </technique_common>
    </source>
    <source id="HIK_root_jnt-Matrix-animation-output-transform">
     <float_array id="HIK_root_jnt-Matrix-animation-output-transform-array" count="368">

1.000000 0.000000 0.000000 0.000000 0.000000 1.000000 -0.000000 0.000000 0.000000 0.000000 1.000000 0.000000 0.000000 0.000000 0.000000 1.000000
1.000000 0.000000 0.000000 0.000000 0.000000 1.000000 -0.000000 0.000000 0.000000 0.000000 1.000000 0.000000 0.000000 0.000000 0.000000 1.000000
1.000000 0.000000 0.000000 0.000000 0.000000 1.000000 -0.000000 0.000000 0.000000 0.000000 1.000000 0.000000 0.000000 0.000000 0.000000 1.000000
1.000000 0.000000 0.000000 0.000000 0.000000 1.000000 -0.000000 0.000000 0.000000 0.000000 1.000000 0.000000 0.000000 0.000000 0.000000 1.000000
1.000000 0.000000 0.000000 0.000000 0.000000 1.000000 -0.000000 0.000000 0.000000 0.000000 1.000000 0.000000 0.000000 0.000000 0.000000 1.000000
1.000000 0.000000 0.000000 0.000000 0.000000 1.000000 -0.000000 0.000000 0.000000 0.000000 1.000000 0.000000 0.000000 0.000000 0.000000 1.000000
1.000000 0.000000 0.000000 0.000000 0.000000 1.000000 -0.000000 0.000000 0.000000 0.000000 1.000000 0.000000 0.000000 0.000000 0.000000 1.000000
1.000000 0.000000 0.000000 0.000000 0.000000 1.000000 -0.000000 0.000000 0.000000 0.000000 1.000000 0.000000 0.000000 0.000000 0.000000 1.000000
1.000000 0.000000 0.000000 0.000000 0.000000 1.000000 -0.000000 0.000000 0.000000 0.000000 1.000000 0.000000 0.000000 0.000000 0.000000 1.000000
1.000000 0.000000 0.000000 0.000000 0.000000 1.000000 -0.000000 0.000000 0.000000 0.000000 1.000000 0.000000 0.000000 0.000000 0.000000 1.000000
1.000000 0.000000 0.000000 0.000000 0.000000 1.000000 -0.000000 0.000000 0.000000 0.000000 1.000000 0.000000 0.000000 0.000000 0.000000 1.000000
1.000000 0.000000 0.000000 0.000000 0.000000 1.000000 -0.000000 0.000000 0.000000 0.000000 1.000000 0.000000 0.000000 0.000000 0.000000 1.000000
1.000000 0.000000 0.000000 0.000000 0.000000 1.000000 -0.000000 0.000000 0.000000 0.000000 1.000000 0.000000 0.000000 0.000000 0.000000 1.000000
1.000000 0.000000 0.000000 0.000000 0.000000 1.000000 -0.000000 0.000000 0.000000 0.000000 1.000000 0.000000 0.000000 0.000000 0.000000 1.000000
1.000000 0.000000 0.000000 0.000000 0.000000 1.000000 -0.000000 0.000000 0.000000 0.000000 1.000000 0.000000 0.000000 0.000000 0.000000 1.000000
1.000000 0.000000 0.000000 0.000000 0.000000 1.000000 -0.000000 0.000000 0.000000 0.000000 1.000000 0.000000 0.000000 0.000000 0.000000 1.000000
1.000000 0.000000 0.000000 0.000000 0.000000 1.000000 -0.000000 0.000000 0.000000 0.000000 1.000000 0.000000 0.000000 0.000000 0.000000 1.000000
1.000000 0.000000 0.000000 0.000000 0.000000 1.000000 -0.000000 0.000000 0.000000 0.000000 1.000000 0.000000 0.000000 0.000000 0.000000 1.000000
1.000000 0.000000 0.000000 0.000000 0.000000 1.000000 -0.000000 0.000000 0.000000 0.000000 1.000000 0.000000 0.000000 0.000000 0.000000 1.000000
1.000000 0.000000 0.000000 0.000000 0.000000 1.000000 -0.000000 0.000000 0.000000 0.000000 1.000000 0.000000 0.000000 0.000000 0.000000 1.000000
1.000000 0.000000 0.000000 0.000000 0.000000 1.000000 -0.000000 0.000000 0.000000 0.000000 1.000000 0.000000 0.000000 0.000000 0.000000 1.000000
1.000000 0.000000 0.000000 0.000000 0.000000 1.000000 -0.000000 0.000000 0.000000 0.000000 1.000000 0.000000 0.000000 0.000000 0.000000 1.000000
1.000000 0.000000 0.000000 0.000000 0.000000 1.000000 -0.000000 0.000000 0.000000 0.000000 1.000000 0.000000 0.000000 0.000000 0.000000 1.000000</float_array>
     <technique_common>
      <accessor source="#HIK_root_jnt-Matrix-animation-output-transform-array" count="23" stride="16">
       <param type="float4x4"></param>
      </accessor>
     </technique_common>
    </source>
    <source id="HIK_root_jnt-Interpolations">
     <Name_array id="HIK_root_jnt-Interpolations-array" count="23">
 LINEAR LINEAR LINEAR LINEAR LINEAR LINEAR LINEAR LINEAR LINEAR LINEAR LINEAR
LINEAR LINEAR LINEAR LINEAR LINEAR LINEAR LINEAR LINEAR LINEAR LINEAR LINEAR LINEAR</Name_array>
     <technique_common>
      <accessor source="#HIK_root_jnt-Interpolations-array" count="23">
       <param type="name"></param>
      </accessor>
     </technique_common>
    </source>
    <sampler id="HIK_root_jnt-Matrix-animation-transform">
     <input semantic="INPUT" source="#HIK_root_jnt-Matrix-animation-input"></input>
     <input semantic="OUTPUT" source="#HIK_root_jnt-Matrix-animation-output-transform"></input>
     <input semantic="INTERPOLATION" source="#HIK_root_jnt-Interpolations"></input>
    </sampler>
    <channel source="#HIK_root_jnt-Matrix-animation-transform" target="HIK_root_jnt/matrix"></channel>
   </animation>
  </animation>
  <animation id="root_jnt-anim" name="root_jnt">
   <animation>
    <source id="root_jnt-Matrix-animation-input">
     <float_array id="root_jnt-Matrix-animation-input-array" count="23">

0.000000 0.033333 0.066667 0.100000 0.133333 0.166667 0.200000 0.233333 0.266667 0.300000 0.333333 0.366667 0.400000 0.433333 0.466667 0.500000
0.533333 0.566667 0.600000 0.633333 0.666667 0.700000 0.733333</float_array>
     <technique_common>
      <accessor source="#root_jnt-Matrix-animation-input-array" count="23">
       <param name="TIME" type="float"></param>
      </accessor>
     </technique_common>
    </source>
    <source id="root_jnt-Matrix-animation-output-transform">
     <float_array id="root_jnt-Matrix-animation-output-transform-array" count="368">

1.000000 0.000000 0.000000 0.000000 0.000000 1.000000 -0.000000 0.000000 0.000000 0.000000 1.000000 0.000000 0.000000 0.000000 0.000000 1.000000
1.000000 0.000000 0.000000 0.000000 0.000000 1.000000 -0.000000 0.000000 0.000000 0.000000 1.000000 0.000000 0.000000 0.000000 0.000000 1.000000
1.000000 0.000000 0.000000 0.000000 0.000000 1.000000 -0.000000 0.000000 0.000000 0.000000 1.000000 0.000000 0.000000 0.000000 0.000000 1.000000
1.000000 0.000000 0.000000 0.000000 0.000000 1.000000 -0.000000 0.000000 0.000000 0.000000 1.000000 0.000000 0.000000 0.000000 0.000000 1.000000
1.000000 0.000000 0.000000 0.000000 0.000000 1.000000 -0.000000 0.000000 0.000000 0.000000 1.000000 0.000000 0.000000 0.000000 0.000000 1.000000
1.000000 0.000000 0.000000 0.000000 0.000000 1.000000 -0.000000 0.000000 0.000000 0.000000 1.000000 0.000000 0.000000 0.000000 0.000000 1.000000
1.000000 0.000000 0.000000 0.000000 0.000000 1.000000 -0.000000 0.000000 0.000000 0.000000 1.000000 0.000000 0.000000 0.000000 0.000000 1.000000
1.000000 0.000000 0.000000 0.000000 0.000000 1.000000 -0.000000 0.000000 0.000000 0.000000 1.000000 0.000000 0.000000 0.000000 0.000000 1.000000
1.000000 0.000000 0.000000 0.000000 0.000000 1.000000 -0.000000 0.000000 0.000000 0.000000 1.000000 0.000000 0.000000 0.000000 0.000000 1.000000
1.000000 0.000000 0.000000 0.000000 0.000000 1.000000 -0.000000 0.000000 0.000000 0.000000 1.000000 0.000000 0.000000 0.000000 0.000000 1.000000
1.000000 0.000000 0.000000 0.000000 0.000000 1.000000 -0.000000 0.000000 0.000000 0.000000 1.000000 0.000000 0.000000 0.000000 0.000000 1.000000
1.000000 0.000000 0.000000 0.000000 0.000000 1.000000 -0.000000 0.000000 0.000000 0.000000 1.000000 0.000000 0.000000 0.000000 0.000000 1.000000
1.000000 0.000000 0.000000 0.000000 0.000000 1.000000 -0.000000 0.000000 0.000000 0.000000 1.000000 0.000000 0.000000 0.000000 0.000000 1.000000
1.000000 0.000000 0.000000 0.000000 0.000000 1.000000 -0.000000 0.000000 0.000000 0.000000 1.000000 0.000000 0.000000 0.000000 0.000000 1.000000
1.000000 0.000000 0.000000 0.000000 0.000000 1.000000 -0.000000 0.000000 0.000000 0.000000 1.000000 0.000000 0.000000 0.000000 0.000000 1.000000
1.000000 0.000000 0.000000 0.000000 0.000000 1.000000 -0.000000 0.000000 0.000000 0.000000 1.000000 0.000000 0.000000 0.000000 0.000000 1.000000
1.000000 0.000000 0.000000 0.000000 0.000000 1.000000 -0.000000 0.000000 0.000000 0.000000 1.000000 0.000000 0.000000 0.000000 0.000000 1.000000
1.000000 0.000000 0.000000 0.000000 0.000000 1.000000 -0.000000 0.000000 0.000000 0.000000 1.000000 0.000000 0.000000 0.000000 0.000000 1.000000
1.000000 0.000000 0.000000 0.000000 0.000000 1.000000 -0.000000 0.000000 0.000000 0.000000 1.000000 0.000000 0.000000 0.000000 0.000000 1.000000
1.000000 0.000000 0.000000 0.000000 0.000000 1.000000 -0.000000 0.000000 0.000000 0.000000 1.000000 0.000000 0.000000 0.000000 0.000000 1.000000
1.000000 0.000000 0.000000 0.000000 0.000000 1.000000 -0.000000 0.000000 0.000000 0.000000 1.000000 0.000000 0.000000 0.000000 0.000000 1.000000
1.000000 0.000000 0.000000 0.000000 0.000000 1.000000 -0.000000 0.000000 0.000000 0.000000 1.000000 0.000000 0.000000 0.000000 0.000000 1.000000
1.000000 0.000000 0.000000 0.000000 0.000000 1.000000 -0.000000 0.000000 0.000000 0.000000 1.000000 0.000000 0.000000 0.000000 0.000000 1.000000</float_array>
     <technique_common>
      <accessor source="#root_jnt-Matrix-animation-output-transform-array" count="23" stride="16">
       <param type="float4x4"></param>
      </accessor>
     </technique_common>
    </source>
    <source id="root_jnt-Interpolations">
     <Name_array id="root_jnt-Interpolations-array" count="23">
 LINEAR LINEAR LINEAR LINEAR LINEAR LINEAR LINEAR LINEAR LINEAR LINEAR LINEAR
LINEAR LINEAR LINEAR LINEAR LINEAR LINEAR LINEAR LINEAR LINEAR LINEAR LINEAR LINEAR</Name_array>
     <technique_common>
      <accessor source="#root_jnt-Interpolations-array" count="23">
       <param type="name"></param>
      </accessor>
     </technique_common>
    </source>
    <sampler id="root_jnt-Matrix-animation-transform">
     <input semantic="INPUT" source="#root_jnt-Matrix-animation-input"></input>
     <input semantic="OUTPUT" source="#root_jnt-Matrix-animation-output-transform"></input>
     <input semantic="INTERPOLATION" source="#root_jnt-Interpolations"></input>
    </sampler>
    <channel source="#root_jnt-Matrix-animation-transform" target="root_jnt/matrix"></channel>
   </animation>
  </animation>
  <animation id="jnt_hips-anim" name="jnt_hips">
   <animation>
    <source id="jnt_hips-Matrix-animation-input">
     <float_array id="jnt_hips-Matrix-animation-input-array" count="23">

0.000000 0.033333 0.066667 0.100000 0.133333 0.166667 0.200000 0.233333 0.266667 0.300000 0.333333 0.366667 0.400000 0.433333 0.466667 0.500000
0.533333 0.566667 0.600000 0.633333 0.666667 0.700000 0.733333</float_array>
     <technique_common>
      <accessor source="#jnt_hips-Matrix-animation-input-array" count="23">
       <param name="TIME" type="float"></param>
      </accessor>
     </technique_common>
    </source>
    <source id="jnt_hips-Matrix-animation-output-transform">
     <float_array id="jnt_hips-Matrix-animation-output-transform-array" count="368">

0.979318 0.028590 -0.200296 -0.000000 -0.032949 0.999287 -0.018459 1.941480 0.199625 0.024677 0.979562 -0.247371 0.000000 0.000000 0.000000 1.000000
0.978718 0.032249 -0.202659 -0.000000 -0.035573 0.999285 -0.012782 1.941480 0.202102 0.019719 0.979166 -0.247371 0.000000 0.000000 0.000000 1.000000
0.978728 0.032187 -0.202621 -0.000000 -0.035528 0.999286 -0.012872 1.941480 0.202062 0.019797 0.979173 -0.247371 0.000000 0.000000 0.000000 1.000000
0.978756 0.032015 -0.202515 -0.000000 -0.035402 0.999287 -0.013125 1.941480 0.201951 0.020016 0.979191 -0.247371 0.000000 0.000000 0.000000 1.000000
0.978797 0.031754 -0.202355 -0.000000 -0.035212 0.999288 -0.013512 1.941480 0.201782 0.020350 0.979219 -0.247371 0.000000 0.000000 0.000000 1.000000
0.978850 0.031427 -0.202152 -0.000000 -0.034975 0.999290 -0.014003 1.941480 0.201569 0.020777 0.979254 -0.247371 0.000000 0.000000 0.000000 1.000000
0.978909 0.031057 -0.201920 -0.000000 -0.034708 0.999291 -0.014568 1.941480 0.201325 0.021269 0.979294 -0.247371 0.000000 0.000000 0.000000 1.000000
0.978973 0.030664 -0.201671 -0.000000 -0.034427 0.999292 -0.015176 1.941480 0.201063 0.021800 0.979336 -0.247371 0.000000 0.000000 0.000000 1.000000
0.979038 0.030268 -0.201417 -0.000000 -0.034144 0.999292 -0.015797 1.941480 0.200796 0.022344 0.979378 -0.247371 0.000000 0.000000 0.000000 1.000000
0.979101 0.029886 -0.201168 -0.000000 -0.033872 0.999292 -0.016402 1.941480 0.200535 0.022874 0.979419 -0.247371 0.000000 0.000000 0.000000 1.000000
0.979160 0.029532 -0.200934 -0.000000 -0.033621 0.999291 -0.016965 1.941480 0.200291 0.023367 0.979458 -0.247371 0.000000 0.000000 0.000000 1.000000
0.979212 0.029220 -0.200725 -0.000000 -0.033399 0.999290 -0.017462 1.941480 0.200072 0.023803 0.979492 -0.247371 0.000000 0.000000 0.000000 1.000000
0.979256 0.028960 -0.200549 -0.000000 -0.033213 0.999288 -0.017876 1.941480 0.199889 0.024166 0.979521 -0.247371 0.000000 0.000000 0.000000 1.000000
0.979289 0.028762 -0.200414 -0.000000 -0.033072 0.999287 -0.018189 1.941480 0.199748 0.024441 0.979542 -0.247371 0.000000 0.000000 0.000000 1.000000
0.979311 0.028635 -0.200327 -0.000000 -0.032981 0.999287 -0.018389 1.941480 0.199657 0.024615 0.979557 -0.247371 0.000000 0.000000 0.000000 1.000000
0.979318 0.028590 -0.200296 -0.000000 -0.032949 0.999287 -0.018459 1.941480 0.199625 0.024677 0.979562 -0.247371 0.000000 0.000000 0.000000 1.000000
0.979318 0.028590 -0.200296 -0.000000 -0.032949 0.999287 -0.018459 1.941480 0.199625 0.024677 0.979562 -0.247371 0.000000 0.000000 0.000000 1.000000
0.979318 0.028590 -0.200296 -0.000000 -0.032949 0.999287 -0.018459 1.941480 0.199625 0.024677 0.979562 -0.247371 0.000000 0.000000 0.000000 1.000000
0.979318 0.028590 -0.200296 -0.000000 -0.032949 0.999287 -0.018459 1.941480 0.199625 0.024677 0.979562 -0.247371 0.000000 0.000000 0.000000 1.000000
0.979318 0.028590 -0.200296 -0.000000 -0.032949 0.999287 -0.018459 1.941480 0.199625 0.024677 0.979562 -0.247371 0.000000 0.000000 0.000000 1.000000
0.979318 0.028590 -0.200296 -0.000000 -0.032949 0.999287 -0.018459 1.941480 0.199625 0.024677 0.979562 -0.247371 0.000000 0.000000 0.000000 1.000000
0.979318 0.028590 -0.200296 -0.000000 -0.032949 0.999287 -0.018459 1.941480 0.199625 0.024677 0.979562 -0.247371 0.000000 0.000000 0.000000 1.000000
0.979318 0.028590 -0.200296 -0.000000 -0.032949 0.999287 -0.018459 1.941480 0.199625 0.024677 0.979562 -0.247371 0.000000 0.000000 0.000000 1.000000</float_array>
     <technique_common>
      <accessor source="#jnt_hips-Matrix-animation-output-transform-array" count="23" stride="16">
       <param type="float4x4"></param>
      </accessor>
     </technique_common>
    </source>
    <source id="jnt_hips-Interpolations">
     <Name_array id="jnt_hips-Interpolations-array" count="23">
 LINEAR LINEAR LINEAR LINEAR LINEAR LINEAR LINEAR LINEAR LINEAR LINEAR LINEAR
LINEAR LINEAR LINEAR LINEAR LINEAR LINEAR LINEAR LINEAR LINEAR LINEAR LINEAR LINEAR</Name_array>
     <technique_common>
      <accessor source="#jnt_hips-Interpolations-array" count="23">
       <param type="name"></param>
      </accessor>
     </technique_common>
    </source>
    <sampler id="jnt_hips-Matrix-animation-transform">
     <input semantic="INPUT" source="#jnt_hips-Matrix-animation-input"></input>
     <input semantic="OUTPUT" source="#jnt_hips-Matrix-animation-output-transform"></input>
     <input semantic="INTERPOLATION" source="#jnt_hips-Interpolations"></input>
    </sampler>
    <channel source="#jnt_hips-Matrix-animation-transform" target="jnt_hips/matrix"></channel>
   </animation>
  </animation>
  <animation id="jnt_height-anim" name="jnt_height">
   <animation>
    <source id="jnt_height-Matrix-animation-input">
     <float_array id="jnt_height-Matrix-animation-input-array" count="23">

0.000000 0.033333 0.066667 0.100000 0.133333 0.166667 0.200000 0.233333 0.266667 0.300000 0.333333 0.366667 0.400000 0.433333 0.466667 0.500000
0.533333 0.566667 0.600000 0.633333 0.666667 0.700000 0.733333</float_array>
     <technique_common>
      <accessor source="#jnt_height-Matrix-animation-input-array" count="23">
       <param name="TIME" type="float"></param>
      </accessor>
     </technique_common>
    </source>
    <source id="jnt_height-Matrix-animation-output-transform">
     <float_array id="jnt_height-Matrix-animation-output-transform-array" count="368">

0.999371 0.033066 0.012811 0.000000 -0.032827 0.999291 -0.018447 -0.000000 -0.013412 0.018015 0.999748 -0.000000 0.000000 0.000000 0.000000 1.000000
0.999311 0.035643 0.010323 -0.000000 -0.035510 0.999287 -0.012770 -0.000000 -0.010770 0.012394 0.999865 -0.000000 0.000000 0.000000 0.000000 1.000000
0.999312 0.035598 0.010363 0.000000 -0.035464 0.999288 -0.012860 0.000000 -0.010813 0.012484 0.999864 0.000000 0.000000 0.000000 0.000000 1.000000
0.999316 0.035474 0.010475 -0.000000 -0.035335 0.999289 -0.013113 -0.000000 -0.010933 0.012733 0.999859 0.000000 0.000000 0.000000 0.000000 1.000000
0.999321 0.035286 0.010646 -0.000000 -0.035141 0.999291 -0.013499 -0.000000 -0.011115 0.013116 0.999852 0.000000 0.000000 0.000000 0.000000 1.000000
0.999326 0.035053 0.010861 0.000000 -0.034900 0.999293 -0.013990 -0.000000 -0.011344 0.013602 0.999843 0.000000 0.000000 0.000000 0.000000 1.000000
0.999333 0.034790 0.011108 -0.000000 -0.034627 0.999294 -0.014555 -0.000000 -0.011606 0.014161 0.999832 -0.000000 0.000000 0.000000 0.000000 1.000000
0.999339 0.034514 0.011371 -0.000000 -0.034339 0.999295 -0.015164 -0.000000 -0.011886 0.014763 0.999820 -0.000000 0.000000 0.000000 0.000000 1.000000
0.999346 0.034236 0.011639 -0.000000 -0.034051 0.999295 -0.015785 -0.000000 -0.012172 0.015378 0.999808 -0.000000 0.000000 0.000000 0.000000 1.000000
0.999352 0.033969 0.011901 -0.000000 -0.033772 0.999295 -0.016390 0.000000 -0.012450 0.015977 0.999795 -0.000000 0.000000 0.000000 0.000000 1.000000
0.999357 0.033723 0.012146 -0.000000 -0.033515 0.999294 -0.016953 -0.000000 -0.012709 0.016535 0.999783 -0.000000 0.000000 0.000000 0.000000 1.000000
0.999362 0.033506 0.012364 -0.000000 -0.033288 0.999293 -0.017450 -0.000000 -0.012940 0.017027 0.999771 0.000000 0.000000 0.000000 0.000000 1.000000
0.999366 0.033324 0.012548 -0.000000 -0.033098 0.999292 -0.017864 -0.000000 -0.013134 0.017437 0.999762 0.000000 0.000000 0.000000 0.000000 1.000000
0.999369 0.033186 0.012689 -0.000000 -0.032953 0.999291 -0.018178 -0.000000 -0.013283 0.017748 0.999754 -0.000000 0.000000 0.000000 0.000000 1.000000
0.999371 0.033097 0.012779 -0.000000 -0.032860 0.999291 -0.018377 -0.000000 -0.013378 0.017946 0.999750 -0.000000 0.000000 0.000000 0.000000 1.000000
0.999371 0.033066 0.012811 0.000000 -0.032827 0.999291 -0.018447 -0.000000 -0.013412 0.018015 0.999748 -0.000000 0.000000 0.000000 0.000000 1.000000
0.999371 0.033066 0.012811 0.000000 -0.032827 0.999291 -0.018447 -0.000000 -0.013412 0.018015 0.999748 -0.000000 0.000000 0.000000 0.000000 1.000000
0.999371 0.033066 0.012811 0.000000 -0.032827 0.999291 -0.018447 -0.000000 -0.013412 0.018015 0.999748 -0.000000 0.000000 0.000000 0.000000 1.000000
0.999371 0.033066 0.012811 0.000000 -0.032827 0.999291 -0.018447 -0.000000 -0.013412 0.018015 0.999748 -0.000000 0.000000 0.000000 0.000000 1.000000
0.999371 0.033066 0.012811 0.000000 -0.032827 0.999291 -0.018447 -0.000000 -0.013412 0.018015 0.999748 -0.000000 0.000000 0.000000 0.000000 1.000000
0.999371 0.033066 0.012811 0.000000 -0.032827 0.999291 -0.018447 -0.000000 -0.013412 0.018015 0.999748 -0.000000 0.000000 0.000000 0.000000 1.000000
0.999371 0.033066 0.012811 0.000000 -0.032827 0.999291 -0.018447 -0.000000 -0.013412 0.018015 0.999748 -0.000000 0.000000 0.000000 0.000000 1.000000
0.999371 0.033066 0.012811 0.000000 -0.032827 0.999291 -0.018447 -0.000000 -0.013412 0.018015 0.999748 -0.000000 0.000000 0.000000 0.000000 1.000000</float_array>
     <technique_common>
      <accessor source="#jnt_height-Matrix-animation-output-transform-array" count="23" stride="16">
       <param type="float4x4"></param>
      </accessor>
     </technique_common>
    </source>
    <source id="jnt_height-Interpolations">
     <Name_array id="jnt_height-Interpolations-array" count="23">
 LINEAR LINEAR LINEAR LINEAR LINEAR LINEAR LINEAR LINEAR LINEAR LINEAR LINEAR
LINEAR LINEAR LINEAR LINEAR LINEAR LINEAR LINEAR LINEAR LINEAR LINEAR LINEAR LINEAR</Name_array>
     <technique_common>
      <accessor source="#jnt_height-Interpolations-array" count="23">
       <param type="name"></param>
      </accessor>
     </technique_common>
    </source>
    <sampler id="jnt_height-Matrix-animation-transform">
     <input semantic="INPUT" source="#jnt_height-Matrix-animation-input"></input>
     <input semantic="OUTPUT" source="#jnt_height-Matrix-animation-output-transform"></input>
     <input semantic="INTERPOLATION" source="#jnt_height-Interpolations"></input>
    </sampler>
    <channel source="#jnt_height-Matrix-animation-transform" target="jnt_height/matrix"></channel>
   </animation>
  </animation>
  <animation id="jnt_spine1-anim" name="jnt_spine1">
   <animation>
    <source id="jnt_spine1-Matrix-animation-input">
     <float_array id="jnt_spine1-Matrix-animation-input-array" count="23">

0.000000 0.033333 0.066667 0.100000 0.133333 0.166667 0.200000 0.233333 0.266667 0.300000 0.333333 0.366667 0.400000 0.433333 0.466667 0.500000
0.533333 0.566667 0.600000 0.633333 0.666667 0.700000 0.733333</float_array>
     <technique_common>
      <accessor source="#jnt_spine1-Matrix-animation-input-array" count="23">
       <param name="TIME" type="float"></param>
      </accessor>
     </technique_common>
    </source>
    <source id="jnt_spine1-Matrix-animation-output-transform">
     <float_array id="jnt_spine1-Matrix-animation-output-transform-array" count="368">

0.040756 0.013662 0.999076 -0.005844 0.999136 -0.008703 -0.040640 0.209026 0.008140 0.999869 -0.014005 0.038786 0.000000 0.000000 0.000000 1.000000
0.046779 0.011818 0.998836 -0.005844 0.998810 -0.014417 -0.046607 0.209026 0.013849 0.999826 -0.012479 0.038786 0.000000 0.000000 0.000000 1.000000
0.046692 0.011851 0.998839 -0.005844 0.998815 -0.014324 -0.046521 0.209026 0.013756 0.999827 -0.012506 0.038786 0.000000 0.000000 0.000000 1.000000
0.046450 0.011943 0.998850 -0.005844 0.998830 -0.014066 -0.046281 0.209026 0.013497 0.999830 -0.012582 0.038786 0.000000 0.000000 0.000000 1.000000
0.046076 0.012080 0.998865 -0.005844 0.998852 -0.013673 -0.045910 0.209026 0.013103 0.999834 -0.012696 0.038786 0.000000 0.000000 0.000000 1.000000
0.045597 0.012250 0.998885 -0.005844 0.998881 -0.013177 -0.045435 0.209026 0.012606 0.999838 -0.012838 0.038786 0.000000 0.000000 0.000000 1.000000
0.045036 0.012442 0.998908 -0.005844 0.998913 -0.012610 -0.044880 0.209026 0.012038 0.999843 -0.012996 0.038786 0.000000 0.000000 0.000000 1.000000
0.044422 0.012643 0.998933 -0.005844 0.998948 -0.012002 -0.044270 0.209026 0.011430 0.999848 -0.013163 0.038786 0.000000 0.000000 0.000000 1.000000
0.043779 0.012843 0.998959 -0.005844 0.998983 -0.011383 -0.043634 0.209026 0.010811 0.999853 -0.013328 0.038786 0.000000 0.000000 0.000000 1.000000
0.043135 0.013034 0.998985 -0.005844 0.999017 -0.010780 -0.042996 0.209026 0.010209 0.999857 -0.013486 0.038786 0.000000 0.000000 0.000000 1.000000
0.042518 0.013208 0.999009 -0.005844 0.999049 -0.010218 -0.042385 0.209026 0.009648 0.999861 -0.013630 0.038786 0.000000 0.000000 0.000000 1.000000
0.041953 0.013361 0.999031 -0.005844 0.999078 -0.009718 -0.041826 0.209026 0.009150 0.999864 -0.013756 0.038786 0.000000 0.000000 0.000000 1.000000
0.041469 0.013486 0.999049 -0.005844 0.999102 -0.009300 -0.041346 0.209026 0.008734 0.999866 -0.013860 0.038786 0.000000 0.000000 0.000000 1.000000
0.041090 0.013581 0.999064 -0.005844 0.999120 -0.008980 -0.040971 0.209026 0.008416 0.999868 -0.013938 0.038786 0.000000 0.000000 0.000000 1.000000
0.040844 0.013641 0.999073 -0.005844 0.999132 -0.008776 -0.040726 0.209026 0.008212 0.999869 -0.013988 0.038786 0.000000 0.000000 0.000000 1.000000
0.040756 0.013662 0.999076 -0.005844 0.999136 -0.008703 -0.040640 0.209026 0.008140 0.999869 -0.014005 0.038786 0.000000 0.000000 0.000000 1.000000
0.040756 0.013662 0.999076 -0.005844 0.999136 -0.008703 -0.040640 0.209026 0.008140 0.999869 -0.014005 0.038786 0.000000 0.000000 0.000000 1.000000
0.040756 0.013662 0.999076 -0.005844 0.999136 -0.008703 -0.040640 0.209026 0.008140 0.999869 -0.014005 0.038786 0.000000 0.000000 0.000000 1.000000
0.040756 0.013662 0.999076 -0.005844 0.999136 -0.008703 -0.040640 0.209026 0.008140 0.999869 -0.014005 0.038786 0.000000 0.000000 0.000000 1.000000
0.040756 0.013662 0.999076 -0.005844 0.999136 -0.008703 -0.040640 0.209026 0.008140 0.999869 -0.014005 0.038786 0.000000 0.000000 0.000000 1.000000
0.040756 0.013662 0.999076 -0.005844 0.999136 -0.008703 -0.040640 0.209026 0.008140 0.999869 -0.014005 0.038786 0.000000 0.000000 0.000000 1.000000
0.040756 0.013662 0.999076 -0.005844 0.999136 -0.008703 -0.040640 0.209026 0.008140 0.999869 -0.014005 0.038786 0.000000 0.000000 0.000000 1.000000
0.040756 0.013662 0.999076 -0.005844 0.999136 -0.008703 -0.040640 0.209026 0.008140 0.999869 -0.014005 0.038786 0.000000 0.000000 0.000000 1.000000</float_array>
     <technique_common>
      <accessor source="#jnt_spine1-Matrix-animation-output-transform-array" count="23" stride="16">
       <param type="float4x4"></param>
      </accessor>
     </technique_common>
    </source>
    <source id="jnt_spine1-Interpolations">
     <Name_array id="jnt_spine1-Interpolations-array" count="23">
 LINEAR LINEAR LINEAR LINEAR LINEAR LINEAR LINEAR LINEAR LINEAR LINEAR LINEAR
LINEAR LINEAR LINEAR LINEAR LINEAR LINEAR LINEAR LINEAR LINEAR LINEAR LINEAR LINEAR</Name_array>
     <technique_common>
      <accessor source="#jnt_spine1-Interpolations-array" count="23">
       <param type="name"></param>
      </accessor>
     </technique_common>
    </source>
    <sampler id="jnt_spine1-Matrix-animation-transform">
     <input semantic="INPUT" source="#jnt_spine1-Matrix-animation-input"></input>
     <input semantic="OUTPUT" source="#jnt_spine1-Matrix-animation-output-transform"></input>
     <input semantic="INTERPOLATION" source="#jnt_spine1-Interpolations"></input>
    </sampler>
    <channel source="#jnt_spine1-Matrix-animation-transform" target="jnt_spine1/matrix"></channel>
   </animation>
  </animation>
  <animation id="jnt_spine2-anim" name="jnt_spine2">
   <animation>
    <source id="jnt_spine2-Matrix-animation-input">
     <float_array id="jnt_spine2-Matrix-animation-input-array" count="23">

0.000000 0.033333 0.066667 0.100000 0.133333 0.166667 0.200000 0.233333 0.266667 0.300000 0.333333 0.366667 0.400000 0.433333 0.466667 0.500000
0.533333 0.566667 0.600000 0.633333 0.666667 0.700000 0.733333</float_array>
     <technique_common>
      <accessor source="#jnt_spine2-Matrix-animation-input-array" count="23">
       <param name="TIME" type="float"></param>
      </accessor>
     </technique_common>
    </source>
    <source id="jnt_spine2-Matrix-animation-output-transform">
     <float_array id="jnt_spine2-Matrix-animation-output-transform-array" count="368">

0.994112 0.078854 -0.074321 0.354983 -0.080584 0.996535 -0.020567 0.078525 0.072442 0.026435 0.997022 0.012378 0.000000 0.000000 0.000000 1.000000
0.994762 0.052459 -0.087718 0.354983 -0.054493 0.998294 -0.020951 0.078525 0.086470 0.025621 0.995925 0.012378 0.000000 0.000000 0.000000 1.000000
0.994755 0.052876 -0.087551 0.354983 -0.054907 0.998271 -0.020953 0.078525 0.086292 0.025650 0.995940 0.012378 0.000000 0.000000 0.000000 1.000000
0.994734 0.054039 -0.087076 0.354983 -0.056063 0.998207 -0.020957 0.078525 0.085788 0.025729 0.995981 0.012378 0.000000 0.000000 0.000000 1.000000
0.994701 0.055817 -0.086333 0.354983 -0.057828 0.998106 -0.020960 0.078525 0.085000 0.025841 0.996046 0.012378 0.000000 0.000000 0.000000 1.000000
0.994656 0.058073 -0.085358 0.354983 -0.060066 0.997974 -0.020956 0.078525 0.083968 0.025971 0.996130 0.012378 0.000000 0.000000 0.000000 1.000000
0.994601 0.060669 -0.084189 0.354983 -0.062638 0.997816 -0.020943 0.078525 0.082734 0.026103 0.996230 0.012378 0.000000 0.000000 0.000000 1.000000
0.994537 0.063467 -0.082871 0.354983 -0.065408 0.997639 -0.020917 0.078525 0.081348 0.026223 0.996341 0.012378 0.000000 0.000000 0.000000 1.000000
0.994467 0.066331 -0.081455 0.354983 -0.068240 0.997450 -0.020879 0.078525 0.079862 0.026321 0.996458 0.012378 0.000000 0.000000 0.000000 1.000000
0.994394 0.069133 -0.079999 0.354983 -0.071008 0.997258 -0.020829 0.078525 0.078340 0.026393 0.996577 0.012378 0.000000 0.000000 0.000000 1.000000
0.994322 0.071756 -0.078569 0.354983 -0.073596 0.997072 -0.020773 0.078525 0.076848 0.026437 0.996692 0.012378 0.000000 0.000000 0.000000 1.000000
0.994255 0.074095 -0.077234 0.354983 -0.075901 0.996900 -0.020714 0.078525 0.075460 0.026457 0.996798 0.012378 0.000000 0.000000 0.000000 1.000000
0.994197 0.076056 -0.076068 0.354983 -0.077832 0.996752 -0.020658 0.078525 0.074250 0.026459 0.996888 0.012378 0.000000 0.000000 0.000000 1.000000
0.994152 0.077555 -0.075145 0.354983 -0.079306 0.996637 -0.020611 0.078525 0.073294 0.026450 0.996959 0.012378 0.000000 0.000000 0.000000 1.000000
0.994122 0.078515 -0.074539 0.354983 -0.080250 0.996562 -0.020579 0.078525 0.072667 0.026440 0.997006 0.012378 0.000000 0.000000 0.000000 1.000000
0.994112 0.078854 -0.074321 0.354983 -0.080584 0.996535 -0.020567 0.078525 0.072442 0.026435 0.997022 0.012378 0.000000 0.000000 0.000000 1.000000
0.994112 0.078854 -0.074321 0.354983 -0.080584 0.996535 -0.020567 0.078525 0.072442 0.026435 0.997022 0.012378 0.000000 0.000000 0.000000 1.000000
0.994112 0.078854 -0.074321 0.354983 -0.080584 0.996535 -0.020567 0.078525 0.072442 0.026435 0.997022 0.012378 0.000000 0.000000 0.000000 1.000000
0.994112 0.078854 -0.074321 0.354983 -0.080584 0.996535 -0.020567 0.078525 0.072442 0.026435 0.997022 0.012378 0.000000 0.000000 0.000000 1.000000
0.994112 0.078854 -0.074321 0.354983 -0.080584 0.996535 -0.020567 0.078525 0.072442 0.026435 0.997022 0.012378 0.000000 0.000000 0.000000 1.000000
0.994112 0.078854 -0.074321 0.354983 -0.080584 0.996535 -0.020567 0.078525 0.072442 0.026435 0.997022 0.012378 0.000000 0.000000 0.000000 1.000000
0.994112 0.078854 -0.074321 0.354983 -0.080584 0.996535 -0.020567 0.078525 0.072442 0.026435 0.997022 0.012378 0.000000 0.000000 0.000000 1.000000
0.994112 0.078854 -0.074321 0.354983 -0.080584 0.996535 -0.020567 0.078525 0.072442 0.026435 0.997022 0.012378 0.000000 0.000000 0.000000 1.000000</float_array>
     <technique_common>
      <accessor source="#jnt_spine2-Matrix-animation-output-transform-array" count="23" stride="16">
       <param type="float4x4"></param>
      </accessor>
     </technique_common>
    </source>
    <source id="jnt_spine2-Interpolations">
     <Name_array id="jnt_spine2-Interpolations-array" count="23">
 LINEAR LINEAR LINEAR LINEAR LINEAR LINEAR LINEAR LINEAR LINEAR LINEAR LINEAR
LINEAR LINEAR LINEAR LINEAR LINEAR LINEAR LINEAR LINEAR LINEAR LINEAR LINEAR LINEAR</Name_array>
     <technique_common>
      <accessor source="#jnt_spine2-Interpolations-array" count="23">
       <param type="name"></param>
      </accessor>
     </technique_common>
    </source>
    <sampler id="jnt_spine2-Matrix-animation-transform">
     <input semantic="INPUT" source="#jnt_spine2-Matrix-animation-input"></input>
     <input semantic="OUTPUT" source="#jnt_spine2-Matrix-animation-output-transform"></input>
     <input semantic="INTERPOLATION" source="#jnt_spine2-Interpolations"></input>
    </sampler>
    <channel source="#jnt_spine2-Matrix-animation-transform" target="jnt_spine2/matrix"></channel>
   </animation>
  </animation>
  <animation id="jnt_spine3-anim" name="jnt_spine3">
   <animation>
    <source id="jnt_spine3-Matrix-animation-input">
     <float_array id="jnt_spine3-Matrix-animation-input-array" count="23">

0.000000 0.033333 0.066667 0.100000 0.133333 0.166667 0.200000 0.233333 0.266667 0.300000 0.333333 0.366667 0.400000 0.433333 0.466667 0.500000
0.533333 0.566667 0.600000 0.633333 0.666667 0.700000 0.733333</float_array>
     <technique_common>
      <accessor source="#jnt_spine3-Matrix-animation-input-array" count="23">
       <param name="TIME" type="float"></param>
      </accessor>
     </technique_common>
    </source>
    <source id="jnt_spine3-Matrix-animation-output-transform">
     <float_array id="jnt_spine3-Matrix-animation-output-transform-array" count="368">

0.977345 0.178676 0.113450 0.727645 -0.209759 0.889207 0.406586 0.078480 -0.028233 -0.421172 0.906542 -0.093513 0.000000 0.000000 0.000000 1.000000
0.977997 0.174204 0.114781 0.737434 -0.208257 0.847662 0.487953 -0.025673 -0.012292 -0.501120 0.865290 -0.103929 0.000000 0.000000 0.000000 1.000000
0.977965 0.174387 0.114778 0.737292 -0.208396 0.848313 0.486761 -0.024154 -0.012483 -0.499955 0.865962 -0.103777 0.000000 0.000000 0.000000 1.000000
0.977879 0.174876 0.114764 0.736893 -0.208765 0.850129 0.483424 -0.019903 -0.013025 -0.496688 0.867831 -0.103352 0.000000 0.000000 0.000000 1.000000
0.977757 0.175573 0.114736 0.736279 -0.209279 0.852897 0.478298 -0.013375 -0.013882 -0.491671 0.870670 -0.102699 0.000000 0.000000 0.000000 1.000000
0.977620 0.176370 0.114687 0.735494 -0.209843 0.856402 0.471744 -0.005024 -0.015017 -0.485252 0.874245 -0.101864 0.000000 0.000000 0.000000 1.000000
0.977486 0.177160 0.114613 0.734580 -0.210364 0.860430 0.464121 0.004692 -0.016392 -0.477782 0.878326 -0.100892 0.000000 0.000000 0.000000 1.000000
0.977370 0.177862 0.114509 0.733582 -0.210772 0.864771 0.455791 0.015320 -0.017956 -0.469611 0.882691 -0.099830 0.000000 0.000000 0.000000 1.000000
0.977286 0.178413 0.114377 0.732540 -0.211015 0.869230 0.447115 0.026403 -0.019649 -0.461094 0.887134 -0.098721 0.000000 0.000000 0.000000 1.000000
0.977236 0.178785 0.114222 0.731498 -0.211075 0.873616 0.438454 0.037487 -0.021397 -0.452582 0.891466 -0.097613 0.000000 0.000000 0.000000 1.000000
