<?xml version="1.0"?>
<COLLADA xmlns="http://www.collada.org/2005/11/COLLADASchema" version="1.4.1">
 <asset>
  <contributor>
   <author></author>
   <authoring_tool>FBX COLLADA exporter</authoring_tool>
   <comments></comments>
  </contributor>
  <created>2024-06-22T20:33:06Z</created>
  <keywords></keywords>
  <modified>2024-06-22T20:33:06Z</modified>
  <revision></revision>
  <subject></subject>
  <title></title>
  <unit meter="0.010000" name="centimeter"></unit>
  <up_axis>Y_UP</up_axis>
 </asset>
 <library_animations>
  <animation id="Character-anim" name="Character">
   <animation>
    <source id="Character-Matrix-animation-input">
     <float_array id="Character-Matrix-animation-input-array" count="38">

0.000000 0.033333 0.066667 0.100000 0.133333 0.166667 0.200000 0.233333 0.266667 0.300000 0.333333 0.366667 0.400000 0.433333 0.466667 0.500000
0.533333 0.566667 0.600000 0.633333 0.666667 0.700000 0.733333 0.766667 0.800000 0.833333 0.866667 0.900000 0.933333 0.966667 1.000000 1.033333
1.066667 1.100000 1.133333 1.166667 1.200000 1.233333</float_array>
     <technique_common>
      <accessor source="#Character-Matrix-animation-input-array" count="38">
       <param name="TIME" type="float"></param>
      </accessor>
     </technique_common>
    </source>
    <source id="Character-Matrix-animation-output-transform">
     <float_array id="Character-Matrix-animation-output-transform-array" count="608">

1.000000 0.000000 0.000000 0.000000 0.000000 1.000000 -0.000000 0.000000 0.000000 0.000000 1.000000 0.000000 0.000000 0.000000 0.000000 1.000000
1.000000 0.000000 0.000000 0.000000 0.000000 1.000000 -0.000000 0.000000 0.000000 0.000000 1.000000 0.000000 0.000000 0.000000 0.000000 1.000000
1.000000 0.000000 0.000000 0.000000 0.000000 1.000000 -0.000000 0.000000 0.000000 0.000000 1.000000 0.000000 0.000000 0.000000 0.000000 1.000000
1.000000 0.000000 0.000000 0.000000 0.000000 1.000000 -0.000000 0.000000 0.000000 0.000000 1.000000 0.000000 0.000000 0.000000 0.000000 1.000000
1.000000 0.000000 0.000000 0.000000 0.000000 1.000000 -0.000000 0.000000 0.000000 0.000000 1.000000 0.000000 0.000000 0.000000 0.000000 1.000000
1.000000 0.000000 0.000000 0.000000 0.000000 1.000000 -0.000000 0.000000 0.000000 0.000000 1.000000 0.000000 0.000000 0.000000 0.000000 1.000000
1.000000 0.000000 0.000000 0.000000 0.000000 1.000000 -0.000000 0.000000 0.000000 0.000000 1.000000 0.000000 0.000000 0.000000 0.000000 1.000000
1.000000 0.000000 0.000000 0.000000 0.000000 1.000000 -0.000000 0.000000 0.000000 0.000000 1.000000 0.000000 0.000000 0.000000 0.000000 1.000000
1.000000 0.000000 0.000000 0.000000 0.000000 1.000000 -0.000000 0.000000 0.000000 0.000000 1.000000 0.000000 0.000000 0.000000 0.000000 1.000000
1.000000 0.000000 0.000000 0.000000 0.000000 1.000000 -0.000000 0.000000 0.000000 0.000000 1.000000 0.000000 0.000000 0.000000 0.000000 1.000000
1.000000 0.000000 0.000000 0.000000 0.000000 1.000000 -0.000000 0.000000 0.000000 0.000000 1.000000 0.000000 0.000000 0.000000 0.000000 1.000000
1.000000 0.000000 0.000000 0.000000 0.000000 1.000000 -0.000000 0.000000 0.000000 0.000000 1.000000 0.000000 0.000000 0.000000 0.000000 1.000000
1.000000 0.000000 0.000000 0.000000 0.000000 1.000000 -0.000000 0.000000 0.000000 0.000000 1.000000 0.000000 0.000000 0.000000 0.000000 1.000000
1.000000 0.000000 0.000000 0.000000 0.000000 1.000000 -0.000000 0.000000 0.000000 0.000000 1.000000 0.000000 0.000000 0.000000 0.000000 1.000000
1.000000 0.000000 0.000000 0.000000 0.000000 1.000000 -0.000000 0.000000 0.000000 0.000000 1.000000 0.000000 0.000000 0.000000 0.000000 1.000000
1.000000 0.000000 0.000000 0.000000 0.000000 1.000000 -0.000000 0.000000 0.000000 0.000000 1.000000 0.000000 0.000000 0.000000 0.000000 1.000000
1.000000 0.000000 0.000000 0.000000 0.000000 1.000000 -0.000000 0.000000 0.000000 0.000000 1.000000 0.000000 0.000000 0.000000 0.000000 1.000000
1.000000 0.000000 0.000000 0.000000 0.000000 1.000000 -0.000000 0.000000 0.000000 0.000000 1.000000 0.000000 0.000000 0.000000 0.000000 1.000000
1.000000 0.000000 0.000000 0.000000 0.000000 1.000000 -0.000000 0.000000 0.000000 0.000000 1.000000 0.000000 0.000000 0.000000 0.000000 1.000000
1.000000 0.000000 0.000000 0.000000 0.000000 1.000000 -0.000000 0.000000 0.000000 0.000000 1.000000 0.000000 0.000000 0.000000 0.000000 1.000000
1.000000 0.000000 0.000000 0.000000 0.000000 1.000000 -0.000000 0.000000 0.000000 0.000000 1.000000 0.000000 0.000000 0.000000 0.000000 1.000000
1.000000 0.000000 0.000000 0.000000 0.000000 1.000000 -0.000000 0.000000 0.000000 0.000000 1.000000 0.000000 0.000000 0.000000 0.000000 1.000000
1.000000 0.000000 0.000000 0.000000 0.000000 1.000000 -0.000000 0.000000 0.000000 0.000000 1.000000 0.000000 0.000000 0.000000 0.000000 1.000000
1.000000 0.000000 0.000000 0.000000 0.000000 1.000000 -0.000000 0.000000 0.000000 0.000000 1.000000 0.000000 0.000000 0.000000 0.000000 1.000000
1.000000 0.000000 0.000000 0.000000 0.000000 1.000000 -0.000000 0.000000 0.000000 0.000000 1.000000 0.000000 0.000000 0.000000 0.000000 1.000000
1.000000 0.000000 0.000000 0.000000 0.000000 1.000000 -0.000000 0.000000 0.000000 0.000000 1.000000 0.000000 0.000000 0.000000 0.000000 1.000000
1.000000 0.000000 0.000000 0.000000 0.000000 1.000000 -0.000000 0.000000 0.000000 0.000000 1.000000 0.000000 0.000000 0.000000 0.000000 1.000000
1.000000 0.000000 0.000000 0.000000 0.000000 1.000000 -0.000000 0.000000 0.000000 0.000000 1.000000 0.000000 0.000000 0.000000 0.000000 1.000000
1.000000 0.000000 0.000000 0.000000 0.000000 1.000000 -0.000000 0.000000 0.000000 0.000000 1.000000 0.000000 0.000000 0.000000 0.000000 1.000000
1.000000 0.000000 0.000000 0.000000 0.000000 1.000000 -0.000000 0.000000 0.000000 0.000000 1.000000 0.000000 0.000000 0.000000 0.000000 1.000000
1.000000 0.000000 0.000000 0.000000 0.000000 1.000000 -0.000000 0.000000 0.000000 0.000000 1.000000 0.000000 0.000000 0.000000 0.000000 1.000000
1.000000 0.000000 0.000000 0.000000 0.000000 1.000000 -0.000000 0.000000 0.000000 0.000000 1.000000 0.000000 0.000000 0.000000 0.000000 1.000000
1.000000 0.000000 0.000000 0.000000 0.000000 1.000000 -0.000000 0.000000 0.000000 0.000000 1.000000 0.000000 0.000000 0.000000 0.000000 1.000000
1.000000 0.000000 0.000000 0.000000 0.000000 1.000000 -0.000000 0.000000 0.000000 0.000000 1.000000 0.000000 0.000000 0.000000 0.000000 1.000000
1.000000 0.000000 0.000000 0.000000 0.000000 1.000000 -0.000000 0.000000 0.000000 0.000000 1.000000 0.000000 0.000000 0.000000 0.000000 1.000000
1.000000 0.000000 0.000000 0.000000 0.000000 1.000000 -0.000000 0.000000 0.000000 0.000000 1.000000 0.000000 0.000000 0.000000 0.000000 1.000000
1.000000 0.000000 0.000000 0.000000 0.000000 1.000000 -0.000000 0.000000 0.000000 0.000000 1.000000 0.000000 0.000000 0.000000 0.000000 1.000000
1.000000 0.000000 0.000000 0.000000 0.000000 1.000000 -0.000000 0.000000 0.000000 0.000000 1.000000 0.000000 0.000000 0.000000 0.000000 1.000000</float_array>
     <technique_common>
      <accessor source="#Character-Matrix-animation-output-transform-array" count="38" stride="16">
       <param type="float4x4"></param>
      </accessor>
     </technique_common>
    </source>
    <source id="Character-Interpolations">
     <Name_array id="Character-Interpolations-array" count="38">
 LINEAR LINEAR LINEAR LINEAR LINEAR LINEAR LINEAR LINEAR LINEAR LINEAR LINEAR
LINEAR LINEAR LINEAR LINEAR LINEAR LINEAR LINEAR LINEAR LINEAR LINEAR LINEAR LINEAR
LINEAR LINEAR LINEAR LINEAR LINEAR LINEAR LINEAR LINEAR LINEAR LINEAR LINEAR LINEAR
LINEAR LINEAR LINEAR</Name_array>
     <technique_common>
      <accessor source="#Character-Interpolations-array" count="38">
       <param type="name"></param>
      </accessor>
     </technique_common>
    </source>
    <sampler id="Character-Matrix-animation-transform">
     <input semantic="INPUT" source="#Character-Matrix-animation-input"></input>
     <input semantic="OUTPUT" source="#Character-Matrix-animation-output-transform"></input>
     <input semantic="INTERPOLATION" source="#Character-Interpolations"></input>
    </sampler>
    <channel source="#Character-Matrix-animation-transform" target="Character/matrix"></channel>
   </animation>
  </animation>
  <animation id="HIK_root_jnt-anim" name="HIK_root_jnt">
   <animation>
    <source id="HIK_root_jnt-Matrix-animation-input">
     <float_array id="HIK_root_jnt-Matrix-animation-input-array" count="38">

0.000000 0.033333 0.066667 0.100000 0.133333 0.166667 0.200000 0.233333 0.266667 0.300000 0.333333 0.366667 0.400000 0.433333 0.466667 0.500000
0.533333 0.566667 0.600000 0.633333 0.666667 0.700000 0.733333 0.766667 0.800000 0.833333 0.866667 0.900000 0.933333 0.966667 1.000000 1.033333
1.066667 1.100000 1.133333 1.166667 1.200000 1.233333</float_array>
     <technique_common>
      <accessor source="#HIK_root_jnt-Matrix-animation-input-array" count="38">
       <param name="TIME" type="float"></param>
      </accessor>
     </technique_common>
    </source>
    <source id="HIK_root_jnt-Matrix-animation-output-transform">
     <float_array id="HIK_root_jnt-Matrix-animation-output-transform-array" count="608">

1.000000 0.000000 0.000000 0.000000 0.000000 1.000000 -0.000000 0.000000 0.000000 0.000000 1.000000 0.000000 0.000000 0.000000 0.000000 1.000000
1.000000 0.000000 0.000000 0.000000 0.000000 1.000000 -0.000000 0.000000 0.000000 0.000000 1.000000 0.000000 0.000000 0.000000 0.000000 1.000000
1.000000 0.000000 0.000000 0.000000 0.000000 1.000000 -0.000000 0.000000 0.000000 0.000000 1.000000 0.000000 0.000000 0.000000 0.000000 1.000000
1.000000 0.000000 0.000000 0.000000 0.000000 1.000000 -0.000000 0.000000 0.000000 0.000000 1.000000 0.000000 0.000000 0.000000 0.000000 1.000000
1.000000 0.000000 0.000000 0.000000 0.000000 1.000000 -0.000000 0.000000 0.000000 0.000000 1.000000 0.000000 0.000000 0.000000 0.000000 1.000000
1.000000 0.000000 0.000000 0.000000 0.000000 1.000000 -0.000000 0.000000 0.000000 0.000000 1.000000 0.000000 0.000000 0.000000 0.000000 1.000000
1.000000 0.000000 0.000000 0.000000 0.000000 1.000000 -0.000000 0.000000 0.000000 0.000000 1.000000 0.000000 0.000000 0.000000 0.000000 1.000000
1.000000 0.000000 0.000000 0.000000 0.000000 1.000000 -0.000000 0.000000 0.000000 0.000000 1.000000 0.000000 0.000000 0.000000 0.000000 1.000000
1.000000 0.000000 0.000000 0.000000 0.000000 1.000000 -0.000000 0.000000 0.000000 0.000000 1.000000 0.000000 0.000000 0.000000 0.000000 1.000000
1.000000 0.000000 0.000000 0.000000 0.000000 1.000000 -0.000000 0.000000 0.000000 0.000000 1.000000 0.000000 0.000000 0.000000 0.000000 1.000000
1.000000 0.000000 0.000000 0.000000 0.000000 1.000000 -0.000000 0.000000 0.000000 0.000000 1.000000 0.000000 0.000000 0.000000 0.000000 1.000000
1.000000 0.000000 0.000000 0.000000 0.000000 1.000000 -0.000000 0.000000 0.000000 0.000000 1.000000 0.000000 0.000000 0.000000 0.000000 1.000000
1.000000 0.000000 0.000000 0.000000 0.000000 1.000000 -0.000000 0.000000 0.000000 0.000000 1.000000 0.000000 0.000000 0.000000 0.000000 1.000000
1.000000 0.000000 0.000000 0.000000 0.000000 1.000000 -0.000000 0.000000 0.000000 0.000000 1.000000 0.000000 0.000000 0.000000 0.000000 1.000000
1.000000 0.000000 0.000000 0.000000 0.000000 1.000000 -0.000000 0.000000 0.000000 0.000000 1.000000 0.000000 0.000000 0.000000 0.000000 1.000000
1.000000 0.000000 0.000000 0.000000 0.000000 1.000000 -0.000000 0.000000 0.000000 0.000000 1.000000 0.000000 0.000000 0.000000 0.000000 1.000000
1.000000 0.000000 0.000000 0.000000 0.000000 1.000000 -0.000000 0.000000 0.000000 0.000000 1.000000 0.000000 0.000000 0.000000 0.000000 1.000000
1.000000 0.000000 0.000000 0.000000 0.000000 1.000000 -0.000000 0.000000 0.000000 0.000000 1.000000 0.000000 0.000000 0.000000 0.000000 1.000000
1.000000 0.000000 0.000000 0.000000 0.000000 1.000000 -0.000000 0.000000 0.000000 0.000000 1.000000 0.000000 0.000000 0.000000 0.000000 1.000000
1.000000 0.000000 0.000000 0.000000 0.000000 1.000000 -0.000000 0.000000 0.000000 0.000000 1.000000 0.000000 0.000000 0.000000 0.000000 1.000000
1.000000 0.000000 0.000000 0.000000 0.000000 1.000000 -0.000000 0.000000 0.000000 0.000000 1.000000 0.000000 0.000000 0.000000 0.000000 1.000000
1.000000 0.000000 0.000000 0.000000 0.000000 1.000000 -0.000000 0.000000 0.000000 0.000000 1.000000 0.000000 0.000000 0.000000 0.000000 1.000000
1.000000 0.000000 0.000000 0.000000 0.000000 1.000000 -0.000000 0.000000 0.000000 0.000000 1.000000 0.000000 0.000000 0.000000 0.000000 1.000000
1.000000 0.000000 0.000000 0.000000 0.000000 1.000000 -0.000000 0.000000 0.000000 0.000000 1.000000 0.000000 0.000000 0.000000 0.000000 1.000000
1.000000 0.000000 0.000000 0.000000 0.000000 1.000000 -0.000000 0.000000 0.000000 0.000000 1.000000 0.000000 0.000000 0.000000 0.000000 1.000000
1.000000 0.000000 0.000000 0.000000 0.000000 1.000000 -0.000000 0.000000 0.000000 0.000000 1.000000 0.000000 0.000000 0.000000 0.000000 1.000000
1.000000 0.000000 0.000000 0.000000 0.000000 1.000000 -0.000000 0.000000 0.000000 0.000000 1.000000 0.000000 0.000000 0.000000 0.000000 1.000000
1.000000 0.000000 0.000000 0.000000 0.000000 1.000000 -0.000000 0.000000 0.000000 0.000000 1.000000 0.000000 0.000000 0.000000 0.000000 1.000000
1.000000 0.000000 0.000000 0.000000 0.000000 1.000000 -0.000000 0.000000 0.000000 0.000000 1.000000 0.000000 0.000000 0.000000 0.000000 1.000000
1.000000 0.000000 0.000000 0.000000 0.000000 1.000000 -0.000000 0.000000 0.000000 0.000000 1.000000 0.000000 0.000000 0.000000 0.000000 1.000000
1.000000 0.000000 0.000000 0.000000 0.000000 1.000000 -0.000000 0.000000 0.000000 0.000000 1.000000 0.000000 0.000000 0.000000 0.000000 1.000000
1.000000 0.000000 0.000000 0.000000 0.000000 1.000000 -0.000000 0.000000 0.000000 0.000000 1.000000 0.000000 0.000000 0.000000 0.000000 1.000000
1.000000 0.000000 0.000000 0.000000 0.000000 1.000000 -0.000000 0.000000 0.000000 0.000000 1.000000 0.000000 0.000000 0.000000 0.000000 1.000000
1.000000 0.000000 0.000000 0.000000 0.000000 1.000000 -0.000000 0.000000 0.000000 0.000000 1.000000 0.000000 0.000000 0.000000 0.000000 1.000000
1.000000 0.000000 0.000000 0.000000 0.000000 1.000000 -0.000000 0.000000 0.000000 0.000000 1.000000 0.000000 0.000000 0.000000 0.000000 1.000000
1.000000 0.000000 0.000000 0.000000 0.000000 1.000000 -0.000000 0.000000 0.000000 0.000000 1.000000 0.000000 0.000000 0.000000 0.000000 1.000000
1.000000 0.000000 0.000000 0.000000 0.000000 1.000000 -0.000000 0.000000 0.000000 0.000000 1.000000 0.000000 0.000000 0.000000 0.000000 1.000000
1.000000 0.000000 0.000000 0.000000 0.000000 1.000000 -0.000000 0.000000 0.000000 0.000000 1.000000 0.000000 0.000000 0.000000 0.000000 1.000000</float_array>
     <technique_common>
      <accessor source="#HIK_root_jnt-Matrix-animation-output-transform-array" count="38" stride="16">
       <param type="float4x4"></param>
      </accessor>
     </technique_common>
    </source>
    <source id="HIK_root_jnt-Interpolations">
     <Name_array id="HIK_root_jnt-Interpolations-array" count="38">
 LINEAR LINEAR LINEAR LINEAR LINEAR LINEAR LINEAR LINEAR LINEAR LINEAR LINEAR
LINEAR LINEAR LINEAR LINEAR LINEAR LINEAR LINEAR LINEAR LINEAR LINEAR LINEAR LINEAR
LINEAR LINEAR LINEAR LINEAR LINEAR LINEAR LINEAR LINEAR LINEAR LINEAR LINEAR LINEAR
LINEAR LINEAR LINEAR</Name_array>
     <technique_common>
      <accessor source="#HIK_root_jnt-Interpolations-array" count="38">
       <param type="name"></param>
      </accessor>
     </technique_common>
    </source>
    <sampler id="HIK_root_jnt-Matrix-animation-transform">
     <input semantic="INPUT" source="#HIK_root_jnt-Matrix-animation-input"></input>
     <input semantic="OUTPUT" source="#HIK_root_jnt-Matrix-animation-output-transform"></input>
     <input semantic="INTERPOLATION" source="#HIK_root_jnt-Interpolations"></input>
    </sampler>
    <channel source="#HIK_root_jnt-Matrix-animation-transform" target="HIK_root_jnt/matrix"></channel>
   </animation>
  </animation>
  <animation id="root_jnt-anim" name="root_jnt">
   <animation>
    <source id="root_jnt-Matrix-animation-input">
     <float_array id="root_jnt-Matrix-animation-input-array" count="38">

0.000000 0.033333 0.066667 0.100000 0.133333 0.166667 0.200000 0.233333 0.266667 0.300000 0.333333 0.366667 0.400000 0.433333 0.466667 0.500000
0.533333 0.566667 0.600000 0.633333 0.666667 0.700000 0.733333 0.766667 0.800000 0.833333 0.866667 0.900000 0.933333 0.966667 1.000000 1.033333
1.066667 1.100000 1.133333 1.166667 1.200000 1.233333</float_array>
     <technique_common>
      <accessor source="#root_jnt-Matrix-animation-input-array" count="38">
       <param name="TIME" type="float"></param>
      </accessor>
     </technique_common>
    </source>
    <source id="root_jnt-Matrix-animation-output-transform">
     <float_array id="root_jnt-Matrix-animation-output-transform-array" count="608">

1.000000 0.000000 0.000000 0.000000 0.000000 1.000000 -0.000000 0.000000 0.000000 0.000000 1.000000 0.000000 0.000000 0.000000 0.000000 1.000000
1.000000 0.000000 0.000000 0.000000 0.000000 1.000000 -0.000000 0.000000 0.000000 0.000000 1.000000 0.000000 0.000000 0.000000 0.000000 1.000000
1.000000 0.000000 0.000000 0.000000 0.000000 1.000000 -0.000000 0.000000 0.000000 0.000000 1.000000 0.000000 0.000000 0.000000 0.000000 1.000000
1.000000 0.000000 0.000000 0.000000 0.000000 1.000000 -0.000000 0.000000 0.000000 0.000000 1.000000 0.000000 0.000000 0.000000 0.000000 1.000000
1.000000 0.000000 0.000000 0.000000 0.000000 1.000000 -0.000000 0.000000 0.000000 0.000000 1.000000 0.000000 0.000000 0.000000 0.000000 1.000000
1.000000 0.000000 0.000000 0.000000 0.000000 1.000000 -0.000000 0.000000 0.000000 0.000000 1.000000 0.000000 0.000000 0.000000 0.000000 1.000000
1.000000 0.000000 0.000000 0.000000 0.000000 1.000000 -0.000000 0.000000 0.000000 0.000000 1.000000 0.000000 0.000000 0.000000 0.000000 1.000000
1.000000 0.000000 0.000000 0.000000 0.000000 1.000000 -0.000000 0.000000 0.000000 0.000000 1.000000 0.000000 0.000000 0.000000 0.000000 1.000000
1.000000 0.000000 0.000000 0.000000 0.000000 1.000000 -0.000000 0.000000 0.000000 0.000000 1.000000 0.000000 0.000000 0.000000 0.000000 1.000000
1.000000 0.000000 0.000000 0.000000 0.000000 1.000000 -0.000000 0.000000 0.000000 0.000000 1.000000 0.000000 0.000000 0.000000 0.000000 1.000000
1.000000 0.000000 0.000000 0.000000 0.000000 1.000000 -0.000000 0.000000 0.000000 0.000000 1.000000 0.000000 0.000000 0.000000 0.000000 1.000000
1.000000 0.000000 0.000000 0.000000 0.000000 1.000000 -0.000000 0.000000 0.000000 0.000000 1.000000 0.000000 0.000000 0.000000 0.000000 1.000000
1.000000 0.000000 0.000000 0.000000 0.000000 1.000000 -0.000000 0.000000 0.000000 0.000000 1.000000 0.000000 0.000000 0.000000 0.000000 1.000000
1.000000 0.000000 0.000000 0.000000 0.000000 1.000000 -0.000000 0.000000 0.000000 0.000000 1.000000 0.000000 0.000000 0.000000 0.000000 1.000000
1.000000 0.000000 0.000000 0.000000 0.000000 1.000000 -0.000000 0.000000 0.000000 0.000000 1.000000 0.000000 0.000000 0.000000 0.000000 1.000000
1.000000 0.000000 0.000000 0.000000 0.000000 1.000000 -0.000000 0.000000 0.000000 0.000000 1.000000 0.000000 0.000000 0.000000 0.000000 1.000000
1.000000 0.000000 0.000000 0.000000 0.000000 1.000000 -0.000000 0.000000 0.000000 0.000000 1.000000 0.000000 0.000000 0.000000 0.000000 1.000000
1.000000 0.000000 0.000000 0.000000 0.000000 1.000000 -0.000000 0.000000 0.000000 0.000000 1.000000 0.000000 0.000000 0.000000 0.000000 1.000000
1.000000 0.000000 0.000000 0.000000 0.000000 1.000000 -0.000000 0.000000 0.000000 0.000000 1.000000 0.000000 0.000000 0.000000 0.000000 1.000000
1.000000 0.000000 0.000000 0.000000 0.000000 1.000000 -0.000000 0.000000 0.000000 0.000000 1.000000 0.000000 0.000000 0.000000 0.000000 1.000000
1.000000 0.000000 0.000000 0.000000 0.000000 1.000000 -0.000000 0.000000 0.000000 0.000000 1.000000 0.000000 0.000000 0.000000 0.000000 1.000000
1.000000 0.000000 0.000000 0.000000 0.000000 1.000000 -0.000000 0.000000 0.000000 0.000000 1.000000 0.000000 0.000000 0.000000 0.000000 1.000000
1.000000 0.000000 0.000000 0.000000 0.000000 1.000000 -0.000000 0.000000 0.000000 0.000000 1.000000 0.000000 0.000000 0.000000 0.000000 1.000000
1.000000 0.000000 0.000000 0.000000 0.000000 1.000000 -0.000000 0.000000 0.000000 0.000000 1.000000 0.000000 0.000000 0.000000 0.000000 1.000000
1.000000 0.000000 0.000000 0.000000 0.000000 1.000000 -0.000000 0.000000 0.000000 0.000000 1.000000 0.000000 0.000000 0.000000 0.000000 1.000000
1.000000 0.000000 0.000000 0.000000 0.000000 1.000000 -0.000000 0.000000 0.000000 0.000000 1.000000 0.000000 0.000000 0.000000 0.000000 1.000000
1.000000 0.000000 0.000000 0.000000 0.000000 1.000000 -0.000000 0.000000 0.000000 0.000000 1.000000 0.000000 0.000000 0.000000 0.000000 1.000000
1.000000 0.000000 0.000000 0.000000 0.000000 1.000000 -0.000000 0.000000 0.000000 0.000000 1.000000 0.000000 0.000000 0.000000 0.000000 1.000000
1.000000 0.000000 0.000000 0.000000 0.000000 1.000000 -0.000000 0.000000 0.000000 0.000000 1.000000 0.000000 0.000000 0.000000 0.000000 1.000000
1.000000 0.000000 0.000000 0.000000 0.000000 1.000000 -0.000000 0.000000 0.000000 0.000000 1.000000 0.000000 0.000000 0.000000 0.000000 1.000000
1.000000 0.000000 0.000000 0.000000 0.000000 1.000000 -0.000000 0.000000 0.000000 0.000000 1.000000 0.000000 0.000000 0.000000 0.000000 1.000000
1.000000 0.000000 0.000000 0.000000 0.000000 1.000000 -0.000000 0.000000 0.000000 0.000000 1.000000 0.000000 0.000000 0.000000 0.000000 1.000000
1.000000 0.000000 0.000000 0.000000 0.000000 1.000000 -0.000000 0.000000 0.000000 0.000000 1.000000 0.000000 0.000000 0.000000 0.000000 1.000000
1.000000 0.000000 0.000000 0.000000 0.000000 1.000000 -0.000000 0.000000 0.000000 0.000000 1.000000 0.000000 0.000000 0.000000 0.000000 1.000000
1.000000 0.000000 0.000000 0.000000 0.000000 1.000000 -0.000000 0.000000 0.000000 0.000000 1.000000 0.000000 0.000000 0.000000 0.000000 1.000000
1.000000 0.000000 0.000000 0.000000 0.000000 1.000000 -0.000000 0.000000 0.000000 0.000000 1.000000 0.000000 0.000000 0.000000 0.000000 1.000000
1.000000 0.000000 0.000000 0.000000 0.000000 1.000000 -0.000000 0.000000 0.000000 0.000000 1.000000 0.000000 0.000000 0.000000 0.000000 1.000000
1.000000 0.000000 0.000000 0.000000 0.000000 1.000000 -0.000000 0.000000 0.000000 0.000000 1.000000 0.000000 0.000000 0.000000 0.000000 1.000000</float_array>
     <technique_common>
      <accessor source="#root_jnt-Matrix-animation-output-transform-array" count="38" stride="16">
       <param type="float4x4"></param>
      </accessor>
     </technique_common>
    </source>
    <source id="root_jnt-Interpolations">
     <Name_array id="root_jnt-Interpolations-array" count="38">
 LINEAR LINEAR LINEAR LINEAR LINEAR LINEAR LINEAR LINEAR LINEAR LINEAR LINEAR
LINEAR LINEAR LINEAR LINEAR LINEAR LINEAR LINEAR LINEAR LINEAR LINEAR LINEAR LINEAR
LINEAR LINEAR LINEAR LINEAR LINEAR LINEAR LINEAR LINEAR LINEAR LINEAR LINEAR LINEAR
LINEAR LINEAR LINEAR</Name_array>
     <technique_common>
      <accessor source="#root_jnt-Interpolations-array" count="38">
       <param type="name"></param>
      </accessor>
     </technique_common>
    </source>
    <sampler id="root_jnt-Matrix-animation-transform">
     <input semantic="INPUT" source="#root_jnt-Matrix-animation-input"></input>
     <input semantic="OUTPUT" source="#root_jnt-Matrix-animation-output-transform"></input>
     <input semantic="INTERPOLATION" source="#root_jnt-Interpolations"></input>
    </sampler>
    <channel source="#root_jnt-Matrix-animation-transform" target="root_jnt/matrix"></channel>
   </animation>
  </animation>
  <animation id="jnt_hips-anim" name="jnt_hips">
   <animation>
    <source id="jnt_hips-Matrix-animation-input">
     <float_array id="jnt_hips-Matrix-animation-input-array" count="38">

0.000000 0.033333 0.066667 0.100000 0.133333 0.166667 0.200000 0.233333 0.266667 0.300000 0.333333 0.366667 0.400000 0.433333 0.466667 0.500000
0.533333 0.566667 0.600000 0.633333 0.666667 0.700000 0.733333 0.766667 0.800000 0.833333 0.866667 0.900000 0.933333 0.966667 1.000000 1.033333
1.066667 1.100000 1.133333 1.166667 1.200000 1.233333</float_array>
     <technique_common>
      <accessor source="#jnt_hips-Matrix-animation-input-array" count="38">
       <param name="TIME" type="float"></param>
      </accessor>
     </technique_common>
    </source>
    <source id="jnt_hips-Matrix-animation-output-transform">
     <float_array id="jnt_hips-Matrix-animation-output-transform-array" count="608">

0.979579 0.047280 -0.195422 -0.000000 -0.051772 0.998498 -0.017943 1.941480 0.194280 0.027694 0.980555 -0.247371 0.000000 0.000000 0.000000 1.000000
0.974993 0.044522 -0.217732 -0.000000 -0.049469 0.998626 -0.017319 1.941480 0.216662 0.027656 0.975855 -0.247371 0.000000 0.000000 0.000000 1.000000
0.962459 0.037898 -0.268767 -0.000000 -0.043944 0.998897 -0.016514 1.941480 0.267845 0.027705 0.963064 -0.247371 0.000000 0.000000 0.000000 1.000000
0.945330 0.030051 -0.324729 -0.000000 -0.037479 0.999159 -0.016642 1.941480 0.323956 0.027903 0.945661 -0.247371 0.000000 0.000000 0.000000 1.000000
0.931501 0.024265 -0.362929 -0.000000 -0.032760 0.999314 -0.017271 1.941480 0.362261 0.027977 0.931657 -0.247371 0.000000 0.000000 0.000000 1.000000
0.929595 0.023349 -0.367843 -0.000000 -0.031854 0.999347 -0.017067 1.941480 0.367204 0.027583 0.929731 -0.247371 0.000000 0.000000 0.000000 1.000000
0.932019 0.023769 -0.361628 -0.000000 -0.031846 0.999359 -0.016390 1.941480 0.361006 0.026792 0.932179 -0.247371 0.000000 0.000000 0.000000 1.000000
0.936137 0.024491 -0.350781 -0.000000 -0.031974 0.999368 -0.015555 1.941480 0.350178 0.025777 0.936328 -0.247371 0.000000 0.000000 0.000000 1.000000
0.941180 0.025285 -0.336957 -0.000000 -0.032125 0.999375 -0.014737 1.941480 0.336374 0.024695 0.941405 -0.247371 0.000000 0.000000 0.000000 1.000000
0.946439 0.025935 -0.321838 -0.000000 -0.032181 0.999383 -0.014101 1.941480 0.321274 0.023703 0.946690 -0.247371 0.000000 0.000000 0.000000 1.000000
0.951316 0.026242 -0.307099 -0.000000 -0.032021 0.999392 -0.013795 1.941480 0.306551 0.022957 0.951577 -0.247371 0.000000 0.000000 0.000000 1.000000
0.955578 0.025957 -0.293593 -0.000000 -0.031441 0.999408 -0.013976 1.941480 0.293056 0.022586 0.955828 -0.247371 0.000000 0.000000 0.000000 1.000000
0.959301 0.024945 -0.281283 -0.000000 -0.030389 0.999426 -0.015006 1.941480 0.280747 0.022943 0.959507 -0.247371 0.000000 0.000000 0.000000 1.000000
0.962654 0.023942 -0.269675 -0.000000 -0.029880 0.999393 -0.017935 1.941480 0.269082 0.025323 0.962784 -0.247371 0.000000 0.000000 0.000000 1.000000
0.965630 0.023020 -0.258898 -0.000000 -0.029715 0.999317 -0.021977 1.941480 0.258215 0.028915 0.965655 -0.247371 0.000000 0.000000 0.000000 1.000000
0.968208 0.022198 -0.249160 -0.000000 -0.029598 0.999224 -0.025993 1.941480 0.248390 0.032542 0.968113 -0.247371 0.000000 0.000000 0.000000 1.000000
0.970376 0.021631 -0.240630 -0.000000 -0.029389 0.999156 -0.028696 1.941480 0.239806 0.034918 0.970193 -0.247371 0.000000 0.000000 0.000000 1.000000
0.972141 0.021520 -0.233407 -0.000000 -0.029067 0.999158 -0.028942 1.941480 0.232588 0.034921 0.971948 -0.247371 0.000000 0.000000 0.000000 1.000000
0.973582 0.021832 -0.227289 -0.000000 -0.028815 0.999208 -0.027451 1.941480 0.226510 0.033275 0.973440 -0.247371 0.000000 0.000000 0.000000 1.000000
0.974762 0.022453 -0.222114 -0.000000 -0.028711 0.999275 -0.024984 1.941480 0.221392 0.030731 0.974701 -0.247371 0.000000 0.000000 0.000000 1.000000
0.975727 0.023241 -0.217754 -0.000000 -0.028739 0.999342 -0.022118 1.941480 0.217096 0.027839 0.975753 -0.247371 0.000000 0.000000 0.000000 1.000000
0.976519 0.024074 -0.214081 -0.000000 -0.028888 0.999395 -0.019384 1.941480 0.213484 0.025113 0.976624 -0.247371 0.000000 0.000000 0.000000 1.000000
0.977177 0.024874 -0.210964 -0.000000 -0.029169 0.999425 -0.017269 1.941480 0.210413 0.023029 0.977341 -0.247371 0.000000 0.000000 0.000000 1.000000
0.977737 0.025597 -0.208268 -0.000000 -0.029622 0.999429 -0.016227 1.941480 0.207734 0.022035 0.977937 -0.247371 0.000000 0.000000 0.000000 1.000000
0.978222 0.026228 -0.205898 -0.000000 -0.030265 0.999406 -0.016483 1.941480 0.205343 0.022355 0.978435 -0.247371 0.000000 0.000000 0.000000 1.000000
0.978605 0.026829 -0.203990 -0.000000 -0.030932 0.999378 -0.016954 1.941480 0.203408 0.022901 0.978826 -0.247371 0.000000 0.000000 0.000000 1.000000
0.978892 0.027386 -0.202534 -0.000000 -0.031560 0.999350 -0.017409 1.941480 0.201925 0.023434 0.979121 -0.247371 0.000000 0.000000 0.000000 1.000000
0.979095 0.027870 -0.201484 -0.000000 -0.032113 0.999325 -0.017820 1.941480 0.200851 0.023917 0.979330 -0.247371 0.000000 0.000000 0.000000 1.000000
0.979226 0.028251 -0.200792 -0.000000 -0.032553 0.999305 -0.018154 1.941480 0.200140 0.024313 0.979466 -0.247371 0.000000 0.000000 0.000000 1.000000
0.979297 0.028501 -0.200412 -0.000000 -0.032844 0.999292 -0.018377 1.941480 0.199746 0.024579 0.979539 -0.247371 0.000000 0.000000 0.000000 1.000000
0.979318 0.028590 -0.200296 -0.000000 -0.032949 0.999287 -0.018459 1.941480 0.199625 0.024677 0.979562 -0.247371 0.000000 0.000000 0.000000 1.000000
0.979318 0.028590 -0.200296 -0.000000 -0.032949 0.999287 -0.018459 1.941480 0.199625 0.024677 0.979562 -0.247371 0.000000 0.000000 0.000000 1.000000
0.979318 0.028590 -0.200296 -0.000000 -0.032949 0.999287 -0.018459 1.941480 0.199625 0.024677 0.979562 -0.247371 0.000000 0.000000 0.000000 1.000000
0.979318 0.028590 -0.200296 -0.000000 -0.032949 0.999287 -0.018459 1.941480 0.199625 0.024677 0.979562 -0.247371 0.000000 0.000000 0.000000 1.000000
0.979318 0.028590 -0.200296 -0.000000 -0.032949 0.999287 -0.018459 1.941480 0.199625 0.024677 0.979562 -0.247371 0.000000 0.000000 0.000000 1.000000
0.979318 0.028590 -0.200296 -0.000000 -0.032949 0.999287 -0.018459 1.941480 0.199625 0.024677 0.979562 -0.247371 0.000000 0.000000 0.000000 1.000000
0.979318 0.028590 -0.200296 -0.000000 -0.032949 0.999287 -0.018459 1.941480 0.199625 0.024677 0.979562 -0.247371 0.000000 0.000000 0.000000 1.000000
0.979318 0.028590 -0.200296 -0.000000 -0.032949 0.999287 -0.018459 1.941480 0.199625 0.024677 0.979562 -0.247371 0.000000 0.000000 0.000000 1.000000</float_array>
     <technique_common>
      <accessor source="#jnt_hips-Matrix-animation-output-transform-array" count="38" stride="16">
       <param type="float4x4"></param>
      </accessor>
     </technique_common>
    </source>
    <source id="jnt_hips-Interpolations">
     <Name_array id="jnt_hips-Interpolations-array" count="38">
 LINEAR LINEAR LINEAR LINEAR LINEAR LINEAR LINEAR LINEAR LINEAR LINEAR LINEAR
LINEAR LINEAR LINEAR LINEAR LINEAR LINEAR LINEAR LINEAR LINEAR LINEAR LINEAR LINEAR
LINEAR LINEAR LINEAR LINEAR LINEAR LINEAR LINEAR LINEAR LINEAR LINEAR LINEAR LINEAR
LINEAR LINEAR LINEAR</Name_array>
     <technique_common>
      <accessor source="#jnt_hips-Interpolations-array" count="38">
       <param type="name"></param>
      </accessor>
     </technique_common>
    </source>
    <sampler id="jnt_hips-Matrix-animation-transform">
     <input semantic="INPUT" source="#jnt_hips-Matrix-animation-input"></input>
     <input semantic="OUTPUT" source="#jnt_hips-Matrix-animation-output-transform"></input>
     <input semantic="INTERPOLATION" source="#jnt_hips-Interpolations"></input>
    </sampler>
    <channel source="#jnt_hips-Matrix-animation-transform" target="jnt_hips/matrix"></channel>
   </animation>
  </animation>
  <animation id="jnt_height-anim" name="jnt_height">
   <animation>
    <source id="jnt_height-Matrix-animation-input">
     <float_array id="jnt_height-Matrix-animation-input-array" count="38">

0.000000 0.033333 0.066667 0.100000 0.133333 0.166667 0.200000 0.233333 0.266667 0.300000 0.333333 0.366667 0.400000 0.433333 0.466667 0.500000
0.533333 0.566667 0.600000 0.633333 0.666667 0.700000 0.733333 0.766667 0.800000 0.833333 0.866667 0.900000 0.933333 0.966667 1.000000 1.033333
1.066667 1.100000 1.133333 1.166667 1.200000 1.233333</float_array>
     <technique_common>
      <accessor source="#jnt_height-Matrix-animation-input-array" count="38">
       <param name="TIME" type="float"></param>
      </accessor>
     </technique_common>
    </source>
    <source id="jnt_height-Matrix-animation-output-transform">
     <float_array id="jnt_height-Matrix-animation-output-transform-array" count="608">

0.998490 0.051843 0.018176 -0.000000 -0.051518 0.998511 -0.017944 -0.000000 -0.019079 0.016981 0.999674 0.000000 0.000000 0.000000 0.000000 1.000000
0.998484 0.051954 0.018182 -0.000000 -0.051637 0.998513 -0.017485 -0.000000 -0.019063 0.016520 0.999682 -0.000000 0.000000 0.000000 0.000000 1.000000
0.998481 0.052016 0.018184 0.000000 -0.051711 0.998520 -0.016863 0.000000 -0.019034 0.015897 0.999692 -0.000000 0.000000 0.000000 0.000000 1.000000
0.998493 0.051790 0.018177 -0.000000 -0.051484 0.998531 -0.016877 0.000000 -0.019024 0.015916 0.999692 -0.000000 0.000000 0.000000 0.000000 1.000000
0.998512 0.051410 0.018174 -0.000000 -0.051097 0.998544 -0.017275 -0.000000 -0.019036 0.016320 0.999686 -0.000000 0.000000 0.000000 0.000000 1.000000
0.998526 0.051140 0.018175 0.000000 -0.050829 0.998560 -0.017167 -0.000000 -0.019027 0.016218 0.999687 0.000000 0.000000 0.000000 0.000000 1.000000
0.998543 0.050830 0.018145 -0.000000 -0.050529 0.998583 -0.016713 -0.000000 -0.018969 0.015771 0.999696 -0.000000 0.000000 0.000000 0.000000 1.000000
0.998566 0.050393 0.018074 -0.000000 -0.050103 0.998613 -0.016142 0.000000 -0.018862 0.015213 0.999706 0.000000 0.000000 0.000000 0.000000 1.000000
0.998599 0.049780 0.017955 0.000000 -0.049502 0.998652 -0.015609 0.000000 -0.018708 0.014699 0.999717 -0.000000 0.000000 0.000000 0.000000 1.000000
0.998643 0.048940 0.017783 0.000000 -0.048671 0.998698 -0.015258 0.000000 -0.018506 0.014372 0.999725 0.000000 0.000000 0.000000 0.000000 1.000000
0.998702 0.047815 0.017545 0.000000 -0.047550 0.998753 -0.015215 -0.000000 -0.018250 0.014361 0.999730 0.000000 0.000000 0.000000 0.000000 1.000000
0.998783 0.046236 0.017194 -0.000000 -0.045969 0.998821 -0.015595 0.000000 -0.017895 0.014785 0.999730 0.000000 0.000000 0.000000 0.000000 1.000000
0.998884 0.044163 0.016762 0.000000 -0.043883 0.998896 -0.016758 -0.000000 -0.017483 0.016004 0.999719 0.000000 0.000000 0.000000 0.000000 1.000000
0.998950 0.042641 0.016729 0.000000 -0.042308 0.998909 -0.019767 -0.000000 -0.017554 0.019039 0.999665 -0.000000 0.000000 0.000000 0.000000 1.000000
0.998996 0.041468 0.016930 -0.000000 -0.041059 0.998872 -0.023839 -0.000000 -0.017899 0.023120 0.999572 0.000000 0.000000 0.000000 0.000000 1.000000
0.999039 0.040340 0.017116 0.000000 -0.039854 0.998818 -0.027837 -0.000000 -0.018218 0.027128 0.999466 0.000000 0.000000 0.000000 0.000000 1.000000
0.999089 0.039104 0.017083 -0.000000 -0.038571 0.998791 -0.030478 -0.000000 -0.018254 0.029792 0.999389 0.000000 0.000000 0.000000 0.000000 1.000000
0.999149 0.037727 0.016687 0.000000 -0.037204 0.998838 -0.030626 -0.000000 -0.017823 0.029979 0.999392 -0.000000 0.000000 0.000000 0.000000 1.000000
0.999207 0.036416 0.016080 0.000000 -0.035939 0.998933 -0.029007 0.000000 -0.017119 0.028406 0.999450 -0.000000 0.000000 0.000000 0.000000 1.000000
0.999259 0.035271 0.015368 -0.000000 -0.034858 0.999043 -0.026391 0.000000 -0.016284 0.025835 0.999533 0.000000 0.000000 0.000000 0.000000 1.000000
0.999304 0.034298 0.014625 -0.000000 -0.033950 0.999150 -0.023360 -0.000000 -0.015414 0.022847 0.999620 0.000000 0.000000 0.000000 0.000000 1.000000
0.999342 0.033499 0.013925 0.000000 -0.033210 0.999239 -0.020453 -0.000000 -0.014599 0.019977 0.999694 0.000000 0.000000 0.000000 0.000000 1.000000
0.999369 0.032903 0.013348 -0.000000 -0.032658 0.999301 -0.018163 -0.000000 -0.013936 0.017715 0.999746 -0.000000 0.000000 0.000000 0.000000 1.000000
0.999385 0.032561 0.012980 -0.000000 -0.032339 0.999333 -0.016948 0.000000 -0.013524 0.016517 0.999772 -0.000000 0.000000 0.000000 0.000000 1.000000
0.999389 0.032503 0.012870 0.000000 -0.032282 0.999333 -0.017038 0.000000 -0.013415 0.016612 0.999772 0.000000 0.000000 0.000000 0.000000 1.000000
0.999388 0.032557 0.012825 0.000000 -0.032332 0.999326 -0.017356 0.000000 -0.013382 0.016930 0.999767 0.000000 0.000000 0.000000 0.000000 1.000000
0.999384 0.032665 0.012803 0.000000 -0.032436 0.999317 -0.017674 -0.000000 -0.013372 0.017248 0.999762 0.000000 0.000000 0.000000 0.000000 1.000000
0.999380 0.032798 0.012797 -0.000000 -0.032565 0.999308 -0.017971 -0.000000 -0.013378 0.017543 0.999757 0.000000 0.000000 0.000000 0.000000 1.000000
0.999376 0.032928 0.012801 -0.000000 -0.032692 0.999299 -0.018218 -0.000000 -0.013392 0.017788 0.999752 0.000000 0.000000 0.000000 0.000000 1.000000
0.999372 0.033027 0.012807 0.000000 -0.032789 0.999293 -0.018386 -0.000000 -0.013406 0.017954 0.999749 0.000000 0.000000 0.000000 0.000000 1.000000
0.999371 0.033066 0.012811 0.000000 -0.032827 0.999291 -0.018447 -0.000000 -0.013412 0.018015 0.999748 -0.000000 0.000000 0.000000 0.000000 1.000000
0.999371 0.033066 0.012811 0.000000 -0.032827 0.999291 -0.018447 -0.000000 -0.013412 0.018015 0.999748 -0.000000 0.000000 0.000000 0.000000 1.000000
0.999371 0.033066 0.012811 0.000000 -0.032827 0.999291 -0.018447 -0.000000 -0.013412 0.018015 0.999748 -0.000000 0.000000 0.000000 0.000000 1.000000
0.999371 0.033066 0.012811 0.000000 -0.032827 0.999291 -0.018447 -0.000000 -0.013412 0.018015 0.999748 -0.000000 0.000000 0.000000 0.000000 1.000000
0.999371 0.033066 0.012811 0.000000 -0.032827 0.999291 -0.018447 -0.000000 -0.013412 0.018015 0.999748 -0.000000 0.000000 0.000000 0.000000 1.000000
0.999371 0.033066 0.012811 0.000000 -0.032827 0.999291 -0.018447 -0.000000 -0.013412 0.018015 0.999748 -0.000000 0.000000 0.000000 0.000000 1.000000
0.999371 0.033066 0.012811 0.000000 -0.032827 0.999291 -0.018447 -0.000000 -0.013412 0.018015 0.999748 -0.000000 0.000000 0.000000 0.000000 1.000000
0.999371 0.033066 0.012811 0.000000 -0.032827 0.999291 -0.018447 -0.000000 -0.013412 0.018015 0.999748 -0.000000 0.000000 0.000000 0.000000 1.000000</float_array>
     <technique_common>
      <accessor source="#jnt_height-Matrix-animation-output-transform-array" count="38" stride="16">
       <param type="float4x4"></param>
      </accessor>
     </technique_common>
    </source>
    <source id="jnt_height-Interpolations">
     <Name_array id="jnt_height-Interpolations-array" count="38">
 LINEAR LINEAR LINEAR LINEAR LINEAR LINEAR LINEAR LINEAR LINEAR LINEAR LINEAR
LINEAR LINEAR LINEAR LINEAR LINEAR LINEAR LINEAR LINEAR LINEAR LINEAR LINEAR LINEAR
LINEAR LINEAR LINEAR LINEAR LINEAR LINEAR LINEAR LINEAR LINEAR LINEAR LINEAR LINEAR
LINEAR LINEAR LINEAR</Name_array>
     <technique_common>
      <accessor source="#jnt_height-Interpolations-array" count="38">
       <param type="name"></param>
      </accessor>
     </technique_common>
    </source>
    <sampler id="jnt_height-Matrix-animation-transform">
     <input semantic="INPUT" source="#jnt_height-Matrix-animation-input"></input>
     <input semantic="OUTPUT" source="#jnt_height-Matrix-animation-output-transform"></input>
     <input semantic="INTERPOLATION" source="#jnt_height-Interpolations"></input>
    </sampler>
    <channel source="#jnt_height-Matrix-animation-transform" target="jnt_height/matrix"></channel>
   </animation>
  </animation>
  <animation id="jnt_spine1-anim" name="jnt_spine1">
   <animation>
    <source id="jnt_spine1-Matrix-animation-input">
     <float_array id="jnt_spine1-Matrix-animation-input-array" count="38">

0.000000 0.033333 0.066667 0.100000 0.133333 0.166667 0.200000 0.233333 0.266667 0.300000 0.333333 0.366667 0.400000 0.433333 0.466667 0.500000
0.533333 0.566667 0.600000 0.633333 0.666667 0.700000 0.733333 0.766667 0.800000 0.833333 0.866667 0.900000 0.933333 0.966667 1.000000 1.033333
1.066667 1.100000 1.133333 1.166667 1.200000 1.233333</float_array>
     <technique_common>
      <accessor source="#jnt_spine1-Matrix-animation-input-array" count="38">
       <param name="TIME" type="float"></param>
      </accessor>
     </technique_common>
    </source>
