<?xml version="1.0"?>
<COLLADA xmlns="http://www.collada.org/2005/11/COLLADASchema" version="1.4.1">
 <asset>
  <contributor>
   <author></author>
   <authoring_tool>FBX COLLADA exporter</authoring_tool>
   <comments></comments>
  </contributor>
  <created>2024-06-17T22:15:09Z</created>
  <keywords></keywords>
  <modified>2024-06-17T22:15:09Z</modified>
  <revision></revision>
  <subject></subject>
  <title></title>
  <unit meter="0.010000" name="centimeter"></unit>
  <up_axis>Y_UP</up_axis>
 </asset>
 <library_animations>
  <animation id="Character-anim" name="Character">
   <animation>
    <source id="Character-Matrix-animation-input">
     <float_array id="Character-Matrix-animation-input-array" count="23">

0.000000 0.033333 0.066667 0.100000 0.133333 0.166667 0.200000 0.233333 0.266667 0.300000 0.333333 0.366667 0.400000 0.433333 0.466667 0.500000
0.533333 0.566667 0.600000 0.633333 0.666667 0.700000 0.733333</float_array>
     <technique_common>
      <accessor source="#Character-Matrix-animation-input-array" count="23">
       <param name="TIME" type="float"></param>
      </accessor>
     </technique_common>
    </source>
    <source id="Character-Matrix-animation-output-transform">
     <float_array id="Character-Matrix-animation-output-transform-array" count="368">

1.000000 0.000000 0.000000 0.000000 0.000000 1.000000 -0.000000 0.000000 0.000000 0.000000 1.000000 0.000000 0.000000 0.000000 0.000000 1.000000
1.000000 0.000000 0.000000 0.000000 0.000000 1.000000 -0.000000 0.000000 0.000000 0.000000 1.000000 0.000000 0.000000 0.000000 0.000000 1.000000
1.000000 0.000000 0.000000 0.000000 0.000000 1.000000 -0.000000 0.000000 0.000000 0.000000 1.000000 0.000000 0.000000 0.000000 0.000000 1.000000
1.000000 0.000000 0.000000 0.000000 0.000000 1.000000 -0.000000 0.000000 0.000000 0.000000 1.000000 0.000000 0.000000 0.000000 0.000000 1.000000
1.000000 0.000000 0.000000 0.000000 0.000000 1.000000 -0.000000 0.000000 0.000000 0.000000 1.000000 0.000000 0.000000 0.000000 0.000000 1.000000
1.000000 0.000000 0.000000 0.000000 0.000000 1.000000 -0.000000 0.000000 0.000000 0.000000 1.000000 0.000000 0.000000 0.000000 0.000000 1.000000
1.000000 0.000000 0.000000 0.000000 0.000000 1.000000 -0.000000 0.000000 0.000000 0.000000 1.000000 0.000000 0.000000 0.000000 0.000000 1.000000
1.000000 0.000000 0.000000 0.000000 0.000000 1.000000 -0.000000 0.000000 0.000000 0.000000 1.000000 0.000000 0.000000 0.000000 0.000000 1.000000
1.000000 0.000000 0.000000 0.000000 0.000000 1.000000 -0.000000 0.000000 0.000000 0.000000 1.000000 0.000000 0.000000 0.000000 0.000000 1.000000
1.000000 0.000000 0.000000 0.000000 0.000000 1.000000 -0.000000 0.000000 0.000000 0.000000 1.000000 0.000000 0.000000 0.000000 0.000000 1.000000
1.000000 0.000000 0.000000 0.000000 0.000000 1.000000 -0.000000 0.000000 0.000000 0.000000 1.000000 0.000000 0.000000 0.000000 0.000000 1.000000
1.000000 0.000000 0.000000 0.000000 0.000000 1.000000 -0.000000 0.000000 0.000000 0.000000 1.000000 0.000000 0.000000 0.000000 0.000000 1.000000
1.000000 0.000000 0.000000 0.000000 0.000000 1.000000 -0.000000 0.000000 0.000000 0.000000 1.000000 0.000000 0.000000 0.000000 0.000000 1.000000
1.000000 0.000000 0.000000 0.000000 0.000000 1.000000 -0.000000 0.000000 0.000000 0.000000 1.000000 0.000000 0.000000 0.000000 0.000000 1.000000
1.000000 0.000000 0.000000 0.000000 0.000000 1.000000 -0.000000 0.000000 0.000000 0.000000 1.000000 0.000000 0.000000 0.000000 0.000000 1.000000
1.000000 0.000000 0.000000 0.000000 0.000000 1.000000 -0.000000 0.000000 0.000000 0.000000 1.000000 0.000000 0.000000 0.000000 0.000000 1.000000
1.000000 0.000000 0.000000 0.000000 0.000000 1.000000 -0.000000 0.000000 0.000000 0.000000 1.000000 0.000000 0.000000 0.000000 0.000000 1.000000
1.000000 0.000000 0.000000 0.000000 0.000000 1.000000 -0.000000 0.000000 0.000000 0.000000 1.000000 0.000000 0.000000 0.000000 0.000000 1.000000
1.000000 0.000000 0.000000 0.000000 0.000000 1.000000 -0.000000 0.000000 0.000000 0.000000 1.000000 0.000000 0.000000 0.000000 0.000000 1.000000
1.000000 0.000000 0.000000 0.000000 0.000000 1.000000 -0.000000 0.000000 0.000000 0.000000 1.000000 0.000000 0.000000 0.000000 0.000000 1.000000
1.000000 0.000000 0.000000 0.000000 0.000000 1.000000 -0.000000 0.000000 0.000000 0.000000 1.000000 0.000000 0.000000 0.000000 0.000000 1.000000
1.000000 0.000000 0.000000 0.000000 0.000000 1.000000 -0.000000 0.000000 0.000000 0.000000 1.000000 0.000000 0.000000 0.000000 0.000000 1.000000
1.000000 0.000000 0.000000 0.000000 0.000000 1.000000 -0.000000 0.000000 0.000000 0.000000 1.000000 0.000000 0.000000 0.000000 0.000000 1.000000</float_array>
     <technique_common>
      <accessor source="#Character-Matrix-animation-output-transform-array" count="23" stride="16">
       <param type="float4x4"></param>
      </accessor>
     </technique_common>
    </source>
    <source id="Character-Interpolations">
     <Name_array id="Character-Interpolations-array" count="23">
 LINEAR LINEAR LINEAR LINEAR LINEAR LINEAR LINEAR LINEAR LINEAR LINEAR LINEAR
LINEAR LINEAR LINEAR LINEAR LINEAR LINEAR LINEAR LINEAR LINEAR LINEAR LINEAR LINEAR</Name_array>
     <technique_common>
      <accessor source="#Character-Interpolations-array" count="23">
       <param type="name"></param>
      </accessor>
     </technique_common>
    </source>
    <sampler id="Character-Matrix-animation-transform">
     <input semantic="INPUT" source="#Character-Matrix-animation-input"></input>
     <input semantic="OUTPUT" source="#Character-Matrix-animation-output-transform"></input>
     <input semantic="INTERPOLATION" source="#Character-Interpolations"></input>
    </sampler>
    <channel source="#Character-Matrix-animation-transform" target="Character/matrix"></channel>
   </animation>
  </animation>
  <animation id="HIK_root_jnt-anim" name="HIK_root_jnt">
   <animation>
    <source id="HIK_root_jnt-Matrix-animation-input">
     <float_array id="HIK_root_jnt-Matrix-animation-input-array" count="23">

0.000000 0.033333 0.066667 0.100000 0.133333 0.166667 0.200000 0.233333 0.266667 0.300000 0.333333 0.366667 0.400000 0.433333 0.466667 0.500000
0.533333 0.566667 0.600000 0.633333 0.666667 0.700000 0.733333</float_array>
     <technique_common>
      <accessor source="#HIK_root_jnt-Matrix-animation-input-array" count="23">
       <param name="TIME" type="float"></param>
      </accessor>
     </technique_common>
    </source>
    <source id="HIK_root_jnt-Matrix-animation-output-transform">
     <float_array id="HIK_root_jnt-Matrix-animation-output-transform-array" count="368">

1.000000 0.000000 0.000000 0.000000 0.000000 1.000000 -0.000000 0.000000 0.000000 0.000000 1.000000 0.000000 0.000000 0.000000 0.000000 1.000000
1.000000 0.000000 0.000000 0.000000 0.000000 1.000000 -0.000000 0.000000 0.000000 0.000000 1.000000 0.000000 0.000000 0.000000 0.000000 1.000000
1.000000 0.000000 0.000000 0.000000 0.000000 1.000000 -0.000000 0.000000 0.000000 0.000000 1.000000 0.000000 0.000000 0.000000 0.000000 1.000000
1.000000 0.000000 0.000000 0.000000 0.000000 1.000000 -0.000000 0.000000 0.000000 0.000000 1.000000 0.000000 0.000000 0.000000 0.000000 1.000000
1.000000 0.000000 0.000000 0.000000 0.000000 1.000000 -0.000000 0.000000 0.000000 0.000000 1.000000 0.000000 0.000000 0.000000 0.000000 1.000000
1.000000 0.000000 0.000000 0.000000 0.000000 1.000000 -0.000000 0.000000 0.000000 0.000000 1.000000 0.000000 0.000000 0.000000 0.000000 1.000000
1.000000 0.000000 0.000000 0.000000 0.000000 1.000000 -0.000000 0.000000 0.000000 0.000000 1.000000 0.000000 0.000000 0.000000 0.000000 1.000000
1.000000 0.000000 0.000000 0.000000 0.000000 1.000000 -0.000000 0.000000 0.000000 0.000000 1.000000 0.000000 0.000000 0.000000 0.000000 1.000000
1.000000 0.000000 0.000000 0.000000 0.000000 1.000000 -0.000000 0.000000 0.000000 0.000000 1.000000 0.000000 0.000000 0.000000 0.000000 1.000000
1.000000 0.000000 0.000000 0.000000 0.000000 1.000000 -0.000000 0.000000 0.000000 0.000000 1.000000 0.000000 0.000000 0.000000 0.000000 1.000000
1.000000 0.000000 0.000000 0.000000 0.000000 1.000000 -0.000000 0.000000 0.000000 0.000000 1.000000 0.000000 0.000000 0.000000 0.000000 1.000000
1.000000 0.000000 0.000000 0.000000 0.000000 1.000000 -0.000000 0.000000 0.000000 0.000000 1.000000 0.000000 0.000000 0.000000 0.000000 1.000000
1.000000 0.000000 0.000000 0.000000 0.000000 1.000000 -0.000000 0.000000 0.000000 0.000000 1.000000 0.000000 0.000000 0.000000 0.000000 1.000000
1.000000 0.000000 0.000000 0.000000 0.000000 1.000000 -0.000000 0.000000 0.000000 0.000000 1.000000 0.000000 0.000000 0.000000 0.000000 1.000000
1.000000 0.000000 0.000000 0.000000 0.000000 1.000000 -0.000000 0.000000 0.000000 0.000000 1.000000 0.000000 0.000000 0.000000 0.000000 1.000000
1.000000 0.000000 0.000000 0.000000 0.000000 1.000000 -0.000000 0.000000 0.000000 0.000000 1.000000 0.000000 0.000000 0.000000 0.000000 1.000000
1.000000 0.000000 0.000000 0.000000 0.000000 1.000000 -0.000000 0.000000 0.000000 0.000000 1.000000 0.000000 0.000000 0.000000 0.000000 1.000000
1.000000 0.000000 0.000000 0.000000 0.000000 1.000000 -0.000000 0.000000 0.000000 0.000000 1.000000 0.000000 0.000000 0.000000 0.000000 1.000000
1.000000 0.000000 0.000000 0.000000 0.000000 1.000000 -0.000000 0.000000 0.000000 0.000000 1.000000 0.000000 0.000000 0.000000 0.000000 1.000000
1.000000 0.000000 0.000000 0.000000 0.000000 1.000000 -0.000000 0.000000 0.000000 0.000000 1.000000 0.000000 0.000000 0.000000 0.000000 1.000000
1.000000 0.000000 0.000000 0.000000 0.000000 1.000000 -0.000000 0.000000 0.000000 0.000000 1.000000 0.000000 0.000000 0.000000 0.000000 1.000000
1.000000 0.000000 0.000000 0.000000 0.000000 1.000000 -0.000000 0.000000 0.000000 0.000000 1.000000 0.000000 0.000000 0.000000 0.000000 1.000000
1.000000 0.000000 0.000000 0.000000 0.000000 1.000000 -0.000000 0.000000 0.000000 0.000000 1.000000 0.000000 0.000000 0.000000 0.000000 1.000000</float_array>
     <technique_common>
      <accessor source="#HIK_root_jnt-Matrix-animation-output-transform-array" count="23" stride="16">
       <param type="float4x4"></param>
      </accessor>
     </technique_common>
    </source>
    <source id="HIK_root_jnt-Interpolations">
     <Name_array id="HIK_root_jnt-Interpolations-array" count="23">
 LINEAR LINEAR LINEAR LINEAR LINEAR LINEAR LINEAR LINEAR LINEAR LINEAR LINEAR
LINEAR LINEAR LINEAR LINEAR LINEAR LINEAR LINEAR LINEAR LINEAR LINEAR LINEAR LINEAR</Name_array>
     <technique_common>
      <accessor source="#HIK_root_jnt-Interpolations-array" count="23">
       <param type="name"></param>
      </accessor>
     </technique_common>
    </source>
    <sampler id="HIK_root_jnt-Matrix-animation-transform">
     <input semantic="INPUT" source="#HIK_root_jnt-Matrix-animation-input"></input>
     <input semantic="OUTPUT" source="#HIK_root_jnt-Matrix-animation-output-transform"></input>
     <input semantic="INTERPOLATION" source="#HIK_root_jnt-Interpolations"></input>
    </sampler>
    <channel source="#HIK_root_jnt-Matrix-animation-transform" target="HIK_root_jnt/matrix"></channel>
   </animation>
  </animation>
  <animation id="root_jnt-anim" name="root_jnt">
   <animation>
    <source id="root_jnt-Matrix-animation-input">
     <float_array id="root_jnt-Matrix-animation-input-array" count="23">

0.000000 0.033333 0.066667 0.100000 0.133333 0.166667 0.200000 0.233333 0.266667 0.300000 0.333333 0.366667 0.400000 0.433333 0.466667 0.500000
0.533333 0.566667 0.600000 0.633333 0.666667 0.700000 0.733333</float_array>
     <technique_common>
      <accessor source="#root_jnt-Matrix-animation-input-array" count="23">
       <param name="TIME" type="float"></param>
      </accessor>
     </technique_common>
    </source>
    <source id="root_jnt-Matrix-animation-output-transform">
     <float_array id="root_jnt-Matrix-animation-output-transform-array" count="368">

1.000000 0.000000 0.000000 0.000000 0.000000 1.000000 -0.000000 0.000000 0.000000 0.000000 1.000000 0.000000 0.000000 0.000000 0.000000 1.000000
1.000000 0.000000 0.000000 0.000000 0.000000 1.000000 -0.000000 0.000000 0.000000 0.000000 1.000000 0.000000 0.000000 0.000000 0.000000 1.000000
1.000000 0.000000 0.000000 0.000000 0.000000 1.000000 -0.000000 0.000000 0.000000 0.000000 1.000000 0.000000 0.000000 0.000000 0.000000 1.000000
1.000000 0.000000 0.000000 0.000000 0.000000 1.000000 -0.000000 0.000000 0.000000 0.000000 1.000000 0.000000 0.000000 0.000000 0.000000 1.000000
1.000000 0.000000 0.000000 0.000000 0.000000 1.000000 -0.000000 0.000000 0.000000 0.000000 1.000000 0.000000 0.000000 0.000000 0.000000 1.000000
1.000000 0.000000 0.000000 0.000000 0.000000 1.000000 -0.000000 0.000000 0.000000 0.000000 1.000000 0.000000 0.000000 0.000000 0.000000 1.000000
1.000000 0.000000 0.000000 0.000000 0.000000 1.000000 -0.000000 0.000000 0.000000 0.000000 1.000000 0.000000 0.000000 0.000000 0.000000 1.000000
1.000000 0.000000 0.000000 0.000000 0.000000 1.000000 -0.000000 0.000000 0.000000 0.000000 1.000000 0.000000 0.000000 0.000000 0.000000 1.000000
1.000000 0.000000 0.000000 0.000000 0.000000 1.000000 -0.000000 0.000000 0.000000 0.000000 1.000000 0.000000 0.000000 0.000000 0.000000 1.000000
1.000000 0.000000 0.000000 0.000000 0.000000 1.000000 -0.000000 0.000000 0.000000 0.000000 1.000000 0.000000 0.000000 0.000000 0.000000 1.000000
1.000000 0.000000 0.000000 0.000000 0.000000 1.000000 -0.000000 0.000000 0.000000 0.000000 1.000000 0.000000 0.000000 0.000000 0.000000 1.000000
1.000000 0.000000 0.000000 0.000000 0.000000 1.000000 -0.000000 0.000000 0.000000 0.000000 1.000000 0.000000 0.000000 0.000000 0.000000 1.000000
1.000000 0.000000 0.000000 0.000000 0.000000 1.000000 -0.000000 0.000000 0.000000 0.000000 1.000000 0.000000 0.000000 0.000000 0.000000 1.000000
1.000000 0.000000 0.000000 0.000000 0.000000 1.000000 -0.000000 0.000000 0.000000 0.000000 1.000000 0.000000 0.000000 0.000000 0.000000 1.000000
1.000000 0.000000 0.000000 0.000000 0.000000 1.000000 -0.000000 0.000000 0.000000 0.000000 1.000000 0.000000 0.000000 0.000000 0.000000 1.000000
1.000000 0.000000 0.000000 0.000000 0.000000 1.000000 -0.000000 0.000000 0.000000 0.000000 1.000000 0.000000 0.000000 0.000000 0.000000 1.000000
1.000000 0.000000 0.000000 0.000000 0.000000 1.000000 -0.000000 0.000000 0.000000 0.000000 1.000000 0.000000 0.000000 0.000000 0.000000 1.000000
1.000000 0.000000 0.000000 0.000000 0.000000 1.000000 -0.000000 0.000000 0.000000 0.000000 1.000000 0.000000 0.000000 0.000000 0.000000 1.000000
1.000000 0.000000 0.000000 0.000000 0.000000 1.000000 -0.000000 0.000000 0.000000 0.000000 1.000000 0.000000 0.000000 0.000000 0.000000 1.000000
1.000000 0.000000 0.000000 0.000000 0.000000 1.000000 -0.000000 0.000000 0.000000 0.000000 1.000000 0.000000 0.000000 0.000000 0.000000 1.000000
1.000000 0.000000 0.000000 0.000000 0.000000 1.000000 -0.000000 0.000000 0.000000 0.000000 1.000000 0.000000 0.000000 0.000000 0.000000 1.000000
1.000000 0.000000 0.000000 0.000000 0.000000 1.000000 -0.000000 0.000000 0.000000 0.000000 1.000000 0.000000 0.000000 0.000000 0.000000 1.000000
1.000000 0.000000 0.000000 0.000000 0.000000 1.000000 -0.000000 0.000000 0.000000 0.000000 1.000000 0.000000 0.000000 0.000000 0.000000 1.000000</float_array>
     <technique_common>
      <accessor source="#root_jnt-Matrix-animation-output-transform-array" count="23" stride="16">
       <param type="float4x4"></param>
      </accessor>
     </technique_common>
    </source>
    <source id="root_jnt-Interpolations">
     <Name_array id="root_jnt-Interpolations-array" count="23">
 LINEAR LINEAR LINEAR LINEAR LINEAR LINEAR LINEAR LINEAR LINEAR LINEAR LINEAR
LINEAR LINEAR LINEAR LINEAR LINEAR LINEAR LINEAR LINEAR LINEAR LINEAR LINEAR LINEAR</Name_array>
     <technique_common>
      <accessor source="#root_jnt-Interpolations-array" count="23">
       <param type="name"></param>
      </accessor>
     </technique_common>
    </source>
    <sampler id="root_jnt-Matrix-animation-transform">
     <input semantic="INPUT" source="#root_jnt-Matrix-animation-input"></input>
     <input semantic="OUTPUT" source="#root_jnt-Matrix-animation-output-transform"></input>
     <input semantic="INTERPOLATION" source="#root_jnt-Interpolations"></input>
    </sampler>
    <channel source="#root_jnt-Matrix-animation-transform" target="root_jnt/matrix"></channel>
   </animation>
  </animation>
  <animation id="jnt_hips-anim" name="jnt_hips">
   <animation>
    <source id="jnt_hips-Matrix-animation-input">
     <float_array id="jnt_hips-Matrix-animation-input-array" count="23">

0.000000 0.033333 0.066667 0.100000 0.133333 0.166667 0.200000 0.233333 0.266667 0.300000 0.333333 0.366667 0.400000 0.433333 0.466667 0.500000
0.533333 0.566667 0.600000 0.633333 0.666667 0.700000 0.733333</float_array>
     <technique_common>
      <accessor source="#jnt_hips-Matrix-animation-input-array" count="23">
       <param name="TIME" type="float"></param>
      </accessor>
     </technique_common>
    </source>
    <source id="jnt_hips-Matrix-animation-output-transform">
     <float_array id="jnt_hips-Matrix-animation-output-transform-array" count="368">

0.979579 0.047280 -0.195422 -0.000000 -0.051772 0.998498 -0.017943 1.941480 0.194280 0.027694 0.980555 -0.247371 0.000000 0.000000 0.000000 1.000000
0.979996 0.047222 -0.193335 -0.000000 -0.051650 0.998504 -0.017925 1.941480 0.192200 0.027552 0.980969 -0.247371 0.000000 0.000000 0.000000 1.000000
0.981091 0.047066 -0.187738 -0.000000 -0.051323 0.998522 -0.017877 1.941480 0.186619 0.027174 0.982056 -0.247371 0.000000 0.000000 0.000000 1.000000
0.982620 0.046839 -0.179625 -0.000000 -0.050853 0.998547 -0.017804 1.941480 0.178530 0.026629 0.983574 -0.247371 0.000000 0.000000 0.000000 1.000000
0.984344 0.046567 -0.169993 -0.000000 -0.050299 0.998577 -0.017716 1.941480 0.168926 0.025989 0.985286 -0.247371 0.000000 0.000000 0.000000 1.000000
0.986057 0.046278 -0.159844 -0.000000 -0.049723 0.998608 -0.017619 1.941480 0.158806 0.025321 0.986985 -0.247371 0.000000 0.000000 0.000000 1.000000
0.987587 0.046001 -0.150186 -0.000000 -0.049180 0.998636 -0.017523 1.941480 0.149175 0.024691 0.988502 -0.247371 0.000000 0.000000 0.000000 1.000000
0.988803 0.045766 -0.142032 -0.000000 -0.048727 0.998660 -0.017439 1.941480 0.141043 0.024165 0.989708 -0.247371 0.000000 0.000000 0.000000 1.000000
0.989604 0.045602 -0.136395 -0.000000 -0.048416 0.998676 -0.017380 1.941480 0.135422 0.023803 0.990502 -0.247371 0.000000 0.000000 0.000000 1.000000
0.989895 0.045541 -0.134292 -0.000000 -0.048300 0.998682 -0.017358 1.941480 0.133324 0.023669 0.990790 -0.247371 0.000000 0.000000 0.000000 1.000000
0.989895 0.045541 -0.134292 -0.000000 -0.048300 0.998682 -0.017358 1.941480 0.133324 0.023669 0.990790 -0.247371 0.000000 0.000000 0.000000 1.000000
0.989895 0.045541 -0.134292 -0.000000 -0.048300 0.998682 -0.017358 1.941480 0.133324 0.023669 0.990790 -0.247371 0.000000 0.000000 0.000000 1.000000
0.989895 0.045541 -0.134292 -0.000000 -0.048300 0.998682 -0.017358 1.941480 0.133324 0.023669 0.990790 -0.247371 0.000000 0.000000 0.000000 1.000000
0.989895 0.045541 -0.134292 -0.000000 -0.048300 0.998682 -0.017358 1.941480 0.133324 0.023669 0.990790 -0.247371 0.000000 0.000000 0.000000 1.000000
0.989633 0.045596 -0.136188 -0.000000 -0.048404 0.998677 -0.017378 1.941480 0.135215 0.023790 0.990531 -0.247371 0.000000 0.000000 0.000000 1.000000
0.988909 0.045745 -0.141302 -0.000000 -0.048686 0.998662 -0.017431 1.941480 0.140316 0.024118 0.989813 -0.247371 0.000000 0.000000 0.000000 1.000000
0.987803 0.045960 -0.148773 -0.000000 -0.049102 0.998640 -0.017508 1.941480 0.147766 0.024600 0.988716 -0.247371 0.000000 0.000000 0.000000 1.000000
0.986399 0.046218 -0.157736 -0.000000 -0.049604 0.998614 -0.017598 1.941480 0.156704 0.025183 0.987324 -0.247371 0.000000 0.000000 0.000000 1.000000
0.984804 0.046491 -0.167331 -0.000000 -0.050148 0.998585 -0.017690 1.941480 0.166272 0.025813 0.985742 -0.247371 0.000000 0.000000 0.000000 1.000000
0.983154 0.046756 -0.176700 -0.000000 -0.050684 0.998557 -0.017778 1.941480 0.175614 0.026434 0.984104 -0.247371 0.000000 0.000000 0.000000 1.000000
0.981617 0.046989 -0.184989 -0.000000 -0.051163 0.998531 -0.017852 1.941480 0.183878 0.026989 0.982578 -0.247371 0.000000 0.000000 0.000000 1.000000
0.980388 0.047167 -0.191349 -0.000000 -0.051534 0.998511 -0.017908 1.941480 0.190219 0.027418 0.981359 -0.247371 0.000000 0.000000 0.000000 1.000000
0.979677 0.047266 -0.194934 -0.000000 -0.051744 0.998499 -0.017939 1.941480 0.193794 0.027661 0.980652 -0.247371 0.000000 0.000000 0.000000 1.000000</float_array>
     <technique_common>
      <accessor source="#jnt_hips-Matrix-animation-output-transform-array" count="23" stride="16">
       <param type="float4x4"></param>
      </accessor>
     </technique_common>
    </source>
    <source id="jnt_hips-Interpolations">
     <Name_array id="jnt_hips-Interpolations-array" count="23">
 LINEAR LINEAR LINEAR LINEAR LINEAR LINEAR LINEAR LINEAR LINEAR LINEAR LINEAR
LINEAR LINEAR LINEAR LINEAR LINEAR LINEAR LINEAR LINEAR LINEAR LINEAR LINEAR LINEAR</Name_array>
     <technique_common>
      <accessor source="#jnt_hips-Interpolations-array" count="23">
       <param type="name"></param>
      </accessor>
     </technique_common>
    </source>
    <sampler id="jnt_hips-Matrix-animation-transform">
     <input semantic="INPUT" source="#jnt_hips-Matrix-animation-input"></input>
     <input semantic="OUTPUT" source="#jnt_hips-Matrix-animation-output-transform"></input>
     <input semantic="INTERPOLATION" source="#jnt_hips-Interpolations"></input>
    </sampler>
    <channel source="#jnt_hips-Matrix-animation-transform" target="jnt_hips/matrix"></channel>
   </animation>
  </animation>
  <animation id="jnt_height-anim" name="jnt_height">
   <animation>
    <source id="jnt_height-Matrix-animation-input">
     <float_array id="jnt_height-Matrix-animation-input-array" count="23">

0.000000 0.033333 0.066667 0.100000 0.133333 0.166667 0.200000 0.233333 0.266667 0.300000 0.333333 0.366667 0.400000 0.433333 0.466667 0.500000
0.533333 0.566667 0.600000 0.633333 0.666667 0.700000 0.733333</float_array>
     <technique_common>
      <accessor source="#jnt_height-Matrix-animation-input-array" count="23">
       <param name="TIME" type="float"></param>
      </accessor>
     </technique_common>
    </source>
    <source id="jnt_height-Matrix-animation-output-transform">
     <float_array id="jnt_height-Matrix-animation-output-transform-array" count="368">

0.998490 0.051843 0.018176 -0.000000 -0.051518 0.998511 -0.017944 -0.000000 -0.019079 0.016981 0.999674 0.000000 0.000000 0.000000 0.000000 1.000000
0.998507 0.051533 0.018096 -0.000000 -0.051207 0.998525 -0.018014 -0.000000 -0.018998 0.017061 0.999674 0.000000 0.000000 0.000000 0.000000 1.000000
0.998554 0.050701 0.017881 -0.000000 -0.050376 0.998564 -0.018199 -0.000000 -0.018778 0.017272 0.999675 0.000000 0.000000 0.000000 0.000000 1.000000
0.998620 0.049497 0.017569 0.000000 -0.049172 0.998620 -0.018459 0.000000 -0.018459 0.017570 0.999675 -0.000000 0.000000 0.000000 0.000000 1.000000
0.998696 0.048070 0.017197 -0.000000 -0.047746 0.998683 -0.018757 0.000000 -0.018076 0.017911 0.999676 -0.000000 0.000000 0.000000 0.000000 1.000000
0.998774 0.046569 0.016804 0.000000 -0.046247 0.998748 -0.019058 -0.000000 -0.017670 0.018257 0.999677 0.000000 0.000000 0.000000 0.000000 1.000000
0.998845 0.045143 0.016428 -0.000000 -0.044824 0.998808 -0.019331 0.000000 -0.017281 0.018573 0.999678 -0.000000 0.000000 0.000000 0.000000 1.000000
0.998904 0.043942 0.016110 -0.000000 -0.043624 0.998856 -0.019553 -0.000000 -0.016951 0.018829 0.999679 -0.000000 0.000000 0.000000 0.000000 1.000000
0.998944 0.043112 0.015889 0.000000 -0.042796 0.998889 -0.019702 -0.000000 -0.016721 0.019001 0.999680 0.000000 0.000000 0.000000 0.000000 1.000000
0.998959 0.042803 0.015807 0.000000 -0.042488 0.998902 -0.019756 0.000000 -0.016635 0.019064 0.999680 0.000000 0.000000 0.000000 0.000000 1.000000
0.998959 0.042803 0.015807 0.000000 -0.042488 0.998902 -0.019756 0.000000 -0.016635 0.019064 0.999680 0.000000 0.000000 0.000000 0.000000 1.000000
0.998959 0.042803 0.015807 0.000000 -0.042488 0.998902 -0.019756 0.000000 -0.016635 0.019064 0.999680 0.000000 0.000000 0.000000 0.000000 1.000000
0.998959 0.042803 0.015807 0.000000 -0.042488 0.998902 -0.019756 0.000000 -0.016635 0.019064 0.999680 0.000000 0.000000 0.000000 0.000000 1.000000
0.998959 0.042803 0.015807 0.000000 -0.042488 0.998902 -0.019756 0.000000 -0.016635 0.019064 0.999680 0.000000 0.000000 0.000000 0.000000 1.000000
0.998945 0.043082 0.015881 -0.000000 -0.042766 0.998891 -0.019707 0.000000 -0.016712 0.019007 0.999680 -0.000000 0.000000 0.000000 0.000000 1.000000
0.998909 0.043834 0.016081 0.000000 -0.043517 0.998861 -0.019573 -0.000000 -0.016921 0.018852 0.999679 -0.000000 0.000000 0.000000 0.000000 1.000000
0.998856 0.044935 0.016373 -0.000000 -0.044616 0.998816 -0.019370 0.000000 -0.017224 0.018618 0.999678 0.000000 0.000000 0.000000 0.000000 1.000000
0.998790 0.046258 0.016722 -0.000000 -0.045936 0.998761 -0.019118 -0.000000 -0.017586 0.018327 0.999677 0.000000 0.000000 0.000000 0.000000 1.000000
0.998716 0.047676 0.017094 -0.000000 -0.047353 0.998700 -0.018837 0.000000 -0.017970 0.018003 0.999676 0.000000 0.000000 0.000000 0.000000 1.000000
0.998643 0.049064 0.017456 0.000000 -0.048739 0.998639 -0.018551 0.000000 -0.018343 0.017675 0.999676 -0.000000 0.000000 0.000000 0.000000 1.000000
0.998576 0.050293 0.017776 -0.000000 -0.049968 0.998583 -0.018288 0.000000 -0.018670 0.017374 0.999675 0.000000 0.000000 0.000000 0.000000 1.000000
0.998524 0.051238 0.018020 0.000000 -0.050912 0.998539 -0.018080 -0.000000 -0.018920 0.017136 0.999674 0.000000 0.000000 0.000000 0.000000 1.000000
0.998494 0.051771 0.018157 0.000000 -0.051445 0.998514 -0.017960 -0.000000 -0.019060 0.016999 0.999674 -0.000000 0.000000 0.000000 0.000000 1.000000</float_array>
     <technique_common>
      <accessor source="#jnt_height-Matrix-animation-output-transform-array" count="23" stride="16">
       <param type="float4x4"></param>
      </accessor>
     </technique_common>
    </source>
    <source id="jnt_height-Interpolations">
     <Name_array id="jnt_height-Interpolations-array" count="23">
 LINEAR LINEAR LINEAR LINEAR LINEAR LINEAR LINEAR LINEAR LINEAR LINEAR LINEAR
LINEAR LINEAR LINEAR LINEAR LINEAR LINEAR LINEAR LINEAR LINEAR LINEAR LINEAR LINEAR</Name_array>
     <technique_common>
      <accessor source="#jnt_height-Interpolations-array" count="23">
       <param type="name"></param>
      </accessor>
     </technique_common>
    </source>
    <sampler id="jnt_height-Matrix-animation-transform">
     <input semantic="INPUT" source="#jnt_height-Matrix-animation-input"></input>
     <input semantic="OUTPUT" source="#jnt_height-Matrix-animation-output-transform"></input>
     <input semantic="INTERPOLATION" source="#jnt_height-Interpolations"></input>
    </sampler>
    <channel source="#jnt_height-Matrix-animation-transform" target="jnt_height/matrix"></channel>
   </animation>
  </animation>
  <animation id="jnt_spine1-anim" name="jnt_spine1">
   <animation>
    <source id="jnt_spine1-Matrix-animation-input">
     <float_array id="jnt_spine1-Matrix-animation-input-array" count="23">

0.000000 0.033333 0.066667 0.100000 0.133333 0.166667 0.200000 0.233333 0.266667 0.300000 0.333333 0.366667 0.400000 0.433333 0.466667 0.500000
0.533333 0.566667 0.600000 0.633333 0.666667 0.700000 0.733333</float_array>
     <technique_common>
      <accessor source="#jnt_spine1-Matrix-animation-input-array" count="23">
       <param name="TIME" type="float"></param>
      </accessor>
     </technique_common>
    </source>
    <source id="jnt_spine1-Matrix-animation-output-transform">
     <float_array id="jnt_spine1-Matrix-animation-output-transform-array" count="368">

0.053101 0.018053 0.998427 -0.005844 0.998562 -0.008340 -0.052957 0.209026 0.007371 0.999802 -0.018470 0.038786 0.000000 0.000000 0.000000 1.000000
0.052905 0.017990 0.998438 -0.005844 0.998572 -0.008394 -0.052760 0.209026 0.007432 0.999803 -0.018408 0.038786 0.000000 0.000000 0.000000 1.000000
0.052377 0.017821 0.998469 -0.005844 0.998599 -0.008536 -0.052231 0.209026 0.007592 0.999806 -0.018243 0.038786 0.000000 0.000000 0.000000 1.000000
0.051610 0.017574 0.998513 -0.005844 0.998637 -0.008736 -0.051463 0.209026 0.007819 0.999808 -0.018001 0.038786 0.000000 0.000000 0.000000 1.000000
0.050696 0.017279 0.998565 -0.005844 0.998681 -0.008964 -0.050547 0.209026 0.008078 0.999810 -0.017711 0.038786 0.000000 0.000000 0.000000 1.000000
0.049728 0.016966 0.998619 -0.005844 0.998728 -0.009194 -0.049577 0.209026 0.008340 0.999814 -0.017401 0.038786 0.000000 0.000000 0.000000 1.000000
0.048804 0.016665 0.998669 -0.005844 0.998771 -0.009402 -0.048652 0.209026 0.008579 0.999817 -0.017103 0.038786 0.000000 0.000000 0.000000 1.000000
0.048021 0.016409 0.998712 -0.005844 0.998808 -0.009570 -0.047868 0.209026 0.008772 0.999820 -0.016849 0.038786 0.000000 0.000000 0.000000 1.000000
0.047477 0.016232 0.998741 -0.005844 0.998833 -0.009682 -0.047324 0.209026 0.008902 0.999821 -0.016673 0.038786 0.000000 0.000000 0.000000 1.000000
0.047275 0.016165 0.998751 -0.005844 0.998842 -0.009723 -0.047122 0.209026 0.008949 0.999822 -0.016606 0.038786 0.000000 0.000000 0.000000 1.000000
0.047275 0.016165 0.998751 -0.005844 0.998842 -0.009723 -0.047122 0.209026 0.008949 0.999822 -0.016606 0.038786 0.000000 0.000000 0.000000 1.000000
0.047275 0.016165 0.998751 -0.005844 0.998842 -0.009723 -0.047122 0.209026 0.008949 0.999822 -0.016606 0.038786 0.000000 0.000000 0.000000 1.000000
0.047275 0.016165 0.998751 -0.005844 0.998842 -0.009723 -0.047122 0.209026 0.008949 0.999822 -0.016606 0.038786 0.000000 0.000000 0.000000 1.000000
0.047275 0.016165 0.998751 -0.005844 0.998842 -0.009723 -0.047122 0.209026 0.008949 0.999822 -0.016606 0.038786 0.000000 0.000000 0.000000 1.000000
0.047457 0.016225 0.998741 -0.005844 0.998834 -0.009686 -0.047304 0.209026 0.008907 0.999822 -0.016666 0.038786 0.000000 0.000000 0.000000 1.000000
0.047950 0.016386 0.998716 -0.005844 0.998811 -0.009585 -0.047798 0.209026 0.008790 0.999820 -0.016826 0.038786 0.000000 0.000000 0.000000 1.000000
0.048668 0.016621 0.998677 -0.005844 0.998778 -0.009432 -0.048516 0.209027 0.008613 0.999818 -0.017059 0.038786 0.000000 0.000000 0.000000 1.000000
0.049527 0.016900 0.998631 -0.005844 0.998738 -0.009240 -0.049376 0.209027 0.008393 0.999815 -0.017337 0.038786 0.000000 0.000000 0.000000 1.000000
0.050443 0.017197 0.998579 -0.005844 0.998694 -0.009026 -0.050293 0.209027 0.008148 0.999812 -0.017630 0.038786 0.000000 0.000000 0.000000 1.000000
0.051333 0.017485 0.998529 -0.005844 0.998650 -0.008806 -0.051185 0.209027 0.007899 0.999808 -0.017913 0.038786 0.000000 0.000000 0.000000 1.000000
0.052117 0.017738 0.998484 -0.005844 0.998611 -0.008605 -0.051971 0.209027 0.007670 0.999806 -0.018162 0.038786 0.000000 0.000000 0.000000 1.000000
0.052717 0.017930 0.998449 -0.005844 0.998581 -0.008445 -0.052573 0.209026 0.007489 0.999804 -0.018350 0.038786 0.000000 0.000000 0.000000 1.000000
0.053055 0.018038 0.998429 -0.005844 0.998564 -0.008353 -0.052911 0.209026 0.007385 0.999803 -0.018455 0.038786 0.000000 0.000000 0.000000 1.000000</float_array>
     <technique_common>
      <accessor source="#jnt_spine1-Matrix-animation-output-transform-array" count="23" stride="16">
       <param type="float4x4"></param>
      </accessor>
     </technique_common>
    </source>
    <source id="jnt_spine1-Interpolations">
     <Name_array id="jnt_spine1-Interpolations-array" count="23">
 LINEAR LINEAR LINEAR LINEAR LINEAR LINEAR LINEAR LINEAR LINEAR LINEAR LINEAR
LINEAR LINEAR LINEAR LINEAR LINEAR LINEAR LINEAR LINEAR LINEAR LINEAR LINEAR LINEAR</Name_array>
     <technique_common>
      <accessor source="#jnt_spine1-Interpolations-array" count="23">
       <param type="name"></param>
      </accessor>
     </technique_common>
    </source>
    <sampler id="jnt_spine1-Matrix-animation-transform">
     <input semantic="INPUT" source="#jnt_spine1-Matrix-animation-input"></input>
     <input semantic="OUTPUT" source="#jnt_spine1-Matrix-animation-output-transform"></input>
     <input semantic="INTERPOLATION" source="#jnt_spine1-Interpolations"></input>
    </sampler>
    <channel source="#jnt_spine1-Matrix-animation-transform" target="jnt_spine1/matrix"></channel>
   </animation>
  </animation>
  <animation id="jnt_spine2-anim" name="jnt_spine2">
   <animation>
    <source id="jnt_spine2-Matrix-animation-input">
     <float_array id="jnt_spine2-Matrix-animation-input-array" count="23">

0.000000 0.033333 0.066667 0.100000 0.133333 0.166667 0.200000 0.233333 0.266667 0.300000 0.333333 0.366667 0.400000 0.433333 0.466667 0.500000
0.533333 0.566667 0.600000 0.633333 0.666667 0.700000 0.733333</float_array>
     <technique_common>
      <accessor source="#jnt_spine2-Matrix-animation-input-array" count="23">
       <param name="TIME" type="float"></param>
      </accessor>
     </technique_common>
    </source>
    <source id="jnt_spine2-Matrix-animation-output-transform">
     <float_array id="jnt_spine2-Matrix-animation-output-transform-array" count="368">

0.993648 0.078950 -0.080190 0.354983 -0.081039 0.996442 -0.023136 0.078525 0.078078 0.029488 0.996511 0.012378 0.000000 0.000000 0.000000 1.000000
0.993658 0.078915 -0.080101 0.354983 -0.081000 0.996446 -0.023107 0.078525 0.077993 0.029448 0.996519 0.012378 0.000000 0.000000 0.000000 1.000000
0.993684 0.078824 -0.079861 0.354983 -0.080895 0.996456 -0.023027 0.078525 0.077763 0.029342 0.996540 0.012378 0.000000 0.000000 0.000000 1.000000
0.993722 0.078699 -0.079511 0.354984 -0.080750 0.996471 -0.022910 0.078525 0.077427 0.029187 0.996570 0.012378 0.000000 0.000000 0.000000 1.000000
0.993767 0.078558 -0.079092 0.354983 -0.080586 0.996487 -0.022768 0.078525 0.077025 0.028999 0.996607 0.012378 0.000000 0.000000 0.000000 1.000000
0.993813 0.078421 -0.078646 0.354983 -0.080422 0.996504 -0.022613 0.078525 0.076598 0.028798 0.996646 0.012378 0.000000 0.000000 0.000000 1.000000
0.993857 0.078298 -0.078217 0.354984 -0.080276 0.996520 -0.022463 0.078525 0.076186 0.028604 0.996683 0.012378 0.000000 0.000000 0.000000 1.000000
0.993893 0.078203 -0.077852 0.354983 -0.080160 0.996532 -0.022332 0.078525 0.075835 0.028437 0.996715 0.012378 0.000000 0.000000 0.000000 1.000000
0.993918 0.078140 -0.077597 0.354984 -0.080083 0.996540 -0.022241 0.078525 0.075591 0.028320 0.996737 0.012378 0.000000 0.000000 0.000000 1.000000
0.993927 0.078118 -0.077503 0.354983 -0.080055 0.996543 -0.022207 0.078525 0.075500 0.028276 0.996745 0.012378 0.000000 0.000000 0.000000 1.000000
0.993927 0.078118 -0.077503 0.354983 -0.080055 0.996543 -0.022207 0.078525 0.075500 0.028276 0.996745 0.012378 0.000000 0.000000 0.000000 1.000000
0.993927 0.078118 -0.077503 0.354983 -0.080055 0.996543 -0.022207 0.078525 0.075500 0.028276 0.996745 0.012378 0.000000 0.000000 0.000000 1.000000
0.993927 0.078118 -0.077503 0.354983 -0.080055 0.996543 -0.022207 0.078525 0.075500 0.028276 0.996745 0.012378 0.000000 0.000000 0.000000 1.000000
0.993927 0.078118 -0.077503 0.354983 -0.080055 0.996543 -0.022207 0.078525 0.075500 0.028276 0.996745 0.012378 0.000000 0.000000 0.000000 1.000000
0.993919 0.078138 -0.077588 0.354984 -0.080080 0.996540 -0.022238 0.078525 0.075582 0.028316 0.996737 0.012378 0.000000 0.000000 0.000000 1.000000
0.993896 0.078194 -0.077819 0.354983 -0.080149 0.996533 -0.022321 0.078525 0.075804 0.028422 0.996717 0.012378 0.000000 0.000000 0.000000 1.000000
0.993863 0.078281 -0.078154 0.354984 -0.080255 0.996522 -0.022440 0.078525 0.076125 0.028575 0.996689 0.012378 0.000000 0.000000 0.000000 1.000000
0.993823 0.078393 -0.078553 0.354983 -0.080390 0.996507 -0.022581 0.078525 0.076508 0.028756 0.996654 0.012378 0.000000 0.000000 0.000000 1.000000
0.993779 0.078521 -0.078975 0.354983 -0.080541 0.996492 -0.022727 0.078525 0.076913 0.028947 0.996618 0.012378 0.000000 0.000000 0.000000 1.000000
0.993737 0.078655 -0.079384 0.354984 -0.080699 0.996476 -0.022867 0.078525 0.077305 0.029130 0.996582 0.012378 0.000000 0.000000 0.000000 1.000000
0.993698 0.078781 -0.079743 0.354983 -0.080845 0.996461 -0.022988 0.078525 0.077650 0.029290 0.996550 0.012378 0.000000 0.000000 0.000000 1.000000
0.993667 0.078883 -0.080016 0.354983 -0.080962 0.996450 -0.023079 0.078525 0.077911 0.029411 0.996526 0.012378 0.000000 0.000000 0.000000 1.000000
0.993650 0.078942 -0.080169 0.354984 -0.081030 0.996443 -0.023129 0.078525 0.078058 0.029478 0.996513 0.012378 0.000000 0.000000 0.000000 1.000000</float_array>
     <technique_common>
      <accessor source="#jnt_spine2-Matrix-animation-output-transform-array" count="23" stride="16">
       <param type="float4x4"></param>
      </accessor>
     </technique_common>
    </source>
    <source id="jnt_spine2-Interpolations">
     <Name_array id="jnt_spine2-Interpolations-array" count="23">
 LINEAR LINEAR LINEAR LINEAR LINEAR LINEAR LINEAR LINEAR LINEAR LINEAR LINEAR
LINEAR LINEAR LINEAR LINEAR LINEAR LINEAR LINEAR LINEAR LINEAR LINEAR LINEAR LINEAR</Name_array>
     <technique_common>
      <accessor source="#jnt_spine2-Interpolations-array" count="23">
       <param type="name"></param>
      </accessor>
     </technique_common>
    </source>
    <sampler id="jnt_spine2-Matrix-animation-transform">
     <input semantic="INPUT" source="#jnt_spine2-Matrix-animation-input"></input>
     <input semantic="OUTPUT" source="#jnt_spine2-Matrix-animation-output-transform"></input>
     <input semantic="INTERPOLATION" source="#jnt_spine2-Interpolations"></input>
    </sampler>
    <channel source="#jnt_spine2-Matrix-animation-transform" target="jnt_spine2/matrix"></channel>
   </animation>
  </animation>
  <animation id="jnt_spine3-anim" name="jnt_spine3">
   <animation>
    <source id="jnt_spine3-Matrix-animation-input">
     <float_array id="jnt_spine3-Matrix-animation-input-array" count="23">

0.000000 0.033333 0.066667 0.100000 0.133333 0.166667 0.200000 0.233333 0.266667 0.300000 0.333333 0.366667 0.400000 0.433333 0.466667 0.500000
0.533333 0.566667 0.600000 0.633333 0.666667 0.700000 0.733333</float_array>
     <technique_common>
      <accessor source="#jnt_spine3-Matrix-animation-input-array" count="23">
       <param name="TIME" type="float"></param>
      </accessor>
     </technique_common>
    </source>
    <source id="jnt_spine3-Matrix-animation-output-transform">
     <float_array id="jnt_spine3-Matrix-animation-output-transform-array" count="368">

0.977642 0.176897 0.113680 0.727646 -0.208178 0.890415 0.404750 0.078480 -0.029623 -0.419367 0.907334 -0.093513 0.000000 0.000000 0.000000 1.000000
0.977636 0.176932 0.113674 0.727645 -0.208209 0.890397 0.404774 0.078479 -0.029598 -0.419389 0.907324 -0.093513 0.000000 0.000000 0.000000 1.000000
0.977621 0.177024 0.113660 0.727645 -0.208288 0.890350 0.404837 0.078480 -0.029531 -0.419451 0.907297 -0.093513 0.000000 0.000000 0.000000 1.000000
0.977599 0.177160 0.113640 0.727645 -0.208407 0.890280 0.404930 0.078480 -0.029434 -0.419542 0.907258 -0.093513 0.000000 0.000000 0.000000 1.000000
0.977572 0.177323 0.113617 0.727646 -0.208549 0.890195 0.405042 0.078479 -0.029318 -0.419652 0.907212 -0.093513 0.000000 0.000000 0.000000 1.000000
0.977544 0.177494 0.113594 0.727646 -0.208699 0.890105 0.405162 0.078480 -0.029197 -0.419770 0.907160 -0.093513 0.000000 0.000000 0.000000 1.000000
0.977517 0.177655 0.113573 0.727646 -0.208840 0.890020 0.405279 0.078480 -0.029082 -0.419886 0.907111 -0.093513 0.000000 0.000000 0.000000 1.000000
0.977494 0.177792 0.113556 0.727645 -0.208961 0.889946 0.405379 0.078479 -0.028986 -0.419984 0.907068 -0.093513 0.000000 0.000000 0.000000 1.000000
0.977478 0.177885 0.113545 0.727646 -0.209044 0.889894 0.405449 0.078479 -0.028920 -0.420053 0.907038 -0.093513 0.000000 0.000000 0.000000 1.000000
0.977472 0.177922 0.113541 0.727645 -0.209076 0.889875 0.405475 0.078479 -0.028894 -0.420079 0.907027 -0.093513 0.000000 0.000000 0.000000 1.000000
