<?xml version="1.0"?>
<COLLADA xmlns="http://www.collada.org/2005/11/COLLADASchema" version="1.4.1">
 <asset>
  <contributor>
   <author></author>
   <authoring_tool>FBX COLLADA exporter</authoring_tool>
   <comments></comments>
  </contributor>
  <created>2024-06-25T20:17:17Z</created>
  <keywords></keywords>
  <modified>2024-06-25T20:17:17Z</modified>
  <revision></revision>
  <subject></subject>
  <title></title>
  <unit meter="0.010000" name="centimeter"></unit>
  <up_axis>Y_UP</up_axis>
 </asset>
 <library_animations>
  <animation id="Character-anim" name="Character">
   <animation>
    <source id="Character-Matrix-animation-input">
     <float_array id="Character-Matrix-animation-input-array" count="45">

0.000000 0.033333 0.066667 0.100000 0.133333 0.166667 0.200000 0.233333 0.266667 0.300000 0.333333 0.366667 0.400000 0.433333 0.466667 0.500000
0.533333 0.566667 0.600000 0.633333 0.666667 0.700000 0.733333 0.766667 0.800000 0.833333 0.866667 0.900000 0.933333 0.966667 1.000000 1.033333
1.066667 1.100000 1.133333 1.166667 1.200000 1.233333 1.266667 1.300000 1.333333 1.366667 1.400000 1.433333 1.466667</float_array>
     <technique_common>
      <accessor source="#Character-Matrix-animation-input-array" count="45">
       <param name="TIME" type="float"></param>
      </accessor>
     </technique_common>
    </source>
    <source id="Character-Matrix-animation-output-transform">
     <float_array id="Character-Matrix-animation-output-transform-array" count="720">

1.000000 0.000000 0.000000 0.000000 0.000000 1.000000 -0.000000 0.000000 0.000000 0.000000 1.000000 0.000000 0.000000 0.000000 0.000000 1.000000
1.000000 0.000000 0.000000 0.000000 0.000000 1.000000 -0.000000 0.000000 0.000000 0.000000 1.000000 0.000000 0.000000 0.000000 0.000000 1.000000
1.000000 0.000000 0.000000 0.000000 0.000000 1.000000 -0.000000 0.000000 0.000000 0.000000 1.000000 0.000000 0.000000 0.000000 0.000000 1.000000
1.000000 0.000000 0.000000 0.000000 0.000000 1.000000 -0.000000 0.000000 0.000000 0.000000 1.000000 0.000000 0.000000 0.000000 0.000000 1.000000
1.000000 0.000000 0.000000 0.000000 0.000000 1.000000 -0.000000 0.000000 0.000000 0.000000 1.000000 0.000000 0.000000 0.000000 0.000000 1.000000
1.000000 0.000000 0.000000 0.000000 0.000000 1.000000 -0.000000 0.000000 0.000000 0.000000 1.000000 0.000000 0.000000 0.000000 0.000000 1.000000
1.000000 0.000000 0.000000 0.000000 0.000000 1.000000 -0.000000 0.000000 0.000000 0.000000 1.000000 0.000000 0.000000 0.000000 0.000000 1.000000
1.000000 0.000000 0.000000 0.000000 0.000000 1.000000 -0.000000 0.000000 0.000000 0.000000 1.000000 0.000000 0.000000 0.000000 0.000000 1.000000
1.000000 0.000000 0.000000 0.000000 0.000000 1.000000 -0.000000 0.000000 0.000000 0.000000 1.000000 0.000000 0.000000 0.000000 0.000000 1.000000
1.000000 0.000000 0.000000 0.000000 0.000000 1.000000 -0.000000 0.000000 0.000000 0.000000 1.000000 0.000000 0.000000 0.000000 0.000000 1.000000
1.000000 0.000000 0.000000 0.000000 0.000000 1.000000 -0.000000 0.000000 0.000000 0.000000 1.000000 0.000000 0.000000 0.000000 0.000000 1.000000
1.000000 0.000000 0.000000 0.000000 0.000000 1.000000 -0.000000 0.000000 0.000000 0.000000 1.000000 0.000000 0.000000 0.000000 0.000000 1.000000
1.000000 0.000000 0.000000 0.000000 0.000000 1.000000 -0.000000 0.000000 0.000000 0.000000 1.000000 0.000000 0.000000 0.000000 0.000000 1.000000
1.000000 0.000000 0.000000 0.000000 0.000000 1.000000 -0.000000 0.000000 0.000000 0.000000 1.000000 0.000000 0.000000 0.000000 0.000000 1.000000
1.000000 0.000000 0.000000 0.000000 0.000000 1.000000 -0.000000 0.000000 0.000000 0.000000 1.000000 0.000000 0.000000 0.000000 0.000000 1.000000
1.000000 0.000000 0.000000 0.000000 0.000000 1.000000 -0.000000 0.000000 0.000000 0.000000 1.000000 0.000000 0.000000 0.000000 0.000000 1.000000
1.000000 0.000000 0.000000 0.000000 0.000000 1.000000 -0.000000 0.000000 0.000000 0.000000 1.000000 0.000000 0.000000 0.000000 0.000000 1.000000
1.000000 0.000000 0.000000 0.000000 0.000000 1.000000 -0.000000 0.000000 0.000000 0.000000 1.000000 0.000000 0.000000 0.000000 0.000000 1.000000
1.000000 0.000000 0.000000 0.000000 0.000000 1.000000 -0.000000 0.000000 0.000000 0.000000 1.000000 0.000000 0.000000 0.000000 0.000000 1.000000
1.000000 0.000000 0.000000 0.000000 0.000000 1.000000 -0.000000 0.000000 0.000000 0.000000 1.000000 0.000000 0.000000 0.000000 0.000000 1.000000
1.000000 0.000000 0.000000 0.000000 0.000000 1.000000 -0.000000 0.000000 0.000000 0.000000 1.000000 0.000000 0.000000 0.000000 0.000000 1.000000
1.000000 0.000000 0.000000 0.000000 0.000000 1.000000 -0.000000 0.000000 0.000000 0.000000 1.000000 0.000000 0.000000 0.000000 0.000000 1.000000
1.000000 0.000000 0.000000 0.000000 0.000000 1.000000 -0.000000 0.000000 0.000000 0.000000 1.000000 0.000000 0.000000 0.000000 0.000000 1.000000
1.000000 0.000000 0.000000 0.000000 0.000000 1.000000 -0.000000 0.000000 0.000000 0.000000 1.000000 0.000000 0.000000 0.000000 0.000000 1.000000
1.000000 0.000000 0.000000 0.000000 0.000000 1.000000 -0.000000 0.000000 0.000000 0.000000 1.000000 0.000000 0.000000 0.000000 0.000000 1.000000
1.000000 0.000000 0.000000 0.000000 0.000000 1.000000 -0.000000 0.000000 0.000000 0.000000 1.000000 0.000000 0.000000 0.000000 0.000000 1.000000
1.000000 0.000000 0.000000 0.000000 0.000000 1.000000 -0.000000 0.000000 0.000000 0.000000 1.000000 0.000000 0.000000 0.000000 0.000000 1.000000
1.000000 0.000000 0.000000 0.000000 0.000000 1.000000 -0.000000 0.000000 0.000000 0.000000 1.000000 0.000000 0.000000 0.000000 0.000000 1.000000
1.000000 0.000000 0.000000 0.000000 0.000000 1.000000 -0.000000 0.000000 0.000000 0.000000 1.000000 0.000000 0.000000 0.000000 0.000000 1.000000
1.000000 0.000000 0.000000 0.000000 0.000000 1.000000 -0.000000 0.000000 0.000000 0.000000 1.000000 0.000000 0.000000 0.000000 0.000000 1.000000
1.000000 0.000000 0.000000 0.000000 0.000000 1.000000 -0.000000 0.000000 0.000000 0.000000 1.000000 0.000000 0.000000 0.000000 0.000000 1.000000
1.000000 0.000000 0.000000 0.000000 0.000000 1.000000 -0.000000 0.000000 0.000000 0.000000 1.000000 0.000000 0.000000 0.000000 0.000000 1.000000
1.000000 0.000000 0.000000 0.000000 0.000000 1.000000 -0.000000 0.000000 0.000000 0.000000 1.000000 0.000000 0.000000 0.000000 0.000000 1.000000
1.000000 0.000000 0.000000 0.000000 0.000000 1.000000 -0.000000 0.000000 0.000000 0.000000 1.000000 0.000000 0.000000 0.000000 0.000000 1.000000
1.000000 0.000000 0.000000 0.000000 0.000000 1.000000 -0.000000 0.000000 0.000000 0.000000 1.000000 0.000000 0.000000 0.000000 0.000000 1.000000
1.000000 0.000000 0.000000 0.000000 0.000000 1.000000 -0.000000 0.000000 0.000000 0.000000 1.000000 0.000000 0.000000 0.000000 0.000000 1.000000
1.000000 0.000000 0.000000 0.000000 0.000000 1.000000 -0.000000 0.000000 0.000000 0.000000 1.000000 0.000000 0.000000 0.000000 0.000000 1.000000
1.000000 0.000000 0.000000 0.000000 0.000000 1.000000 -0.000000 0.000000 0.000000 0.000000 1.000000 0.000000 0.000000 0.000000 0.000000 1.000000
1.000000 0.000000 0.000000 0.000000 0.000000 1.000000 -0.000000 0.000000 0.000000 0.000000 1.000000 0.000000 0.000000 0.000000 0.000000 1.000000
1.000000 0.000000 0.000000 0.000000 0.000000 1.000000 -0.000000 0.000000 0.000000 0.000000 1.000000 0.000000 0.000000 0.000000 0.000000 1.000000
1.000000 0.000000 0.000000 0.000000 0.000000 1.000000 -0.000000 0.000000 0.000000 0.000000 1.000000 0.000000 0.000000 0.000000 0.000000 1.000000
1.000000 0.000000 0.000000 0.000000 0.000000 1.000000 -0.000000 0.000000 0.000000 0.000000 1.000000 0.000000 0.000000 0.000000 0.000000 1.000000
1.000000 0.000000 0.000000 0.000000 0.000000 1.000000 -0.000000 0.000000 0.000000 0.000000 1.000000 0.000000 0.000000 0.000000 0.000000 1.000000
1.000000 0.000000 0.000000 0.000000 0.000000 1.000000 -0.000000 0.000000 0.000000 0.000000 1.000000 0.000000 0.000000 0.000000 0.000000 1.000000
1.000000 0.000000 0.000000 0.000000 0.000000 1.000000 -0.000000 0.000000 0.000000 0.000000 1.000000 0.000000 0.000000 0.000000 0.000000 1.000000</float_array>
     <technique_common>
      <accessor source="#Character-Matrix-animation-output-transform-array" count="45" stride="16">
       <param type="float4x4"></param>
      </accessor>
     </technique_common>
    </source>
    <source id="Character-Interpolations">
     <Name_array id="Character-Interpolations-array" count="45">
 LINEAR LINEAR LINEAR LINEAR LINEAR LINEAR LINEAR LINEAR LINEAR LINEAR LINEAR
LINEAR LINEAR LINEAR LINEAR LINEAR LINEAR LINEAR LINEAR LINEAR LINEAR LINEAR LINEAR
LINEAR LINEAR LINEAR LINEAR LINEAR LINEAR LINEAR LINEAR LINEAR LINEAR LINEAR LINEAR
LINEAR LINEAR LINEAR LINEAR LINEAR LINEAR LINEAR LINEAR LINEAR LINEAR</Name_array>
     <technique_common>
      <accessor source="#Character-Interpolations-array" count="45">
       <param type="name"></param>
      </accessor>
     </technique_common>
    </source>
    <sampler id="Character-Matrix-animation-transform">
     <input semantic="INPUT" source="#Character-Matrix-animation-input"></input>
     <input semantic="OUTPUT" source="#Character-Matrix-animation-output-transform"></input>
     <input semantic="INTERPOLATION" source="#Character-Interpolations"></input>
    </sampler>
    <channel source="#Character-Matrix-animation-transform" target="Character/matrix"></channel>
   </animation>
  </animation>
  <animation id="HIK_root_jnt-anim" name="HIK_root_jnt">
   <animation>
    <source id="HIK_root_jnt-Matrix-animation-input">
     <float_array id="HIK_root_jnt-Matrix-animation-input-array" count="45">

0.000000 0.033333 0.066667 0.100000 0.133333 0.166667 0.200000 0.233333 0.266667 0.300000 0.333333 0.366667 0.400000 0.433333 0.466667 0.500000
0.533333 0.566667 0.600000 0.633333 0.666667 0.700000 0.733333 0.766667 0.800000 0.833333 0.866667 0.900000 0.933333 0.966667 1.000000 1.033333
1.066667 1.100000 1.133333 1.166667 1.200000 1.233333 1.266667 1.300000 1.333333 1.366667 1.400000 1.433333 1.466667</float_array>
     <technique_common>
      <accessor source="#HIK_root_jnt-Matrix-animation-input-array" count="45">
       <param name="TIME" type="float"></param>
      </accessor>
     </technique_common>
    </source>
    <source id="HIK_root_jnt-Matrix-animation-output-transform">
     <float_array id="HIK_root_jnt-Matrix-animation-output-transform-array" count="720">

1.000000 0.000000 0.000000 0.000000 0.000000 1.000000 -0.000000 0.000000 0.000000 0.000000 1.000000 0.000000 0.000000 0.000000 0.000000 1.000000
1.000000 0.000000 0.000000 0.000000 0.000000 1.000000 -0.000000 0.000000 0.000000 0.000000 1.000000 0.000000 0.000000 0.000000 0.000000 1.000000
1.000000 0.000000 0.000000 0.000000 0.000000 1.000000 -0.000000 0.000000 0.000000 0.000000 1.000000 0.000000 0.000000 0.000000 0.000000 1.000000
1.000000 0.000000 0.000000 0.000000 0.000000 1.000000 -0.000000 0.000000 0.000000 0.000000 1.000000 0.000000 0.000000 0.000000 0.000000 1.000000
1.000000 0.000000 0.000000 0.000000 0.000000 1.000000 -0.000000 0.000000 0.000000 0.000000 1.000000 0.000000 0.000000 0.000000 0.000000 1.000000
1.000000 0.000000 0.000000 0.000000 0.000000 1.000000 -0.000000 0.000000 0.000000 0.000000 1.000000 0.000000 0.000000 0.000000 0.000000 1.000000
1.000000 0.000000 0.000000 0.000000 0.000000 1.000000 -0.000000 0.000000 0.000000 0.000000 1.000000 0.000000 0.000000 0.000000 0.000000 1.000000
1.000000 0.000000 0.000000 0.000000 0.000000 1.000000 -0.000000 0.000000 0.000000 0.000000 1.000000 0.000000 0.000000 0.000000 0.000000 1.000000
1.000000 0.000000 0.000000 0.000000 0.000000 1.000000 -0.000000 0.000000 0.000000 0.000000 1.000000 0.000000 0.000000 0.000000 0.000000 1.000000
1.000000 0.000000 0.000000 0.000000 0.000000 1.000000 -0.000000 0.000000 0.000000 0.000000 1.000000 0.000000 0.000000 0.000000 0.000000 1.000000
1.000000 0.000000 0.000000 0.000000 0.000000 1.000000 -0.000000 0.000000 0.000000 0.000000 1.000000 0.000000 0.000000 0.000000 0.000000 1.000000
1.000000 0.000000 0.000000 0.000000 0.000000 1.000000 -0.000000 0.000000 0.000000 0.000000 1.000000 0.000000 0.000000 0.000000 0.000000 1.000000
1.000000 0.000000 0.000000 0.000000 0.000000 1.000000 -0.000000 0.000000 0.000000 0.000000 1.000000 0.000000 0.000000 0.000000 0.000000 1.000000
1.000000 0.000000 0.000000 0.000000 0.000000 1.000000 -0.000000 0.000000 0.000000 0.000000 1.000000 0.000000 0.000000 0.000000 0.000000 1.000000
1.000000 0.000000 0.000000 0.000000 0.000000 1.000000 -0.000000 0.000000 0.000000 0.000000 1.000000 0.000000 0.000000 0.000000 0.000000 1.000000
1.000000 0.000000 0.000000 0.000000 0.000000 1.000000 -0.000000 0.000000 0.000000 0.000000 1.000000 0.000000 0.000000 0.000000 0.000000 1.000000
1.000000 0.000000 0.000000 0.000000 0.000000 1.000000 -0.000000 0.000000 0.000000 0.000000 1.000000 0.000000 0.000000 0.000000 0.000000 1.000000
1.000000 0.000000 0.000000 0.000000 0.000000 1.000000 -0.000000 0.000000 0.000000 0.000000 1.000000 0.000000 0.000000 0.000000 0.000000 1.000000
1.000000 0.000000 0.000000 0.000000 0.000000 1.000000 -0.000000 0.000000 0.000000 0.000000 1.000000 0.000000 0.000000 0.000000 0.000000 1.000000
1.000000 0.000000 0.000000 0.000000 0.000000 1.000000 -0.000000 0.000000 0.000000 0.000000 1.000000 0.000000 0.000000 0.000000 0.000000 1.000000
1.000000 0.000000 0.000000 0.000000 0.000000 1.000000 -0.000000 0.000000 0.000000 0.000000 1.000000 0.000000 0.000000 0.000000 0.000000 1.000000
1.000000 0.000000 0.000000 0.000000 0.000000 1.000000 -0.000000 0.000000 0.000000 0.000000 1.000000 0.000000 0.000000 0.000000 0.000000 1.000000
1.000000 0.000000 0.000000 0.000000 0.000000 1.000000 -0.000000 0.000000 0.000000 0.000000 1.000000 0.000000 0.000000 0.000000 0.000000 1.000000
1.000000 0.000000 0.000000 0.000000 0.000000 1.000000 -0.000000 0.000000 0.000000 0.000000 1.000000 0.000000 0.000000 0.000000 0.000000 1.000000
1.000000 0.000000 0.000000 0.000000 0.000000 1.000000 -0.000000 0.000000 0.000000 0.000000 1.000000 0.000000 0.000000 0.000000 0.000000 1.000000
1.000000 0.000000 0.000000 0.000000 0.000000 1.000000 -0.000000 0.000000 0.000000 0.000000 1.000000 0.000000 0.000000 0.000000 0.000000 1.000000
1.000000 0.000000 0.000000 0.000000 0.000000 1.000000 -0.000000 0.000000 0.000000 0.000000 1.000000 0.000000 0.000000 0.000000 0.000000 1.000000
1.000000 0.000000 0.000000 0.000000 0.000000 1.000000 -0.000000 0.000000 0.000000 0.000000 1.000000 0.000000 0.000000 0.000000 0.000000 1.000000
1.000000 0.000000 0.000000 0.000000 0.000000 1.000000 -0.000000 0.000000 0.000000 0.000000 1.000000 0.000000 0.000000 0.000000 0.000000 1.000000
1.000000 0.000000 0.000000 0.000000 0.000000 1.000000 -0.000000 0.000000 0.000000 0.000000 1.000000 0.000000 0.000000 0.000000 0.000000 1.000000
1.000000 0.000000 0.000000 0.000000 0.000000 1.000000 -0.000000 0.000000 0.000000 0.000000 1.000000 0.000000 0.000000 0.000000 0.000000 1.000000
1.000000 0.000000 0.000000 0.000000 0.000000 1.000000 -0.000000 0.000000 0.000000 0.000000 1.000000 0.000000 0.000000 0.000000 0.000000 1.000000
1.000000 0.000000 0.000000 0.000000 0.000000 1.000000 -0.000000 0.000000 0.000000 0.000000 1.000000 0.000000 0.000000 0.000000 0.000000 1.000000
1.000000 0.000000 0.000000 0.000000 0.000000 1.000000 -0.000000 0.000000 0.000000 0.000000 1.000000 0.000000 0.000000 0.000000 0.000000 1.000000
1.000000 0.000000 0.000000 0.000000 0.000000 1.000000 -0.000000 0.000000 0.000000 0.000000 1.000000 0.000000 0.000000 0.000000 0.000000 1.000000
1.000000 0.000000 0.000000 0.000000 0.000000 1.000000 -0.000000 0.000000 0.000000 0.000000 1.000000 0.000000 0.000000 0.000000 0.000000 1.000000
1.000000 0.000000 0.000000 0.000000 0.000000 1.000000 -0.000000 0.000000 0.000000 0.000000 1.000000 0.000000 0.000000 0.000000 0.000000 1.000000
1.000000 0.000000 0.000000 0.000000 0.000000 1.000000 -0.000000 0.000000 0.000000 0.000000 1.000000 0.000000 0.000000 0.000000 0.000000 1.000000
1.000000 0.000000 0.000000 0.000000 0.000000 1.000000 -0.000000 0.000000 0.000000 0.000000 1.000000 0.000000 0.000000 0.000000 0.000000 1.000000
1.000000 0.000000 0.000000 0.000000 0.000000 1.000000 -0.000000 0.000000 0.000000 0.000000 1.000000 0.000000 0.000000 0.000000 0.000000 1.000000
1.000000 0.000000 0.000000 0.000000 0.000000 1.000000 -0.000000 0.000000 0.000000 0.000000 1.000000 0.000000 0.000000 0.000000 0.000000 1.000000
1.000000 0.000000 0.000000 0.000000 0.000000 1.000000 -0.000000 0.000000 0.000000 0.000000 1.000000 0.000000 0.000000 0.000000 0.000000 1.000000
1.000000 0.000000 0.000000 0.000000 0.000000 1.000000 -0.000000 0.000000 0.000000 0.000000 1.000000 0.000000 0.000000 0.000000 0.000000 1.000000
1.000000 0.000000 0.000000 0.000000 0.000000 1.000000 -0.000000 0.000000 0.000000 0.000000 1.000000 0.000000 0.000000 0.000000 0.000000 1.000000
1.000000 0.000000 0.000000 0.000000 0.000000 1.000000 -0.000000 0.000000 0.000000 0.000000 1.000000 0.000000 0.000000 0.000000 0.000000 1.000000</float_array>
     <technique_common>
      <accessor source="#HIK_root_jnt-Matrix-animation-output-transform-array" count="45" stride="16">
       <param type="float4x4"></param>
      </accessor>
     </technique_common>
    </source>
    <source id="HIK_root_jnt-Interpolations">
     <Name_array id="HIK_root_jnt-Interpolations-array" count="45">
 LINEAR LINEAR LINEAR LINEAR LINEAR LINEAR LINEAR LINEAR LINEAR LINEAR LINEAR
LINEAR LINEAR LINEAR LINEAR LINEAR LINEAR LINEAR LINEAR LINEAR LINEAR LINEAR LINEAR
LINEAR LINEAR LINEAR LINEAR LINEAR LINEAR LINEAR LINEAR LINEAR LINEAR LINEAR LINEAR
LINEAR LINEAR LINEAR LINEAR LINEAR LINEAR LINEAR LINEAR LINEAR LINEAR</Name_array>
     <technique_common>
      <accessor source="#HIK_root_jnt-Interpolations-array" count="45">
       <param type="name"></param>
      </accessor>
     </technique_common>
    </source>
    <sampler id="HIK_root_jnt-Matrix-animation-transform">
     <input semantic="INPUT" source="#HIK_root_jnt-Matrix-animation-input"></input>
     <input semantic="OUTPUT" source="#HIK_root_jnt-Matrix-animation-output-transform"></input>
     <input semantic="INTERPOLATION" source="#HIK_root_jnt-Interpolations"></input>
    </sampler>
    <channel source="#HIK_root_jnt-Matrix-animation-transform" target="HIK_root_jnt/matrix"></channel>
   </animation>
  </animation>
  <animation id="root_jnt-anim" name="root_jnt">
   <animation>
    <source id="root_jnt-Matrix-animation-input">
     <float_array id="root_jnt-Matrix-animation-input-array" count="45">

0.000000 0.033333 0.066667 0.100000 0.133333 0.166667 0.200000 0.233333 0.266667 0.300000 0.333333 0.366667 0.400000 0.433333 0.466667 0.500000
0.533333 0.566667 0.600000 0.633333 0.666667 0.700000 0.733333 0.766667 0.800000 0.833333 0.866667 0.900000 0.933333 0.966667 1.000000 1.033333
1.066667 1.100000 1.133333 1.166667 1.200000 1.233333 1.266667 1.300000 1.333333 1.366667 1.400000 1.433333 1.466667</float_array>
     <technique_common>
      <accessor source="#root_jnt-Matrix-animation-input-array" count="45">
       <param name="TIME" type="float"></param>
      </accessor>
     </technique_common>
    </source>
    <source id="root_jnt-Matrix-animation-output-transform">
     <float_array id="root_jnt-Matrix-animation-output-transform-array" count="720">

1.000000 0.000000 0.000000 0.000000 0.000000 1.000000 -0.000000 0.000000 0.000000 0.000000 1.000000 0.000000 0.000000 0.000000 0.000000 1.000000
1.000000 0.000000 0.000000 0.000000 0.000000 1.000000 -0.000000 0.000000 0.000000 0.000000 1.000000 0.000000 0.000000 0.000000 0.000000 1.000000
1.000000 0.000000 0.000000 0.000000 0.000000 1.000000 -0.000000 0.000000 0.000000 0.000000 1.000000 0.000000 0.000000 0.000000 0.000000 1.000000
1.000000 0.000000 0.000000 0.000000 0.000000 1.000000 -0.000000 0.000000 0.000000 0.000000 1.000000 0.000000 0.000000 0.000000 0.000000 1.000000
1.000000 0.000000 0.000000 0.000000 0.000000 1.000000 -0.000000 0.000000 0.000000 0.000000 1.000000 0.000000 0.000000 0.000000 0.000000 1.000000
1.000000 0.000000 0.000000 0.000000 0.000000 1.000000 -0.000000 0.000000 0.000000 0.000000 1.000000 0.000000 0.000000 0.000000 0.000000 1.000000
1.000000 0.000000 0.000000 0.000000 0.000000 1.000000 -0.000000 0.000000 0.000000 0.000000 1.000000 0.000000 0.000000 0.000000 0.000000 1.000000
1.000000 0.000000 0.000000 0.000000 0.000000 1.000000 -0.000000 0.000000 0.000000 0.000000 1.000000 0.000000 0.000000 0.000000 0.000000 1.000000
1.000000 0.000000 0.000000 0.000000 0.000000 1.000000 -0.000000 0.000000 0.000000 0.000000 1.000000 0.000000 0.000000 0.000000 0.000000 1.000000
1.000000 0.000000 0.000000 0.000000 0.000000 1.000000 -0.000000 0.000000 0.000000 0.000000 1.000000 0.000000 0.000000 0.000000 0.000000 1.000000
1.000000 0.000000 0.000000 0.000000 0.000000 1.000000 -0.000000 0.000000 0.000000 0.000000 1.000000 0.000000 0.000000 0.000000 0.000000 1.000000
1.000000 0.000000 0.000000 0.000000 0.000000 1.000000 -0.000000 0.000000 0.000000 0.000000 1.000000 0.000000 0.000000 0.000000 0.000000 1.000000
1.000000 0.000000 0.000000 0.000000 0.000000 1.000000 -0.000000 0.000000 0.000000 0.000000 1.000000 0.000000 0.000000 0.000000 0.000000 1.000000
1.000000 0.000000 0.000000 0.000000 0.000000 1.000000 -0.000000 0.000000 0.000000 0.000000 1.000000 0.000000 0.000000 0.000000 0.000000 1.000000
1.000000 0.000000 0.000000 0.000000 0.000000 1.000000 -0.000000 0.000000 0.000000 0.000000 1.000000 0.000000 0.000000 0.000000 0.000000 1.000000
1.000000 0.000000 0.000000 0.000000 0.000000 1.000000 -0.000000 0.000000 0.000000 0.000000 1.000000 0.000000 0.000000 0.000000 0.000000 1.000000
1.000000 0.000000 0.000000 0.000000 0.000000 1.000000 -0.000000 0.000000 0.000000 0.000000 1.000000 0.000000 0.000000 0.000000 0.000000 1.000000
1.000000 0.000000 0.000000 0.000000 0.000000 1.000000 -0.000000 0.000000 0.000000 0.000000 1.000000 0.000000 0.000000 0.000000 0.000000 1.000000
1.000000 0.000000 0.000000 0.000000 0.000000 1.000000 -0.000000 0.000000 0.000000 0.000000 1.000000 0.000000 0.000000 0.000000 0.000000 1.000000
1.000000 0.000000 0.000000 0.000000 0.000000 1.000000 -0.000000 0.000000 0.000000 0.000000 1.000000 0.000000 0.000000 0.000000 0.000000 1.000000
1.000000 0.000000 0.000000 0.000000 0.000000 1.000000 -0.000000 0.000000 0.000000 0.000000 1.000000 0.000000 0.000000 0.000000 0.000000 1.000000
1.000000 0.000000 0.000000 0.000000 0.000000 1.000000 -0.000000 0.000000 0.000000 0.000000 1.000000 0.000000 0.000000 0.000000 0.000000 1.000000
1.000000 0.000000 0.000000 0.000000 0.000000 1.000000 -0.000000 0.000000 0.000000 0.000000 1.000000 0.000000 0.000000 0.000000 0.000000 1.000000
1.000000 0.000000 0.000000 0.000000 0.000000 1.000000 -0.000000 0.000000 0.000000 0.000000 1.000000 0.000000 0.000000 0.000000 0.000000 1.000000
1.000000 0.000000 0.000000 0.000000 0.000000 1.000000 -0.000000 0.000000 0.000000 0.000000 1.000000 0.000000 0.000000 0.000000 0.000000 1.000000
1.000000 0.000000 0.000000 0.000000 0.000000 1.000000 -0.000000 0.000000 0.000000 0.000000 1.000000 0.000000 0.000000 0.000000 0.000000 1.000000
1.000000 0.000000 0.000000 0.000000 0.000000 1.000000 -0.000000 0.000000 0.000000 0.000000 1.000000 0.000000 0.000000 0.000000 0.000000 1.000000
1.000000 0.000000 0.000000 0.000000 0.000000 1.000000 -0.000000 0.000000 0.000000 0.000000 1.000000 0.000000 0.000000 0.000000 0.000000 1.000000
1.000000 0.000000 0.000000 0.000000 0.000000 1.000000 -0.000000 0.000000 0.000000 0.000000 1.000000 0.000000 0.000000 0.000000 0.000000 1.000000
1.000000 0.000000 0.000000 0.000000 0.000000 1.000000 -0.000000 0.000000 0.000000 0.000000 1.000000 0.000000 0.000000 0.000000 0.000000 1.000000
1.000000 0.000000 0.000000 0.000000 0.000000 1.000000 -0.000000 0.000000 0.000000 0.000000 1.000000 0.000000 0.000000 0.000000 0.000000 1.000000
1.000000 0.000000 0.000000 0.000000 0.000000 1.000000 -0.000000 0.000000 0.000000 0.000000 1.000000 0.000000 0.000000 0.000000 0.000000 1.000000
1.000000 0.000000 0.000000 0.000000 0.000000 1.000000 -0.000000 0.000000 0.000000 0.000000 1.000000 0.000000 0.000000 0.000000 0.000000 1.000000
1.000000 0.000000 0.000000 0.000000 0.000000 1.000000 -0.000000 0.000000 0.000000 0.000000 1.000000 0.000000 0.000000 0.000000 0.000000 1.000000
1.000000 0.000000 0.000000 0.000000 0.000000 1.000000 -0.000000 0.000000 0.000000 0.000000 1.000000 0.000000 0.000000 0.000000 0.000000 1.000000
1.000000 0.000000 0.000000 0.000000 0.000000 1.000000 -0.000000 0.000000 0.000000 0.000000 1.000000 0.000000 0.000000 0.000000 0.000000 1.000000
1.000000 0.000000 0.000000 0.000000 0.000000 1.000000 -0.000000 0.000000 0.000000 0.000000 1.000000 0.000000 0.000000 0.000000 0.000000 1.000000
1.000000 0.000000 0.000000 0.000000 0.000000 1.000000 -0.000000 0.000000 0.000000 0.000000 1.000000 0.000000 0.000000 0.000000 0.000000 1.000000
1.000000 0.000000 0.000000 0.000000 0.000000 1.000000 -0.000000 0.000000 0.000000 0.000000 1.000000 0.000000 0.000000 0.000000 0.000000 1.000000
1.000000 0.000000 0.000000 0.000000 0.000000 1.000000 -0.000000 0.000000 0.000000 0.000000 1.000000 0.000000 0.000000 0.000000 0.000000 1.000000
1.000000 0.000000 0.000000 0.000000 0.000000 1.000000 -0.000000 0.000000 0.000000 0.000000 1.000000 0.000000 0.000000 0.000000 0.000000 1.000000
1.000000 0.000000 0.000000 0.000000 0.000000 1.000000 -0.000000 0.000000 0.000000 0.000000 1.000000 0.000000 0.000000 0.000000 0.000000 1.000000
1.000000 0.000000 0.000000 0.000000 0.000000 1.000000 -0.000000 0.000000 0.000000 0.000000 1.000000 0.000000 0.000000 0.000000 0.000000 1.000000
1.000000 0.000000 0.000000 0.000000 0.000000 1.000000 -0.000000 0.000000 0.000000 0.000000 1.000000 0.000000 0.000000 0.000000 0.000000 1.000000
1.000000 0.000000 0.000000 0.000000 0.000000 1.000000 -0.000000 0.000000 0.000000 0.000000 1.000000 0.000000 0.000000 0.000000 0.000000 1.000000</float_array>
     <technique_common>
      <accessor source="#root_jnt-Matrix-animation-output-transform-array" count="45" stride="16">
       <param type="float4x4"></param>
      </accessor>
     </technique_common>
    </source>
    <source id="root_jnt-Interpolations">
     <Name_array id="root_jnt-Interpolations-array" count="45">
 LINEAR LINEAR LINEAR LINEAR LINEAR LINEAR LINEAR LINEAR LINEAR LINEAR LINEAR
LINEAR LINEAR LINEAR LINEAR LINEAR LINEAR LINEAR LINEAR LINEAR LINEAR LINEAR LINEAR
LINEAR LINEAR LINEAR LINEAR LINEAR LINEAR LINEAR LINEAR LINEAR LINEAR LINEAR LINEAR
LINEAR LINEAR LINEAR LINEAR LINEAR LINEAR LINEAR LINEAR LINEAR LINEAR</Name_array>
     <technique_common>
      <accessor source="#root_jnt-Interpolations-array" count="45">
       <param type="name"></param>
      </accessor>
     </technique_common>
    </source>
    <sampler id="root_jnt-Matrix-animation-transform">
     <input semantic="INPUT" source="#root_jnt-Matrix-animation-input"></input>
     <input semantic="OUTPUT" source="#root_jnt-Matrix-animation-output-transform"></input>
     <input semantic="INTERPOLATION" source="#root_jnt-Interpolations"></input>
    </sampler>
    <channel source="#root_jnt-Matrix-animation-transform" target="root_jnt/matrix"></channel>
   </animation>
  </animation>
  <animation id="jnt_hips-anim" name="jnt_hips">
   <animation>
    <source id="jnt_hips-Matrix-animation-input">
     <float_array id="jnt_hips-Matrix-animation-input-array" count="45">

0.000000 0.033333 0.066667 0.100000 0.133333 0.166667 0.200000 0.233333 0.266667 0.300000 0.333333 0.366667 0.400000 0.433333 0.466667 0.500000
0.533333 0.566667 0.600000 0.633333 0.666667 0.700000 0.733333 0.766667 0.800000 0.833333 0.866667 0.900000 0.933333 0.966667 1.000000 1.033333
1.066667 1.100000 1.133333 1.166667 1.200000 1.233333 1.266667 1.300000 1.333333 1.366667 1.400000 1.433333 1.466667</float_array>
     <technique_common>
      <accessor source="#jnt_hips-Matrix-animation-input-array" count="45">
       <param name="TIME" type="float"></param>
      </accessor>
     </technique_common>
    </source>
    <source id="jnt_hips-Matrix-animation-output-transform">
     <float_array id="jnt_hips-Matrix-animation-output-transform-array" count="720">

0.979137 0.033523 -0.200419 -0.000000 -0.036026 0.999312 -0.008857 1.941480 0.199984 0.015892 0.979670 -0.247371 0.000000 0.000000 0.000000 1.000000
0.979143 0.033449 -0.200400 -0.000000 -0.036003 0.999310 -0.009114 1.941480 0.199957 0.016139 0.979672 -0.247371 0.000000 0.000000 0.000000 1.000000
0.979160 0.033246 -0.200352 -0.000000 -0.035939 0.999306 -0.009819 1.941480 0.199886 0.016814 0.979675 -0.247371 0.000000 0.000000 0.000000 1.000000
0.979184 0.032943 -0.200285 -0.000000 -0.035845 0.999298 -0.010878 1.941480 0.199786 0.017830 0.979677 -0.247371 0.000000 0.000000 0.000000 1.000000
0.979211 0.032570 -0.200211 -0.000000 -0.035731 0.999287 -0.012197 1.941480 0.199671 0.019097 0.979677 -0.247371 0.000000 0.000000 0.000000 1.000000
0.979239 0.032158 -0.200140 -0.000000 -0.035611 0.999272 -0.013675 1.941480 0.199555 0.020518 0.979672 -0.247371 0.000000 0.000000 0.000000 1.000000
0.979265 0.031743 -0.200079 -0.000000 -0.035495 0.999254 -0.015195 1.941480 0.199447 0.021982 0.979662 -0.247371 0.000000 0.000000 0.000000 1.000000
0.979288 0.031358 -0.200031 -0.000000 -0.035394 0.999235 -0.016632 1.941480 0.199357 0.023367 0.979648 -0.247371 0.000000 0.000000 0.000000 1.000000
0.979304 0.031041 -0.199998 -0.000000 -0.035316 0.999217 -0.017842 1.941480 0.199288 0.024536 0.979634 -0.247371 0.000000 0.000000 0.000000 1.000000
0.979315 0.030826 -0.199979 -0.000000 -0.035266 0.999203 -0.018678 1.941480 0.199244 0.025344 0.979622 -0.247371 0.000000 0.000000 0.000000 1.000000
0.979319 0.030747 -0.199973 -0.000000 -0.035249 0.999198 -0.018989 1.941480 0.199229 0.025645 0.979617 -0.247371 0.000000 0.000000 0.000000 1.000000
0.979319 0.030747 -0.199973 -0.000000 -0.035249 0.999198 -0.018989 1.941480 0.199229 0.025645 0.979617 -0.247371 0.000000 0.000000 0.000000 1.000000
0.979319 0.030747 -0.199973 -0.000000 -0.035249 0.999198 -0.018989 1.941480 0.199229 0.025645 0.979617 -0.247371 0.000000 0.000000 0.000000 1.000000
0.979319 0.030747 -0.199973 -0.000000 -0.035249 0.999198 -0.018989 1.941480 0.199229 0.025645 0.979617 -0.247371 0.000000 0.000000 0.000000 1.000000
0.979319 0.030747 -0.199973 -0.000000 -0.035249 0.999198 -0.018989 1.941480 0.199229 0.025645 0.979617 -0.247371 0.000000 0.000000 0.000000 1.000000
0.979319 0.030747 -0.199973 -0.000000 -0.035249 0.999198 -0.018989 1.941480 0.199229 0.025645 0.979617 -0.247371 0.000000 0.000000 0.000000 1.000000
0.979319 0.030638 -0.199989 -0.000000 -0.035123 0.999204 -0.018920 1.941480 0.199250 0.025553 0.979615 -0.247371 0.000000 0.000000 0.000000 1.000000
0.979328 0.030356 -0.199989 -0.000000 -0.034855 0.999211 -0.019013 1.941480 0.199254 0.025591 0.979614 -0.247371 0.000000 0.000000 0.000000 1.000000
0.979347 0.029961 -0.199957 -0.000000 -0.034543 0.999214 -0.019464 1.941480 0.199216 0.025969 0.979611 -0.247371 0.000000 0.000000 0.000000 1.000000
0.979317 0.029509 -0.200166 -0.000000 -0.034017 0.999238 -0.019119 1.941480 0.199450 0.025533 0.979575 -0.247371 0.000000 0.000000 0.000000 1.000000
0.979254 0.028783 -0.200582 -0.000000 -0.033181 0.999276 -0.018598 1.941480 0.199901 0.024867 0.979500 -0.247371 0.000000 0.000000 0.000000 1.000000
0.979192 0.027868 -0.201015 -0.000000 -0.032226 0.999310 -0.018441 1.941480 0.200362 0.024535 0.979415 -0.247371 0.000000 0.000000 0.000000 1.000000
0.979169 0.027278 -0.201204 -0.000000 -0.031718 0.999319 -0.018875 1.941480 0.200552 0.024863 0.979367 -0.247371 0.000000 0.000000 0.000000 1.000000
0.979139 0.028816 -0.201138 -0.000000 -0.033023 0.999300 -0.017594 1.941480 0.200491 0.023869 0.979405 -0.247371 0.000000 0.000000 0.000000 1.000000
0.979103 0.030923 -0.201000 -0.000000 -0.034780 0.999272 -0.015685 1.941480 0.200369 0.022348 0.979466 -0.247371 0.000000 0.000000 0.000000 1.000000
0.979124 0.030726 -0.200929 -0.000000 -0.034879 0.999244 -0.017161 1.941480 0.200250 0.023811 0.979456 -0.247371 0.000000 0.000000 0.000000 1.000000
0.979190 0.029472 -0.200793 -0.000000 -0.034156 0.999218 -0.019906 1.941480 0.200049 0.026350 0.979432 -0.247371 0.000000 0.000000 0.000000 1.000000
0.979272 0.029167 -0.200437 -0.000000 -0.034018 0.999205 -0.020801 1.941480 0.199671 0.027188 0.979486 -0.247371 0.000000 0.000000 0.000000 1.000000
0.979357 0.029422 -0.199987 -0.000000 -0.034222 0.999202 -0.020586 1.941480 0.199221 0.027005 0.979582 -0.247371 0.000000 0.000000 0.000000 1.000000
0.979426 0.029903 -0.199577 -0.000000 -0.034576 0.999203 -0.019971 1.941480 0.198821 0.026461 0.979679 -0.247371 0.000000 0.000000 0.000000 1.000000
0.979458 0.030309 -0.199356 -0.000000 -0.034919 0.999197 -0.019651 1.941480 0.198600 0.026209 0.979730 -0.247371 0.000000 0.000000 0.000000 1.000000
0.979461 0.030578 -0.199302 -0.000000 -0.035192 0.999187 -0.019651 1.941480 0.198539 0.026261 0.979741 -0.247371 0.000000 0.000000 0.000000 1.000000
0.979456 0.030837 -0.199284 -0.000000 -0.035437 0.999181 -0.019554 1.941480 0.198518 0.026215 0.979747 -0.247371 0.000000 0.000000 0.000000 1.000000
0.979447 0.031071 -0.199293 -0.000000 -0.035645 0.999176 -0.019405 1.941480 0.198526 0.026110 0.979748 -0.247371 0.000000 0.000000 0.000000 1.000000
0.979435 0.031266 -0.199321 -0.000000 -0.035812 0.999173 -0.019241 1.941480 0.198554 0.025983 0.979745 -0.247371 0.000000 0.000000 0.000000 1.000000
0.979423 0.031413 -0.199356 -0.000000 -0.035933 0.999172 -0.019093 1.941480 0.198592 0.025864 0.979741 -0.247371 0.000000 0.000000 0.000000 1.000000
0.979413 0.031507 -0.199392 -0.000000 -0.036007 0.999171 -0.018984 1.941480 0.198628 0.025773 0.979736 -0.247371 0.000000 0.000000 0.000000 1.000000
0.979407 0.031545 -0.199416 -0.000000 -0.036037 0.999171 -0.018931 1.941480 0.198654 0.025728 0.979732 -0.247371 0.000000 0.000000 0.000000 1.000000
0.979400 0.031471 -0.199465 -0.000000 -0.035918 0.999179 -0.018715 1.941480 0.198712 0.025494 0.979726 -0.247371 0.000000 0.000000 0.000000 1.000000
0.979353 0.031003 -0.199766 -0.000000 -0.035127 0.999236 -0.017131 1.941480 0.199082 0.023794 0.979694 -0.247371 0.000000 0.000000 0.000000 1.000000
0.979270 0.030205 -0.200296 -0.000000 -0.033787 0.999324 -0.014489 1.941480 0.199723 0.020956 0.979628 -0.247371 0.000000 0.000000 0.000000 1.000000
0.979159 0.029198 -0.200984 -0.000000 -0.032132 0.999419 -0.011350 1.941480 0.200536 0.017572 0.979529 -0.247371 0.000000 0.000000 0.000000 1.000000
0.979035 0.028112 -0.201741 -0.000000 -0.030394 0.999504 -0.008222 1.941480 0.201410 0.014181 0.979404 -0.247371 0.000000 0.000000 0.000000 1.000000
0.978917 0.027101 -0.202452 -0.000000 -0.028818 0.999569 -0.005540 1.941480 0.202214 0.011257 0.979277 -0.247371 0.000000 0.000000 0.000000 1.000000
0.978828 0.026347 -0.202983 -0.000000 -0.027669 0.999610 -0.003676 1.941480 0.202807 0.009215 0.979175 -0.247371 0.000000 0.000000 0.000000 1.000000</float_array>
     <technique_common>
      <accessor source="#jnt_hips-Matrix-animation-output-transform-array" count="45" stride="16">
       <param type="float4x4"></param>
      </accessor>
     </technique_common>
    </source>
    <source id="jnt_hips-Interpolations">
     <Name_array id="jnt_hips-Interpolations-array" count="45">
 LINEAR LINEAR LINEAR LINEAR LINEAR LINEAR LINEAR LINEAR LINEAR LINEAR LINEAR
LINEAR LINEAR LINEAR LINEAR LINEAR LINEAR LINEAR LINEAR LINEAR LINEAR LINEAR LINEAR
LINEAR LINEAR LINEAR LINEAR LINEAR LINEAR LINEAR LINEAR LINEAR LINEAR LINEAR LINEAR
LINEAR LINEAR LINEAR LINEAR LINEAR LINEAR LINEAR LINEAR LINEAR LINEAR</Name_array>
     <technique_common>
      <accessor source="#jnt_hips-Interpolations-array" count="45">
       <param type="name"></param>
      </accessor>
     </technique_common>
    </source>
    <sampler id="jnt_hips-Matrix-animation-transform">
     <input semantic="INPUT" source="#jnt_hips-Matrix-animation-input"></input>
     <input semantic="OUTPUT" source="#jnt_hips-Matrix-animation-output-transform"></input>
     <input semantic="INTERPOLATION" source="#jnt_hips-Interpolations"></input>
    </sampler>
    <channel source="#jnt_hips-Matrix-animation-transform" target="jnt_hips/matrix"></channel>
   </animation>
  </animation>
  <animation id="jnt_height-anim" name="jnt_height">
   <animation>
    <source id="jnt_height-Matrix-animation-input">
     <float_array id="jnt_height-Matrix-animation-input-array" count="45">

0.000000 0.033333 0.066667 0.100000 0.133333 0.166667 0.200000 0.233333 0.266667 0.300000 0.333333 0.366667 0.400000 0.433333 0.466667 0.500000
0.533333 0.566667 0.600000 0.633333 0.666667 0.700000 0.733333 0.766667 0.800000 0.833333 0.866667 0.900000 0.933333 0.966667 1.000000 1.033333
1.066667 1.100000 1.133333 1.166667 1.200000 1.233333 1.266667 1.300000 1.333333 1.366667 1.400000 1.433333 1.466667</float_array>
     <technique_common>
      <accessor source="#jnt_height-Matrix-animation-input-array" count="45">
       <param name="TIME" type="float"></param>
      </accessor>
     </technique_common>
    </source>
    <source id="jnt_height-Matrix-animation-output-transform">
     <float_array id="jnt_height-Matrix-animation-output-transform-array" count="720">

0.999270 0.036046 0.012651 0.000000 -0.035936 0.999315 -0.008847 -0.000000 -0.012962 0.008386 0.999881 -0.000000 0.000000 0.000000 0.000000 1.000000
0.999271 0.036025 0.012672 0.000000 -0.035911 0.999313 -0.009104 -0.000000 -0.012991 0.008643 0.999878 0.000000 0.000000 0.000000 0.000000 1.000000
0.999272 0.035968 0.012726 0.000000 -0.035845 0.999309 -0.009810 -0.000000 -0.013070 0.009347 0.999871 -0.000000 0.000000 0.000000 0.000000 1.000000
0.999274 0.035885 0.012800 0.000000 -0.035747 0.999302 -0.010870 0.000000 -0.013181 0.010404 0.999859 0.000000 0.000000 0.000000 0.000000 1.000000
0.999276 0.035785 0.012882 0.000000 -0.035629 0.999291 -0.012191 -0.000000 -0.013309 0.011723 0.999843 0.000000 0.000000 0.000000 0.000000 1.000000
0.999279 0.035680 0.012961 0.000000 -0.035503 0.999276 -0.013669 -0.000000 -0.013439 0.013199 0.999823 -0.000000 0.000000 0.000000 0.000000 1.000000
0.999282 0.035580 0.013030 0.000000 -0.035381 0.999258 -0.015192 -0.000000 -0.013561 0.014720 0.999800 -0.000000 0.000000 0.000000 0.000000 1.000000
0.999284 0.035494 0.013084 -0.000000 -0.035275 0.999239 -0.016630 -0.000000 -0.013664 0.016156 0.999776 0.000000 0.000000 0.000000 0.000000 1.000000
0.999286 0.035429 0.013121 -0.000000 -0.035192 0.999221 -0.017842 -0.000000 -0.013743 0.017367 0.999755 0.000000 0.000000 0.000000 0.000000 1.000000
0.999287 0.035388 0.013143 0.000000 -0.035139 0.999208 -0.018679 -0.000000 -0.013794 0.018203 0.999739 0.000000 0.000000 0.000000 0.000000 1.000000
0.999288 0.035373 0.013151 -0.000000 -0.035120 0.999203 -0.018990 -0.000000 -0.013812 0.018514 0.999733 0.000000 0.000000 0.000000 0.000000 1.000000
0.999288 0.035373 0.013151 -0.000000 -0.035120 0.999203 -0.018990 -0.000000 -0.013812 0.018514 0.999733 0.000000 0.000000 0.000000 0.000000 1.000000
0.999288 0.035373 0.013151 -0.000000 -0.035120 0.999203 -0.018990 -0.000000 -0.013812 0.018514 0.999733 0.000000 0.000000 0.000000 0.000000 1.000000
0.999288 0.035373 0.013151 -0.000000 -0.035120 0.999203 -0.018990 -0.000000 -0.013812 0.018514 0.999733 0.000000 0.000000 0.000000 0.000000 1.000000
0.999288 0.035373 0.013151 -0.000000 -0.035120 0.999203 -0.018990 -0.000000 -0.013812 0.018514 0.999733 0.000000 0.000000 0.000000 0.000000 1.000000
0.999288 0.035373 0.013151 -0.000000 -0.035120 0.999203 -0.018990 -0.000000 -0.013812 0.018514 0.999733 0.000000 0.000000 0.000000 0.000000 1.000000
0.999292 0.035247 0.013134 0.000000 -0.034995 0.999208 -0.018920 -0.000000 -0.013790 0.018447 0.999735 0.000000 0.000000 0.000000 0.000000 1.000000
0.999302 0.034980 0.013134 0.000000 -0.034727 0.999216 -0.019012 -0.000000 -0.013789 0.018542 0.999733 0.000000 0.000000 0.000000 0.000000 1.000000
0.999312 0.034673 0.013171 0.000000 -0.034414 0.999218 -0.019458 -0.000000 -0.013835 0.018991 0.999724 0.000000 0.000000 0.000000 0.000000 1.000000
0.999333 0.034143 0.012956 -0.000000 -0.033892 0.999243 -0.019107 -0.000000 -0.013598 0.018655 0.999733 0.000000 0.000000 0.000000 0.000000 1.000000
