<?xml version="1.0" encoding="utf-8"?>
<COLLADA xmlns="http://www.collada.org/2005/11/COLLADASchema" version="1.4.1">
    <asset>
        <contributor>
            <author></author>
            <authoring_tool>FBX COLLADA exporter</authoring_tool>
            <comments></comments>
        </contributor>
        <created>2022-11-12T14:51:54Z</created>
        <keywords></keywords>
        <modified>2022-11-12T14:51:54Z</modified>
        <revision></revision>
        <subject></subject>
        <title></title>
        <unit meter="0.010000" name="centimeter"></unit>
        <up_axis>Y_UP</up_axis>
    </asset>
    <library_animations>
        <animation id="jnt_left_armroot-anim" name="jnt_left_armroot">
            <animation>
                <source id="jnt_left_armroot-Matrix-animation-input">
                    <float_array id="jnt_left_armroot-Matrix-animation-input-array" count="129">

0.000000 0.033333 0.066667 0.100000 0.133333 0.166667 0.200000 0.233333 0.266667 0.300000 0.333333 0.366667 0.400000 0.433333 0.466667 0.500000
0.533333 0.566667 0.600000 0.633333 0.666667 0.700000 0.733333 0.766667 0.800000 0.833333 0.866667 0.900000 0.933333 0.966667 1.000000 1.033333
1.066667 1.100000 1.133333 1.166667 1.200000 1.233333 1.266667 1.300000 1.333333 1.366667 1.400000 1.433333 1.466667 1.500000 1.533333 1.566667
1.600000 1.633333 1.666667 1.700000 1.733333 1.766667 1.800000 1.833333 1.866667 1.900000 1.933333 1.966667 2.000000 2.033333 2.066667 2.100000
2.133333 2.166667 2.200000 2.233333 2.266667 2.300000 2.333333 2.366667 2.400000 2.433333 2.466667 2.500000 2.533333 2.566667 2.600000 2.633333
2.666667 2.700000 2.733333 2.766667 2.800000 2.833333 2.866667 2.900000 2.933333 2.966667 3.000000 3.033333 3.066667 3.100000 3.133333 3.166667
3.200000 3.233333 3.266667 3.300000 3.333333 3.366667 3.400000 3.433333 3.466667 3.500000 3.533333 3.566667 3.600000 3.633333 3.666667 3.700000
3.733333 3.766667 3.800000 3.833333 3.866667 3.900000 3.933333 3.966667 4.000000 4.033333 4.066667 4.100000 4.133333 4.166667 4.200000 4.233333
4.266667</float_array>
                    <technique_common>
                        <accessor source="#jnt_left_armroot-Matrix-animation-input-array" count="129">
                            <param name="TIME" type="float"/>
                        </accessor>
                    </technique_common>
                </source>
                <source id="jnt_left_armroot-Matrix-animation-output-transform">
                    <float_array id="jnt_left_armroot-Matrix-animation-output-transform-array" count="2064">

1.000000 -0.000004 -0.000000 0.000000 0.000004 1.000000 -0.000000 -0.000000 0.000000 0.000000 1.000000 -0.000000 0.000000 0.000000 0.000000 1.000000
1.000000 -0.000004 -0.000000 -0.000137 0.000004 1.000000 -0.000000 0.000122 0.000000 0.000000 1.000000 0.002372 0.000000 0.000000 0.000000 1.000000
1.000000 -0.000004 -0.000000 -0.000527 0.000004 1.000000 -0.000000 0.000471 0.000000 0.000000 1.000000 0.009162 0.000000 0.000000 0.000000 1.000000
1.000000 -0.000004 -0.000000 -0.001143 0.000004 1.000000 -0.000000 0.001023 0.000000 0.000000 1.000000 0.019878 0.000000 0.000000 0.000000 1.000000
1.000000 -0.000004 -0.000000 -0.001958 0.000004 1.000000 -0.000000 0.001751 0.000000 0.000000 1.000000 0.034029 0.000000 0.000000 0.000000 1.000000
1.000000 -0.000004 -0.000000 -0.002941 0.000004 1.000000 -0.000000 0.002630 0.000000 0.000000 1.000000 0.051126 0.000000 0.000000 0.000000 1.000000
1.000000 -0.000004 -0.000000 -0.004066 0.000004 1.000000 -0.000000 0.003636 0.000000 0.000000 1.000000 0.070676 0.000000 0.000000 0.000000 1.000000
1.000000 -0.000004 -0.000000 -0.005303 0.000004 1.000000 -0.000000 0.004743 0.000000 0.000000 1.000000 0.092190 0.000000 0.000000 0.000000 1.000000
1.000000 -0.000004 -0.000000 -0.006626 0.000004 1.000000 -0.000000 0.005926 0.000000 0.000000 1.000000 0.115176 0.000000 0.000000 0.000000 1.000000
1.000000 -0.000004 -0.000000 -0.008004 0.000004 1.000000 -0.000000 0.007159 0.000000 0.000000 1.000000 0.139144 0.000000 0.000000 0.000000 1.000000
1.000000 -0.000004 -0.000000 -0.009411 0.000004 1.000000 -0.000000 0.008417 0.000000 0.000000 1.000000 0.163602 0.000000 0.000000 0.000000 1.000000
1.000000 -0.000004 -0.000000 -0.010818 0.000004 1.000000 -0.000000 0.009675 0.000000 0.000000 1.000000 0.188061 0.000000 0.000000 0.000000 1.000000
1.000000 -0.000004 -0.000000 -0.012197 0.000004 1.000000 -0.000000 0.010909 0.000000 0.000000 1.000000 0.212029 0.000000 0.000000 0.000000 1.000000
1.000000 -0.000004 -0.000000 -0.013519 0.000004 1.000000 -0.000000 0.012091 0.000000 0.000000 1.000000 0.235015 0.000000 0.000000 0.000000 1.000000
1.000000 -0.000004 -0.000000 -0.014757 0.000004 1.000000 -0.000000 0.013198 0.000000 0.000000 1.000000 0.256529 0.000000 0.000000 0.000000 1.000000
1.000000 -0.000004 -0.000000 -0.015882 0.000004 1.000000 -0.000000 0.014204 0.000000 0.000000 1.000000 0.276079 0.000000 0.000000 0.000000 1.000000
1.000000 -0.000004 -0.000000 -0.016865 0.000004 1.000000 -0.000000 0.015083 0.000000 0.000000 1.000000 0.293176 0.000000 0.000000 0.000000 1.000000
1.000000 -0.000004 -0.000000 -0.017679 0.000004 1.000000 -0.000000 0.015811 0.000000 0.000000 1.000000 0.307327 0.000000 0.000000 0.000000 1.000000
1.000000 -0.000004 -0.000000 -0.018296 0.000004 1.000000 -0.000000 0.016363 0.000000 0.000000 1.000000 0.318043 0.000000 0.000000 0.000000 1.000000
1.000000 -0.000004 -0.000000 -0.018686 0.000004 1.000000 -0.000000 0.016712 0.000000 0.000000 1.000000 0.324833 0.000000 0.000000 0.000000 1.000000
1.000000 -0.000004 -0.000000 -0.018823 0.000004 1.000000 -0.000000 0.016834 0.000000 0.000000 1.000000 0.327205 0.000000 0.000000 0.000000 1.000000
1.000000 -0.000004 -0.000000 -0.018823 0.000004 1.000000 -0.000000 0.016834 0.000000 0.000000 1.000000 0.327205 0.000000 0.000000 0.000000 1.000000
1.000000 -0.000004 -0.000000 -0.018823 0.000004 1.000000 -0.000000 0.016834 0.000000 0.000000 1.000000 0.327205 0.000000 0.000000 0.000000 1.000000
1.000000 -0.000004 -0.000000 -0.018823 0.000004 1.000000 -0.000000 0.016834 0.000000 0.000000 1.000000 0.327205 0.000000 0.000000 0.000000 1.000000
1.000000 -0.000004 -0.000000 -0.018823 0.000004 1.000000 -0.000000 0.016834 0.000000 0.000000 1.000000 0.327205 0.000000 0.000000 0.000000 1.000000
1.000000 -0.000004 -0.000000 -0.018823 0.000004 1.000000 -0.000000 0.016834 0.000000 0.000000 1.000000 0.327205 0.000000 0.000000 0.000000 1.000000
1.000000 -0.000004 -0.000000 -0.018823 0.000004 1.000000 -0.000000 0.016834 0.000000 0.000000 1.000000 0.327205 0.000000 0.000000 0.000000 1.000000
1.000000 -0.000004 -0.000000 -0.018823 0.000004 1.000000 -0.000000 0.016834 0.000000 0.000000 1.000000 0.327205 0.000000 0.000000 0.000000 1.000000
1.000000 -0.000004 -0.000000 -0.018823 0.000004 1.000000 -0.000000 0.016834 0.000000 0.000000 1.000000 0.327205 0.000000 0.000000 0.000000 1.000000
1.000000 -0.000004 -0.000000 -0.018823 0.000004 1.000000 -0.000000 0.016834 0.000000 0.000000 1.000000 0.327205 0.000000 0.000000 0.000000 1.000000
1.000000 -0.000004 -0.000000 -0.018823 0.000004 1.000000 -0.000000 0.016834 0.000000 0.000000 1.000000 0.327205 0.000000 0.000000 0.000000 1.000000
1.000000 -0.000004 -0.000000 -0.018823 0.000004 1.000000 -0.000000 0.016834 0.000000 0.000000 1.000000 0.327205 0.000000 0.000000 0.000000 1.000000
1.000000 -0.000004 -0.000000 -0.018823 0.000004 1.000000 -0.000000 0.016834 0.000000 0.000000 1.000000 0.327205 0.000000 0.000000 0.000000 1.000000
1.000000 -0.000004 -0.000000 -0.018823 0.000004 1.000000 -0.000000 0.016834 0.000000 0.000000 1.000000 0.327205 0.000000 0.000000 0.000000 1.000000
1.000000 -0.000004 -0.000000 -0.018823 0.000004 1.000000 -0.000000 0.016834 0.000000 0.000000 1.000000 0.327205 0.000000 0.000000 0.000000 1.000000
1.000000 -0.000004 -0.000000 -0.018823 0.000004 1.000000 -0.000000 0.016834 0.000000 0.000000 1.000000 0.327205 0.000000 0.000000 0.000000 1.000000
1.000000 -0.000004 -0.000000 -0.018823 0.000004 1.000000 -0.000000 0.016834 0.000000 0.000000 1.000000 0.327205 0.000000 0.000000 0.000000 1.000000
1.000000 -0.000004 -0.000000 -0.018823 0.000004 1.000000 -0.000000 0.016834 0.000000 0.000000 1.000000 0.327205 0.000000 0.000000 0.000000 1.000000
1.000000 -0.000004 -0.000000 -0.018823 0.000004 1.000000 -0.000000 0.016834 0.000000 0.000000 1.000000 0.327205 0.000000 0.000000 0.000000 1.000000
1.000000 -0.000004 -0.000000 -0.018823 0.000004 1.000000 -0.000000 0.016834 0.000000 0.000000 1.000000 0.327205 0.000000 0.000000 0.000000 1.000000
1.000000 -0.000004 -0.000000 -0.018823 0.000004 1.000000 -0.000000 0.016834 0.000000 0.000000 1.000000 0.327205 0.000000 0.000000 0.000000 1.000000
1.000000 -0.000004 -0.000000 -0.018823 0.000004 1.000000 -0.000000 0.016834 0.000000 0.000000 1.000000 0.327205 0.000000 0.000000 0.000000 1.000000
1.000000 -0.000004 -0.000000 -0.018823 0.000004 1.000000 -0.000000 0.016834 0.000000 0.000000 1.000000 0.327205 0.000000 0.000000 0.000000 1.000000
1.000000 -0.000004 -0.000000 -0.018823 0.000004 1.000000 -0.000000 0.016834 0.000000 0.000000 1.000000 0.327205 0.000000 0.000000 0.000000 1.000000
1.000000 -0.000004 -0.000000 -0.018823 0.000004 1.000000 -0.000000 0.016834 0.000000 0.000000 1.000000 0.327205 0.000000 0.000000 0.000000 1.000000
1.000000 -0.000004 -0.000000 -0.018823 0.000004 1.000000 -0.000000 0.016834 0.000000 0.000000 1.000000 0.327205 0.000000 0.000000 0.000000 1.000000
1.000000 -0.000004 -0.000000 -0.018823 0.000004 1.000000 -0.000000 0.016834 0.000000 0.000000 1.000000 0.327205 0.000000 0.000000 0.000000 1.000000
1.000000 -0.000004 -0.000000 -0.018823 0.000004 1.000000 -0.000000 0.016834 0.000000 0.000000 1.000000 0.327205 0.000000 0.000000 0.000000 1.000000
1.000000 -0.000004 -0.000000 -0.018823 0.000004 1.000000 -0.000000 0.016834 0.000000 0.000000 1.000000 0.327205 0.000000 0.000000 0.000000 1.000000
1.000000 -0.000004 -0.000000 -0.018823 0.000004 1.000000 -0.000000 0.016834 0.000000 0.000000 1.000000 0.327205 0.000000 0.000000 0.000000 1.000000
1.000000 -0.000004 -0.000000 -0.018823 0.000004 1.000000 -0.000000 0.016834 0.000000 0.000000 1.000000 0.327205 0.000000 0.000000 0.000000 1.000000
1.000000 -0.000004 -0.000000 -0.018823 0.000004 1.000000 -0.000000 0.016834 0.000000 0.000000 1.000000 0.327205 0.000000 0.000000 0.000000 1.000000
1.000000 -0.000004 -0.000000 -0.018823 0.000004 1.000000 -0.000000 0.016834 0.000000 0.000000 1.000000 0.327205 0.000000 0.000000 0.000000 1.000000
1.000000 -0.000004 -0.000000 -0.018823 0.000004 1.000000 -0.000000 0.016834 0.000000 0.000000 1.000000 0.327205 0.000000 0.000000 0.000000 1.000000
1.000000 -0.000004 -0.000000 -0.018823 0.000004 1.000000 -0.000000 0.016834 0.000000 0.000000 1.000000 0.327205 0.000000 0.000000 0.000000 1.000000
1.000000 -0.000004 -0.000000 -0.018823 0.000004 1.000000 -0.000000 0.016834 0.000000 0.000000 1.000000 0.327205 0.000000 0.000000 0.000000 1.000000
1.000000 -0.000004 -0.000000 -0.018823 0.000004 1.000000 -0.000000 0.016834 0.000000 0.000000 1.000000 0.327205 0.000000 0.000000 0.000000 1.000000
1.000000 -0.000004 -0.000000 -0.018823 0.000004 1.000000 -0.000000 0.016834 0.000000 0.000000 1.000000 0.327205 0.000000 0.000000 0.000000 1.000000
1.000000 -0.000004 -0.000000 -0.018823 0.000004 1.000000 -0.000000 0.016834 0.000000 0.000000 1.000000 0.327205 0.000000 0.000000 0.000000 1.000000
1.000000 -0.000004 -0.000000 -0.018823 0.000004 1.000000 -0.000000 0.016834 0.000000 0.000000 1.000000 0.327205 0.000000 0.000000 0.000000 1.000000
1.000000 -0.000004 -0.000000 -0.018823 0.000004 1.000000 -0.000000 0.016834 0.000000 0.000000 1.000000 0.327205 0.000000 0.000000 0.000000 1.000000
1.000000 -0.000004 -0.000000 -0.018823 0.000004 1.000000 -0.000000 0.016834 0.000000 0.000000 1.000000 0.327205 0.000000 0.000000 0.000000 1.000000
1.000000 -0.000004 -0.000000 -0.018823 0.000004 1.000000 -0.000000 0.016834 0.000000 0.000000 1.000000 0.327205 0.000000 0.000000 0.000000 1.000000
1.000000 -0.000004 -0.000000 -0.018823 0.000004 1.000000 -0.000000 0.016834 0.000000 0.000000 1.000000 0.327205 0.000000 0.000000 0.000000 1.000000
1.000000 -0.000004 -0.000000 -0.018823 0.000004 1.000000 -0.000000 0.016834 0.000000 0.000000 1.000000 0.327205 0.000000 0.000000 0.000000 1.000000
1.000000 -0.000004 -0.000000 -0.018823 0.000004 1.000000 -0.000000 0.016834 0.000000 0.000000 1.000000 0.327205 0.000000 0.000000 0.000000 1.000000
1.000000 -0.000004 -0.000000 -0.018823 0.000004 1.000000 -0.000000 0.016834 0.000000 0.000000 1.000000 0.327205 0.000000 0.000000 0.000000 1.000000
1.000000 -0.000004 -0.000000 -0.018823 0.000004 1.000000 -0.000000 0.016834 0.000000 0.000000 1.000000 0.327205 0.000000 0.000000 0.000000 1.000000
1.000000 -0.000004 -0.000000 -0.018823 0.000004 1.000000 -0.000000 0.016834 0.000000 0.000000 1.000000 0.327205 0.000000 0.000000 0.000000 1.000000
1.000000 -0.000004 -0.000000 -0.018823 0.000004 1.000000 -0.000000 0.016834 0.000000 0.000000 1.000000 0.327205 0.000000 0.000000 0.000000 1.000000
1.000000 -0.000004 -0.000000 -0.018823 0.000004 1.000000 -0.000000 0.016834 0.000000 0.000000 1.000000 0.327205 0.000000 0.000000 0.000000 1.000000
1.000000 -0.000004 -0.000000 -0.018823 0.000004 1.000000 -0.000000 0.016834 0.000000 0.000000 1.000000 0.327205 0.000000 0.000000 0.000000 1.000000
1.000000 -0.000004 -0.000000 -0.018823 0.000004 1.000000 -0.000000 0.016834 0.000000 0.000000 1.000000 0.327205 0.000000 0.000000 0.000000 1.000000
1.000000 -0.000004 -0.000000 -0.018823 0.000004 1.000000 -0.000000 0.016834 0.000000 0.000000 1.000000 0.327205 0.000000 0.000000 0.000000 1.000000
1.000000 -0.000004 -0.000000 -0.018823 0.000004 1.000000 -0.000000 0.016834 0.000000 0.000000 1.000000 0.327205 0.000000 0.000000 0.000000 1.000000
1.000000 -0.000004 -0.000000 -0.018823 0.000004 1.000000 -0.000000 0.016834 0.000000 0.000000 1.000000 0.327205 0.000000 0.000000 0.000000 1.000000
1.000000 -0.000004 -0.000000 -0.018823 0.000004 1.000000 -0.000000 0.016834 0.000000 0.000000 1.000000 0.327205 0.000000 0.000000 0.000000 1.000000
1.000000 -0.000004 -0.000000 -0.018823 0.000004 1.000000 -0.000000 0.016834 0.000000 0.000000 1.000000 0.327205 0.000000 0.000000 0.000000 1.000000
1.000000 -0.000004 -0.000000 -0.018823 0.000004 1.000000 -0.000000 0.016834 0.000000 0.000000 1.000000 0.327205 0.000000 0.000000 0.000000 1.000000
1.000000 -0.000004 -0.000000 -0.018823 0.000004 1.000000 -0.000000 0.016834 0.000000 0.000000 1.000000 0.327205 0.000000 0.000000 0.000000 1.000000
1.000000 -0.000004 -0.000000 -0.018823 0.000004 1.000000 -0.000000 0.016834 0.000000 0.000000 1.000000 0.327205 0.000000 0.000000 0.000000 1.000000
1.000000 -0.000004 -0.000000 -0.018823 0.000004 1.000000 -0.000000 0.016834 0.000000 0.000000 1.000000 0.327205 0.000000 0.000000 0.000000 1.000000
1.000000 -0.000004 -0.000000 -0.018823 0.000004 1.000000 -0.000000 0.016834 0.000000 0.000000 1.000000 0.327205 0.000000 0.000000 0.000000 1.000000
1.000000 -0.000004 -0.000000 -0.018823 0.000004 1.000000 -0.000000 0.016834 0.000000 0.000000 1.000000 0.327205 0.000000 0.000000 0.000000 1.000000
1.000000 -0.000004 -0.000000 -0.018823 0.000004 1.000000 -0.000000 0.016834 0.000000 0.000000 1.000000 0.327205 0.000000 0.000000 0.000000 1.000000
1.000000 -0.000004 -0.000000 -0.018823 0.000004 1.000000 -0.000000 0.016834 0.000000 0.000000 1.000000 0.327205 0.000000 0.000000 0.000000 1.000000
1.000000 -0.000004 -0.000000 -0.018823 0.000004 1.000000 -0.000000 0.016834 0.000000 0.000000 1.000000 0.327205 0.000000 0.000000 0.000000 1.000000
1.000000 -0.000004 -0.000000 -0.018823 0.000004 1.000000 -0.000000 0.016834 0.000000 0.000000 1.000000 0.327205 0.000000 0.000000 0.000000 1.000000
1.000000 -0.000004 -0.000000 -0.018823 0.000004 1.000000 -0.000000 0.016834 0.000000 0.000000 1.000000 0.327205 0.000000 0.000000 0.000000 1.000000
1.000000 -0.000004 -0.000000 -0.018823 0.000004 1.000000 -0.000000 0.016834 0.000000 0.000000 1.000000 0.327205 0.000000 0.000000 0.000000 1.000000
1.000000 -0.000004 -0.000000 -0.018823 0.000004 1.000000 -0.000000 0.016834 0.000000 0.000000 1.000000 0.327205 0.000000 0.000000 0.000000 1.000000
1.000000 -0.000004 -0.000000 -0.018823 0.000004 1.000000 -0.000000 0.016834 0.000000 0.000000 1.000000 0.327205 0.000000 0.000000 0.000000 1.000000
1.000000 -0.000004 -0.000000 -0.018672 0.000004 1.000000 -0.000000 0.016699 0.000000 0.000000 1.000000 0.324581 0.000000 0.000000 0.000000 1.000000
1.000000 -0.000004 -0.000000 -0.018241 0.000004 1.000000 -0.000000 0.016314 0.000000 0.000000 1.000000 0.317092 0.000000 0.000000 0.000000 1.000000
1.000000 -0.000004 -0.000000 -0.017563 0.000004 1.000000 -0.000000 0.015708 0.000000 0.000000 1.000000 0.305309 0.000000 0.000000 0.000000 1.000000
1.000000 -0.000004 -0.000000 -0.016671 0.000004 1.000000 -0.000000 0.014910 0.000000 0.000000 1.000000 0.289805 0.000000 0.000000 0.000000 1.000000
1.000000 -0.000004 -0.000000 -0.015598 0.000004 1.000000 -0.000000 0.013950 0.000000 0.000000 1.000000 0.271152 0.000000 0.000000 0.000000 1.000000
1.000000 -0.000004 -0.000000 -0.014377 0.000004 1.000000 -0.000000 0.012858 0.000000 0.000000 1.000000 0.249924 0.000000 0.000000 0.000000 1.000000
1.000000 -0.000004 -0.000000 -0.013041 0.000004 1.000000 -0.000000 0.011663 0.000000 0.000000 1.000000 0.226692 0.000000 0.000000 0.000000 1.000000
1.000000 -0.000004 -0.000000 -0.011622 0.000004 1.000000 -0.000000 0.010394 0.000000 0.000000 1.000000 0.202028 0.000000 0.000000 0.000000 1.000000
1.000000 -0.000004 -0.000000 -0.010154 0.000004 1.000000 -0.000000 0.009081 0.000000 0.000000 1.000000 0.176507 0.000000 0.000000 0.000000 1.000000
1.000000 -0.000004 -0.000000 -0.008669 0.000004 1.000000 -0.000000 0.007753 0.000000 0.000000 1.000000 0.150698 0.000000 0.000000 0.000000 1.000000
1.000000 -0.000004 -0.000000 -0.007201 0.000004 1.000000 -0.000000 0.006440 0.000000 0.000000 1.000000 0.125177 0.000000 0.000000 0.000000 1.000000
1.000000 -0.000004 -0.000000 -0.005782 0.000004 1.000000 -0.000000 0.005171 0.000000 0.000000 1.000000 0.100513 0.000000 0.000000 0.000000 1.000000
1.000000 -0.000004 -0.000000 -0.004446 0.000004 1.000000 -0.000000 0.003976 0.000000 0.000000 1.000000 0.077281 0.000000 0.000000 0.000000 1.000000
1.000000 -0.000004 -0.000000 -0.003224 0.000004 1.000000 -0.000000 0.002884 0.000000 0.000000 1.000000 0.056053 0.000000 0.000000 0.000000 1.000000
1.000000 -0.000004 -0.000000 -0.002152 0.000004 1.000000 -0.000000 0.001924 0.000000 0.000000 1.000000 0.037400 0.000000 0.000000 0.000000 1.000000
1.000000 -0.000004 -0.000000 -0.001260 0.000004 1.000000 -0.000000 0.001127 0.000000 0.000000 1.000000 0.021896 0.000000 0.000000 0.000000 1.000000
1.000000 -0.000004 -0.000000 -0.000582 0.000004 1.000000 -0.000000 0.000520 0.000000 0.000000 1.000000 0.010113 0.000000 0.000000 0.000000 1.000000
1.000000 -0.000004 -0.000000 -0.000151 0.000004 1.000000 -0.000000 0.000135 0.000000 0.000000 1.000000 0.002624 0.000000 0.000000 0.000000 1.000000
1.000000 -0.000004 -0.000000 0.000000 0.000004 1.000000 -0.000000 -0.000000 0.000000 0.000000 1.000000 -0.000000 0.000000 0.000000 0.000000 1.000000
1.000000 -0.000004 -0.000000 0.000000 0.000004 1.000000 -0.000000 -0.000000 0.000000 0.000000 1.000000 -0.000000 0.000000 0.000000 0.000000 1.000000
1.000000 -0.000004 -0.000000 0.000000 0.000004 1.000000 -0.000000 -0.000000 0.000000 0.000000 1.000000 -0.000000 0.000000 0.000000 0.000000 1.000000
1.000000 -0.000004 -0.000000 0.000000 0.000004 1.000000 -0.000000 -0.000000 0.000000 0.000000 1.000000 -0.000000 0.000000 0.000000 0.000000 1.000000
1.000000 -0.000004 -0.000000 0.000000 0.000004 1.000000 -0.000000 -0.000000 0.000000 0.000000 1.000000 -0.000000 0.000000 0.000000 0.000000 1.000000
1.000000 -0.000004 -0.000000 0.000000 0.000004 1.000000 -0.000000 -0.000000 0.000000 0.000000 1.000000 -0.000000 0.000000 0.000000 0.000000 1.000000
1.000000 -0.000004 -0.000000 0.000000 0.000004 1.000000 -0.000000 -0.000000 0.000000 0.000000 1.000000 -0.000000 0.000000 0.000000 0.000000 1.000000
1.000000 -0.000004 -0.000000 0.000000 0.000004 1.000000 -0.000000 -0.000000 0.000000 0.000000 1.000000 -0.000000 0.000000 0.000000 0.000000 1.000000
1.000000 -0.000004 -0.000000 0.000000 0.000004 1.000000 -0.000000 -0.000000 0.000000 0.000000 1.000000 -0.000000 0.000000 0.000000 0.000000 1.000000
1.000000 -0.000004 -0.000000 0.000000 0.000004 1.000000 -0.000000 -0.000000 0.000000 0.000000 1.000000 -0.000000 0.000000 0.000000 0.000000 1.000000
1.000000 -0.000004 -0.000000 0.000000 0.000004 1.000000 -0.000000 -0.000000 0.000000 0.000000 1.000000 -0.000000 0.000000 0.000000 0.000000 1.000000
1.000000 -0.000004 -0.000000 0.000000 0.000004 1.000000 -0.000000 -0.000000 0.000000 0.000000 1.000000 -0.000000 0.000000 0.000000 0.000000 1.000000
1.000000 -0.000004 -0.000000 0.000000 0.000004 1.000000 -0.000000 -0.000000 0.000000 0.000000 1.000000 -0.000000 0.000000 0.000000 0.000000 1.000000
1.000000 -0.000004 -0.000000 0.000000 0.000004 1.000000 -0.000000 -0.000000 0.000000 0.000000 1.000000 -0.000000 0.000000 0.000000 0.000000 1.000000
1.000000 -0.000004 -0.000000 0.000000 0.000004 1.000000 -0.000000 -0.000000 0.000000 0.000000 1.000000 -0.000000 0.000000 0.000000 0.000000 1.000000
1.000000 -0.000004 -0.000000 0.000000 0.000004 1.000000 -0.000000 -0.000000 0.000000 0.000000 1.000000 -0.000000 0.000000 0.000000 0.000000 1.000000
1.000000 -0.000004 -0.000000 0.000000 0.000004 1.000000 -0.000000 -0.000000 0.000000 0.000000 1.000000 -0.000000 0.000000 0.000000 0.000000 1.000000
1.000000 -0.000004 -0.000000 0.000000 0.000004 1.000000 -0.000000 -0.000000 0.000000 0.000000 1.000000 -0.000000 0.000000 0.000000 0.000000 1.000000
1.000000 -0.000004 -0.000000 0.000000 0.000004 1.000000 -0.000000 -0.000000 0.000000 0.000000 1.000000 -0.000000 0.000000 0.000000 0.000000 1.000000</float_array>
                    <technique_common>
                        <accessor source="#jnt_left_armroot-Matrix-animation-output-transform-array" count="129" stride="16">
                            <param type="float4x4"/>
                        </accessor>
                    </technique_common>
                </source>
                <source id="jnt_left_armroot-Interpolations">
                    <Name_array id="jnt_left_armroot-Interpolations-array" count="129">
 LINEAR LINEAR LINEAR LINEAR LINEAR LINEAR LINEAR LINEAR LINEAR LINEAR LINEAR
LINEAR LINEAR LINEAR LINEAR LINEAR LINEAR LINEAR LINEAR LINEAR LINEAR LINEAR LINEAR
LINEAR LINEAR LINEAR LINEAR LINEAR LINEAR LINEAR LINEAR LINEAR LINEAR LINEAR LINEAR
LINEAR LINEAR LINEAR LINEAR LINEAR LINEAR LINEAR LINEAR LINEAR LINEAR LINEAR LINEAR
LINEAR LINEAR LINEAR LINEAR LINEAR LINEAR LINEAR LINEAR LINEAR LINEAR LINEAR LINEAR
LINEAR LINEAR LINEAR LINEAR LINEAR LINEAR LINEAR LINEAR LINEAR LINEAR LINEAR LINEAR
LINEAR LINEAR LINEAR LINEAR LINEAR LINEAR LINEAR LINEAR LINEAR LINEAR LINEAR LINEAR
LINEAR LINEAR LINEAR LINEAR LINEAR LINEAR LINEAR LINEAR LINEAR LINEAR LINEAR LINEAR
LINEAR LINEAR LINEAR LINEAR LINEAR LINEAR LINEAR LINEAR LINEAR LINEAR LINEAR LINEAR
LINEAR LINEAR LINEAR LINEAR LINEAR LINEAR LINEAR LINEAR LINEAR LINEAR LINEAR LINEAR
LINEAR LINEAR LINEAR LINEAR LINEAR LINEAR LINEAR LINEAR LINEAR LINEAR</Name_array>
                    <technique_common>
                        <accessor source="#jnt_left_armroot-Interpolations-array" count="129">
                            <param type="name"/>
                        </accessor>
                    </technique_common>
                </source>
                <sampler id="jnt_left_armroot-Matrix-animation-transform">
                    <input semantic="INPUT" source="#jnt_left_armroot-Matrix-animation-input"/>
                    <input semantic="OUTPUT" source="#jnt_left_armroot-Matrix-animation-output-transform"/>
                    <input semantic="INTERPOLATION" source="#jnt_left_armroot-Interpolations"/>
                </sampler>
                <channel source="#jnt_left_armroot-Matrix-animation-transform" target="jnt_left_armroot/matrix"/>
            </animation>
        </animation>
        <animation id="jnt_left_arm-anim" name="jnt_left_arm">
            <animation>
                <source id="jnt_left_arm-Matrix-animation-input">
                    <float_array id="jnt_left_arm-Matrix-animation-input-array" count="129">

0.000000 0.033333 0.066667 0.100000 0.133333 0.166667 0.200000 0.233333 0.266667 0.300000 0.333333 0.366667 0.400000 0.433333 0.466667 0.500000
0.533333 0.566667 0.600000 0.633333 0.666667 0.700000 0.733333 0.766667 0.800000 0.833333 0.866667 0.900000 0.933333 0.966667 1.000000 1.033333
1.066667 1.100000 1.133333 1.166667 1.200000 1.233333 1.266667 1.300000 1.333333 1.366667 1.400000 1.433333 1.466667 1.500000 1.533333 1.566667
1.600000 1.633333 1.666667 1.700000 1.733333 1.766667 1.800000 1.833333 1.866667 1.900000 1.933333 1.966667 2.000000 2.033333 2.066667 2.100000
2.133333 2.166667 2.200000 2.233333 2.266667 2.300000 2.333333 2.366667 2.400000 2.433333 2.466667 2.500000 2.533333 2.566667 2.600000 2.633333
2.666667 2.700000 2.733333 2.766667 2.800000 2.833333 2.866667 2.900000 2.933333 2.966667 3.000000 3.033333 3.066667 3.100000 3.133333 3.166667
3.200000 3.233333 3.266667 3.300000 3.333333 3.366667 3.400000 3.433333 3.466667 3.500000 3.533333 3.566667 3.600000 3.633333 3.666667 3.700000
3.733333 3.766667 3.800000 3.833333 3.866667 3.900000 3.933333 3.966667 4.000000 4.033333 4.066667 4.100000 4.133333 4.166667 4.200000 4.233333
4.266667</float_array>
                    <technique_common>
                        <accessor source="#jnt_left_arm-Matrix-animation-input-array" count="129">
                            <param name="TIME" type="float"/>
                        </accessor>
                    </technique_common>
                </source>
                <source id="jnt_left_arm-Matrix-animation-output-transform">
                    <float_array id="jnt_left_arm-Matrix-animation-output-transform-array" count="2064">

0.153621 -0.065039 0.985987 -0.525417 0.985373 0.084572 -0.147947 -0.032447 -0.073765 0.994291 0.077080 0.009491 0.000000 0.000000 0.000000 1.000000
0.157586 -0.064968 0.985366 -0.525417 0.984873 0.083159 -0.152024 -0.032447 -0.072065 0.994415 0.077090 0.009491 0.000000 0.000000 0.000000 1.000000
0.171459 -0.058664 0.983443 -0.525417 0.982977 0.077079 -0.166780 -0.032447 -0.066019 0.995297 0.070882 0.009491 0.000000 0.000000 0.000000 1.000000
0.197174 -0.051692 0.979004 -0.525417 0.978840 0.066133 -0.193649 -0.032447 -0.054734 0.996470 0.063638 0.009491 0.000000 0.000000 0.000000 1.000000
0.235947 -0.047076 0.970625 -0.525417 0.971038 0.050093 -0.233617 -0.032447 -0.037624 0.997633 0.057532 0.009491 0.000000 0.000000 0.000000 1.000000
0.283771 -0.045699 0.957802 -0.525417 0.958750 0.030773 -0.282583 -0.032447 -0.016561 0.998480 0.052546 0.009491 0.000000 0.000000 0.000000 1.000000
0.336067 -0.047421 0.940643 -0.525417 0.941819 0.010374 -0.335963 -0.032447 0.006173 0.998820 0.048149 0.009491 0.000000 0.000000 0.000000 1.000000
0.390606 -0.051459 0.919118 -0.525417 0.920160 -0.007554 -0.391471 -0.032447 0.027087 0.998646 0.044400 0.009491 0.000000 0.000000 0.000000 1.000000
0.446582 -0.058320 0.892840 -0.525417 0.893805 -0.016619 -0.448149 -0.032447 0.040974 0.998159 0.044704 0.009491 0.000000 0.000000 0.000000 1.000000
0.501472 -0.063454 0.862844 -0.525417 0.863797 -0.019537 -0.503462 -0.032447 0.048804 0.997793 0.045014 0.009491 0.000000 0.000000 0.000000 1.000000
0.554221 -0.064969 0.829830 -0.525417 0.830922 -0.015599 -0.556170 -0.032447 0.049078 0.997764 0.045339 0.009491 0.000000 0.000000 0.000000 1.000000
0.603348 -0.065927 0.794748 -0.525417 0.796464 -0.000458 -0.604687 -0.032447 0.040229 0.997823 0.052232 0.009491 0.000000 0.000000 0.000000 1.000000
0.647612 -0.061650 0.759472 -0.525417 0.761716 0.026583 -0.647366 -0.032447 0.019721 0.997743 0.064175 0.009491 0.000000 0.000000 0.000000 1.000000
0.685213 -0.050632 0.726581 -0.525417 0.728237 0.064656 -0.682269 -0.032447 -0.012433 0.996621 0.081175 0.009491 0.000000 0.000000 0.000000 1.000000
0.714019 -0.032922 0.699352 -0.525417 0.698048 0.110392 -0.707490 -0.032447 -0.053911 0.993342 0.101803 0.009491 0.000000 0.000000 0.000000 1.000000
0.732823 -0.009436 0.680355 -0.525417 0.672736 0.159903 -0.722397 -0.032447 -0.101974 0.987087 0.123528 0.009491 0.000000 0.000000 0.000000 1.000000
0.741100 0.018036 0.671153 -0.525417 0.653696 0.208638 -0.727429 -0.032447 -0.153149 0.977826 0.142832 0.009491 0.000000 0.000000 0.000000 1.000000
0.739551 0.047573 0.671417 -0.525417 0.641546 0.252018 -0.724504 -0.032447 -0.203677 0.966551 0.155860 0.009491 0.000000 0.000000 0.000000 1.000000
0.731473 0.074608 0.677777 -0.525417 0.634886 0.288071 -0.716893 -0.032447 -0.248734 0.954697 0.163349 0.009491 0.000000 0.000000 0.000000 1.000000
0.723287 0.092928 0.684266 -0.525417 0.630856 0.314088 -0.709485 -0.032447 -0.280851 0.944834 0.168552 0.009491 0.000000 0.000000 0.000000 1.000000
0.720660 0.098506 0.686255 -0.525417 0.628728 0.324260 -0.706793 -0.032447 -0.292149 0.940824 0.171748 0.009491 0.000000 0.000000 0.000000 1.000000
0.721675 0.099146 0.685095 -0.525417 0.627636 0.323745 -0.707999 -0.032447 -0.291992 0.940934 0.171411 0.009491 0.000000 0.000000 0.000000 1.000000
0.721696 0.099273 0.685055 -0.525417 0.627685 0.323385 -0.708120 -0.032447 -0.291834 0.941045 0.171074 0.009491 0.000000 0.000000 0.000000 1.000000
0.721531 0.099999 0.685123 -0.525417 0.627572 0.323547 -0.708146 -0.032447 -0.292484 0.940912 0.170693 0.009491 0.000000 0.000000 0.000000 1.000000
0.721243 0.101121 0.685262 -0.525417 0.627352 0.324054 -0.708110 -0.032447 -0.293667 0.940618 0.170283 0.009491 0.000000 0.000000 0.000000 1.000000
0.719940 0.102158 0.686477 -0.525417 0.628053 0.325034 -0.707038 -0.032447 -0.295359 0.940167 0.169845 0.009491 0.000000 0.000000 0.000000 1.000000
0.718099 0.103323 0.688229 -0.525417 0.629138 0.326397 -0.705444 -0.032447 -0.297525 0.939568 0.169380 0.009491 0.000000 0.000000 0.000000 1.000000
0.715751 0.104602 0.690478 -0.525417 0.630574 0.328117 -0.703360 -0.032447 -0.300131 0.938827 0.168891 0.009491 0.000000 0.000000 0.000000 1.000000
0.712929 0.105979 0.693182 -0.525417 0.632327 0.330175 -0.700819 -0.032447 -0.303144 0.937950 0.168378 0.009491 0.000000 0.000000 0.000000 1.000000
0.709666 0.108802 0.696087 -0.525417 0.634362 0.331181 -0.698501 -0.032447 -0.306530 0.937272 0.166007 0.009491 0.000000 0.000000 0.000000 1.000000
0.705995 0.111701 0.699353 -0.525417 0.636646 0.332487 -0.695797 -0.032447 -0.310248 0.936468 0.163620 0.009491 0.000000 0.000000 0.000000 1.000000
0.701946 0.114923 0.702897 -0.525417 0.639146 0.333824 -0.692860 -0.032447 -0.314270 0.935603 0.160874 0.009491 0.000000 0.000000 0.000000 1.000000
0.697550 0.118336 0.706697 -0.525417 0.641826 0.335296 -0.689663 -0.032447 -0.318565 0.934650 0.157934 0.009491 0.000000 0.000000 0.000000 1.000000
0.692835 0.121909 0.710717 -0.525417 0.644656 0.336917 -0.686226 -0.032447 -0.323110 0.933608 0.154839 0.009491 0.000000 0.000000 0.000000 1.000000
0.687827 0.125609 0.714924 -0.525417 0.647601 0.338704 -0.682563 -0.032447 -0.327884 0.932470 0.151626 0.009491 0.000000 0.000000 0.000000 1.000000
0.682556 0.129404 0.719286 -0.525417 0.650629 0.340671 -0.678693 -0.032447 -0.332866 0.931234 0.148333 0.009491 0.000000 0.000000 0.000000 1.000000
0.676976 0.133238 0.723845 -0.525417 0.653794 0.342813 -0.674561 -0.032447 -0.338021 0.929906 0.144966 0.009491 0.000000 0.000000 0.000000 1.000000
0.671247 0.137154 0.728434 -0.525417 0.656886 0.345222 -0.670315 -0.032447 -0.343408 0.928444 0.141635 0.009491 0.000000 0.000000 0.000000 1.000000
0.665318 0.141093 0.733107 -0.525417 0.659967 0.347891 -0.665895 -0.032447 -0.348995 0.926856 0.138341 0.009491 0.000000 0.000000 0.000000 1.000000
0.659205 0.145035 0.737844 -0.525417 0.663006 0.350850 -0.661307 -0.032447 -0.354786 0.925131 0.135123 0.009491 0.000000 0.000000 0.000000 1.000000
0.652914 0.148956 0.742641 -0.525417 0.665983 0.354133 -0.656549 -0.032447 -0.360792 0.923255 0.132016 0.009491 0.000000 0.000000 0.000000 1.000000
0.646454 0.152758 0.747504 -0.525417 0.668874 0.357842 -0.651580 -0.032447 -0.367023 0.921201 0.129153 0.009491 0.000000 0.000000 0.000000 1.000000
0.639839 0.156665 0.752371 -0.525417 0.671640 0.361815 -0.646521 -0.032447 -0.373507 0.918991 0.126281 0.009491 0.000000 0.000000 0.000000 1.000000
0.633009 0.160163 0.757395 -0.525417 0.674338 0.366445 -0.641082 -0.032447 -0.380222 0.916550 0.123959 0.009491 0.000000 0.000000 0.000000 1.000000
0.625349 0.164624 0.762783 -0.525417 0.676655 0.372490 -0.635129 -0.032447 -0.388687 0.913317 0.121543 0.009491 0.000000 0.000000 0.000000 1.000000
0.615822 0.169875 0.769354 -0.525417 0.678833 0.381270 -0.627550 -0.032447 -0.399937 0.908721 0.119477 0.009491 0.000000 0.000000 0.000000 1.000000
0.604519 0.175767 0.776958 -0.525417 0.680990 0.392011 -0.618531 -0.032447 -0.413294 0.903013 0.117282 0.009491 0.000000 0.000000 0.000000 1.000000
0.591708 0.181583 0.785436 -0.525417 0.683285 0.404051 -0.608164 -0.032447 -0.427790 0.896531 0.115007 0.009491 0.000000 0.000000 0.000000 1.000000
0.577719 0.187754 0.794348 -0.525417 0.685982 0.415718 -0.597165 -0.032447 -0.442347 0.889901 0.111372 0.009491 0.000000 0.000000 0.000000 1.000000
0.563104 0.193887 0.803319 -0.525417 0.689106 0.426372 -0.585952 -0.032447 -0.456123 0.883523 0.106483 0.009491 0.000000 0.000000 0.000000 1.000000
0.547930 0.199906 0.812287 -0.525417 0.693295 0.434842 -0.574678 -0.032447 -0.468099 0.878036 0.099670 0.009491 0.000000 0.000000 0.000000 1.000000
0.532269 0.205800 0.821180 -0.525417 0.698915 0.440535 -0.563424 -0.032447 -0.477712 0.873827 0.090647 0.009491 0.000000 0.000000 0.000000 1.000000
0.516410 0.211646 0.829775 -0.525417 0.705689 0.443730 -0.552364 -0.032447 -0.485103 0.870809 0.079790 0.009491 0.000000 0.000000 0.000000 1.000000
0.500489 0.217502 0.837976 -0.525417 0.713403 0.444755 -0.541525 -0.032447 -0.490477 0.868841 0.067428 0.009491 0.000000 0.000000 0.000000 1.000000
0.484699 0.223462 0.845654 -0.525417 0.721718 0.444033 -0.530997 -0.032447 -0.494157 0.867696 0.053946 0.009491 0.000000 0.000000 0.000000 1.000000
0.469042 0.229502 0.852836 -0.525417 0.730533 0.441835 -0.520677 -0.032447 -0.496310 0.867242 0.039580 0.009491 0.000000 0.000000 0.000000 1.000000
0.453703 0.235659 0.859429 -0.525417 0.739537 0.438535 -0.510658 -0.032447 -0.497232 0.867266 0.024686 0.009491 0.000000 0.000000 0.000000 1.000000
0.438874 0.241681 0.865436 -0.525417 0.748777 0.434056 -0.500928 -0.032447 -0.496713 0.867862 0.009531 0.009491 0.000000 0.000000 0.000000 1.000000
0.424499 0.248129 0.870765 -0.525417 0.757359 0.429732 -0.491668 -0.032447 -0.496194 0.868194 -0.005502 0.009491 0.000000 0.000000 0.000000 1.000000
0.411035 0.254295 0.875433 -0.525417 0.765729 0.424793 -0.482919 -0.032447 -0.494683 0.868840 -0.020116 0.009491 0.000000 0.000000 0.000000 1.000000
0.398682 0.260273 0.879380 -0.525417 0.773400 0.419895 -0.474912 -0.032447 -0.492855 0.869451 -0.033891 0.009491 0.000000 0.000000 0.000000 1.000000
0.387545 0.265818 0.882694 -0.525417 0.780368 0.415141 -0.467636 -0.032447 -0.490750 0.870055 -0.046550 0.009491 0.000000 0.000000 0.000000 1.000000
0.378043 0.270787 0.885301 -0.525417 0.786283 0.410893 -0.461440 -0.032447 -0.488717 0.870540 -0.057580 0.009491 0.000000 0.000000 0.000000 1.000000
0.370388 0.274902 0.887266 -0.525417 0.791073 0.407287 -0.456422 -0.032447 -0.486845 0.870944 -0.066613 0.009491 0.000000 0.000000 0.000000 1.000000
0.364959 0.277940 0.888569 -0.525417 0.794485 0.404599 -0.452872 -0.032447 -0.485386 0.871233 -0.073158 0.009491 0.000000 0.000000 0.000000 1.000000
0.360960 0.280172 0.889500 -0.525417 0.797057 0.402493 -0.450222 -0.032447 -0.484159 0.871493 -0.078029 0.009491 0.000000 0.000000 0.000000 1.000000
0.357578 0.282143 0.890243 -0.525417 0.799200 0.400712 -0.448005 -0.032447 -0.483134 0.871678 -0.082203 0.009491 0.000000 0.000000 0.000000 1.000000
0.354643 0.283808 0.890888 -0.525417 0.801092 0.399120 -0.446044 -0.032447 -0.482163 0.871868 -0.085811 0.009491 0.000000 0.000000 0.000000 1.000000
0.352256 0.285270 0.891368 -0.525417 0.802554 0.397903 -0.444501 -0.032447 -0.481481 0.871948 -0.088780 0.009491 0.000000 0.000000 0.000000 1.000000
0.350329 0.286197 0.891830 -0.525417 0.803806 0.396911 -0.443124 -0.032447 -0.480799 0.872096 -0.090997 0.009491 0.000000 0.000000 0.000000 1.000000
0.348938 0.287505 0.891954 -0.525417 0.804689 0.395913 -0.442414 -0.032447 -0.480333 0.872119 -0.093203 0.009491 0.000000 0.000000 0.000000 1.000000
0.347545 0.287788 0.892407 -0.525417 0.805569 0.395426 -0.441245 -0.032447 -0.479867 0.872247 -0.094405 0.009491 0.000000 0.000000 0.000000 1.000000
0.346788 0.288642 0.892426 -0.525417 0.805867 0.395143 -0.440954 -0.032447 -0.479914 0.872093 -0.095576 0.009491 0.000000 0.000000 0.000000 1.000000
0.346030 0.289496 0.892443 -0.525417 0.806165 0.394860 -0.440663 -0.032447 -0.479962 0.871938 -0.096748 0.009491 0.000000 0.000000 0.000000 1.000000
0.345272 0.288744 0.892980 -0.525417 0.806462 0.395371 -0.439661 -0.032447 -0.480009 0.871956 -0.096350 0.009491 0.000000 0.000000 0.000000 1.000000
0.345305 0.288379 0.893085 -0.525417 0.806419 0.395597 -0.439535 -0.032447 -0.480056 0.871974 -0.095953 0.009491 0.000000 0.000000 0.000000 1.000000
0.345339 0.288015 0.893190 -0.525417 0.806377 0.395823 -0.439409 -0.032447 -0.480103 0.871992 -0.095556 0.009491 0.000000 0.000000 0.000000 1.000000
0.345372 0.287651 0.893294 -0.525417 0.806335 0.396050 -0.439283 -0.032447 -0.480150 0.872009 -0.095158 0.009491 0.000000 0.000000 0.000000 1.000000
0.345405 0.287286 0.893399 -0.525417 0.806292 0.396276 -0.439156 -0.032447 -0.480197 0.872026 -0.094761 0.009491 0.000000 0.000000 0.000000 1.000000
0.345438 0.286922 0.893503 -0.525417 0.806250 0.396502 -0.439030 -0.032447 -0.480244 0.872044 -0.094364 0.009491 0.000000 0.000000 0.000000 1.000000
0.347745 0.287675 0.892365 -0.525417 0.805230 0.395919 -0.441422 -0.032447 -0.480291 0.872060 -0.093966 0.009491 0.000000 0.000000 0.000000 1.000000
0.350698 0.285769 0.891822 -0.525417 0.803313 0.397684 -0.443323 -0.032447 -0.481353 0.871884 -0.090095 0.009491 0.000000 0.000000 0.000000 1.000000
0.353907 0.283733 0.891204 -0.525417 0.801216 0.399600 -0.445392 -0.032447 -0.482498 0.871673 -0.085910 0.009491 0.000000 0.000000 0.000000 1.000000
0.356829 0.281908 0.890618 -0.525417 0.799280 0.401365 -0.447278 -0.032447 -0.483555 0.871454 -0.082105 0.009491 0.000000 0.000000 0.000000 1.000000
0.358973 0.281415 0.889912 -0.525417 0.797962 0.402043 -0.449019 -0.032447 -0.484144 0.871301 -0.080236 0.009491 0.000000 0.000000 0.000000 1.000000
0.358843 0.279778 0.890480 -0.525417 0.797663 0.403523 -0.448222 -0.032447 -0.484733 0.871144 -0.078367 0.009491 0.000000 0.000000 0.000000 1.000000
0.358761 0.281035 0.890118 -0.525417 0.797471 0.403310 -0.448756 -0.032447 -0.485110 0.870838 -0.079425 0.009491 0.000000 0.000000 0.000000 1.000000
0.353430 0.285725 0.890757 -0.525417 0.799619 0.401906 -0.446186 -0.032447 -0.485487 0.869961 -0.086425 0.009491 0.000000 0.000000 0.000000 1.000000
0.339211 0.298276 0.892170 -0.525417 0.805527 0.397736 -0.439242 -0.032447 -0.485864 0.867661 -0.105353 0.009491 0.000000 0.000000 0.000000 1.000000
0.311132 0.323111 0.893754 -0.525417 0.816475 0.390418 -0.425374 -0.032447 -0.486382 0.862074 -0.142341 0.009491 0.000000 0.000000 0.000000 1.000000
0.257302 0.371785 0.891948 -0.525417 0.836469 0.376481 -0.398223 -0.032447 -0.483856 0.848549 -0.214117 0.009491 0.000000 0.000000 0.000000 1.000000
0.180329 0.442706 0.878346 -0.525417 0.863760 0.355908 -0.356719 -0.032447 -0.470533 0.823006 -0.318211 0.009491 0.000000 0.000000 0.000000 1.000000
0.105190 0.512421 0.852267 -0.525417 0.894299 0.326081 -0.306433 -0.032447 -0.434932 0.794414 -0.423958 0.009491 0.000000 0.000000 0.000000 1.000000
0.053861 0.565667 0.822872 -0.525417 0.927336 0.277289 -0.251315 -0.032447 -0.370335 0.776614 -0.509629 0.009491 0.000000 0.000000 0.000000 1.000000
0.022225 0.599806 0.799836 -0.525417 0.958645 0.214270 -0.187321 -0.032447 -0.283737 0.770921 -0.570239 0.009491 0.000000 0.000000 0.000000 1.000000
