<?xml version="1.0" encoding="utf-8"?>
<COLLADA xmlns="http://www.collada.org/2005/11/COLLADASchema" version="1.4.1">
  <asset><contributor><author></author><authoring_tool>FBX COLLADA exporter</authoring_tool><comments></comments></contributor><created>2023-08-28T21:48:55Z</created><keywords></keywords><modified>2023-08-28T21:48:55Z</modified><revision></revision><subject></subject><title></title><unit meter="0.010000" name="centimeter"></unit><up_axis>Y_UP</up_axis></asset>
  <library_animations>
    <animation id="Character-anim" name="Character"><animation><source id="Character-Matrix-animation-input"><float_array id="Character-Matrix-animation-input-array" count="15">

0.000000 0.033333 0.066667 0.100000 0.133333 0.166667 0.200000 0.233333 0.266667 0.300000 0.333333 0.366667 0.400000 0.433333 0.466667</float_array><technique_common><accessor source="#Character-Matrix-animation-input-array" count="15"><param name="TIME" type="float"/></accessor></technique_common></source><source id="Character-Matrix-animation-output-transform"><float_array id="Character-Matrix-animation-output-transform-array" count="240">

1.000000 0.000000 0.000000 0.000000 0.000000 1.000000 -0.000000 0.000000 0.000000 0.000000 1.000000 0.000000 0.000000 0.000000 0.000000 1.000000
1.000000 0.000000 0.000000 0.000000 0.000000 1.000000 -0.000000 0.000000 0.000000 0.000000 1.000000 0.000000 0.000000 0.000000 0.000000 1.000000
1.000000 0.000000 0.000000 0.000000 0.000000 1.000000 -0.000000 0.000000 0.000000 0.000000 1.000000 0.000000 0.000000 0.000000 0.000000 1.000000
1.000000 0.000000 0.000000 0.000000 0.000000 1.000000 -0.000000 0.000000 0.000000 0.000000 1.000000 0.000000 0.000000 0.000000 0.000000 1.000000
1.000000 0.000000 0.000000 0.000000 0.000000 1.000000 -0.000000 0.000000 0.000000 0.000000 1.000000 0.000000 0.000000 0.000000 0.000000 1.000000
1.000000 0.000000 0.000000 0.000000 0.000000 1.000000 -0.000000 0.000000 0.000000 0.000000 1.000000 0.000000 0.000000 0.000000 0.000000 1.000000
1.000000 0.000000 0.000000 0.000000 0.000000 1.000000 -0.000000 0.000000 0.000000 0.000000 1.000000 0.000000 0.000000 0.000000 0.000000 1.000000
1.000000 0.000000 0.000000 0.000000 0.000000 1.000000 -0.000000 0.000000 0.000000 0.000000 1.000000 0.000000 0.000000 0.000000 0.000000 1.000000
1.000000 0.000000 0.000000 0.000000 0.000000 1.000000 -0.000000 0.000000 0.000000 0.000000 1.000000 0.000000 0.000000 0.000000 0.000000 1.000000
1.000000 0.000000 0.000000 0.000000 0.000000 1.000000 -0.000000 0.000000 0.000000 0.000000 1.000000 0.000000 0.000000 0.000000 0.000000 1.000000
1.000000 0.000000 0.000000 0.000000 0.000000 1.000000 -0.000000 0.000000 0.000000 0.000000 1.000000 0.000000 0.000000 0.000000 0.000000 1.000000
1.000000 0.000000 0.000000 0.000000 0.000000 1.000000 -0.000000 0.000000 0.000000 0.000000 1.000000 0.000000 0.000000 0.000000 0.000000 1.000000
1.000000 0.000000 0.000000 0.000000 0.000000 1.000000 -0.000000 0.000000 0.000000 0.000000 1.000000 0.000000 0.000000 0.000000 0.000000 1.000000
1.000000 0.000000 0.000000 0.000000 0.000000 1.000000 -0.000000 0.000000 0.000000 0.000000 1.000000 0.000000 0.000000 0.000000 0.000000 1.000000
1.000000 0.000000 0.000000 0.000000 0.000000 1.000000 -0.000000 0.000000 0.000000 0.000000 1.000000 0.000000 0.000000 0.000000 0.000000 1.000000</float_array><technique_common><accessor source="#Character-Matrix-animation-output-transform-array" count="15" stride="16"><param type="float4x4"/></accessor></technique_common></source><source id="Character-Interpolations"><Name_array id="Character-Interpolations-array" count="15">
 LINEAR LINEAR LINEAR LINEAR LINEAR LINEAR LINEAR LINEAR LINEAR LINEAR LINEAR
LINEAR LINEAR LINEAR LINEAR</Name_array><technique_common><accessor source="#Character-Interpolations-array" count="15"><param type="name"/></accessor></technique_common></source><sampler id="Character-Matrix-animation-transform"><input semantic="INPUT" source="#Character-Matrix-animation-input"/><input semantic="OUTPUT" source="#Character-Matrix-animation-output-transform"/><input semantic="INTERPOLATION" source="#Character-Interpolations"/></sampler><channel source="#Character-Matrix-animation-transform" target="Character/matrix"/></animation></animation>
    <animation id="HIK_root_jnt-anim" name="HIK_root_jnt"><animation><source id="HIK_root_jnt-Matrix-animation-input"><float_array id="HIK_root_jnt-Matrix-animation-input-array" count="15">

0.000000 0.033333 0.066667 0.100000 0.133333 0.166667 0.200000 0.233333 0.266667 0.300000 0.333333 0.366667 0.400000 0.433333 0.466667</float_array><technique_common><accessor source="#HIK_root_jnt-Matrix-animation-input-array" count="15"><param name="TIME" type="float"/></accessor></technique_common></source><source id="HIK_root_jnt-Matrix-animation-output-transform"><float_array id="HIK_root_jnt-Matrix-animation-output-transform-array" count="240">

1.000000 0.000000 0.000000 0.000000 0.000000 1.000000 -0.000000 0.000000 0.000000 0.000000 1.000000 0.000000 0.000000 0.000000 0.000000 1.000000
1.000000 0.000000 0.000000 0.000000 0.000000 1.000000 -0.000000 0.000000 0.000000 0.000000 1.000000 0.000000 0.000000 0.000000 0.000000 1.000000
1.000000 0.000000 0.000000 0.000000 0.000000 1.000000 -0.000000 0.000000 0.000000 0.000000 1.000000 0.000000 0.000000 0.000000 0.000000 1.000000
1.000000 0.000000 0.000000 0.000000 0.000000 1.000000 -0.000000 0.000000 0.000000 0.000000 1.000000 0.000000 0.000000 0.000000 0.000000 1.000000
1.000000 0.000000 0.000000 0.000000 0.000000 1.000000 -0.000000 0.000000 0.000000 0.000000 1.000000 0.000000 0.000000 0.000000 0.000000 1.000000
1.000000 0.000000 0.000000 0.000000 0.000000 1.000000 -0.000000 0.000000 0.000000 0.000000 1.000000 0.000000 0.000000 0.000000 0.000000 1.000000
1.000000 0.000000 0.000000 0.000000 0.000000 1.000000 -0.000000 0.000000 0.000000 0.000000 1.000000 0.000000 0.000000 0.000000 0.000000 1.000000
1.000000 0.000000 0.000000 0.000000 0.000000 1.000000 -0.000000 0.000000 0.000000 0.000000 1.000000 0.000000 0.000000 0.000000 0.000000 1.000000
1.000000 0.000000 0.000000 0.000000 0.000000 1.000000 -0.000000 0.000000 0.000000 0.000000 1.000000 0.000000 0.000000 0.000000 0.000000 1.000000
1.000000 0.000000 0.000000 0.000000 0.000000 1.000000 -0.000000 0.000000 0.000000 0.000000 1.000000 0.000000 0.000000 0.000000 0.000000 1.000000
1.000000 0.000000 0.000000 0.000000 0.000000 1.000000 -0.000000 0.000000 0.000000 0.000000 1.000000 0.000000 0.000000 0.000000 0.000000 1.000000
1.000000 0.000000 0.000000 0.000000 0.000000 1.000000 -0.000000 0.000000 0.000000 0.000000 1.000000 0.000000 0.000000 0.000000 0.000000 1.000000
1.000000 0.000000 0.000000 0.000000 0.000000 1.000000 -0.000000 0.000000 0.000000 0.000000 1.000000 0.000000 0.000000 0.000000 0.000000 1.000000
1.000000 0.000000 0.000000 0.000000 0.000000 1.000000 -0.000000 0.000000 0.000000 0.000000 1.000000 0.000000 0.000000 0.000000 0.000000 1.000000
1.000000 0.000000 0.000000 0.000000 0.000000 1.000000 -0.000000 0.000000 0.000000 0.000000 1.000000 0.000000 0.000000 0.000000 0.000000 1.000000</float_array><technique_common><accessor source="#HIK_root_jnt-Matrix-animation-output-transform-array" count="15" stride="16"><param type="float4x4"/></accessor></technique_common></source><source id="HIK_root_jnt-Interpolations"><Name_array id="HIK_root_jnt-Interpolations-array" count="15">
 LINEAR LINEAR LINEAR LINEAR LINEAR LINEAR LINEAR LINEAR LINEAR LINEAR LINEAR
LINEAR LINEAR LINEAR LINEAR</Name_array><technique_common><accessor source="#HIK_root_jnt-Interpolations-array" count="15"><param type="name"/></accessor></technique_common></source><sampler id="HIK_root_jnt-Matrix-animation-transform"><input semantic="INPUT" source="#HIK_root_jnt-Matrix-animation-input"/><input semantic="OUTPUT" source="#HIK_root_jnt-Matrix-animation-output-transform"/><input semantic="INTERPOLATION" source="#HIK_root_jnt-Interpolations"/></sampler><channel source="#HIK_root_jnt-Matrix-animation-transform" target="HIK_root_jnt/matrix"/></animation></animation>
    <animation id="root_jnt-anim" name="root_jnt"><animation><source id="root_jnt-Matrix-animation-input"><float_array id="root_jnt-Matrix-animation-input-array" count="15">

0.000000 0.033333 0.066667 0.100000 0.133333 0.166667 0.200000 0.233333 0.266667 0.300000 0.333333 0.366667 0.400000 0.433333 0.466667</float_array><technique_common><accessor source="#root_jnt-Matrix-animation-input-array" count="15"><param name="TIME" type="float"/></accessor></technique_common></source><source id="root_jnt-Matrix-animation-output-transform"><float_array id="root_jnt-Matrix-animation-output-transform-array" count="240">

1.000000 0.000000 0.000000 0.000000 0.000000 1.000000 -0.000000 0.000000 0.000000 0.000000 1.000000 0.000000 0.000000 0.000000 0.000000 1.000000
1.000000 0.000000 0.000000 0.000000 0.000000 1.000000 -0.000000 0.000000 0.000000 0.000000 1.000000 0.000000 0.000000 0.000000 0.000000 1.000000
1.000000 0.000000 0.000000 0.000000 0.000000 1.000000 -0.000000 0.000000 0.000000 0.000000 1.000000 0.000000 0.000000 0.000000 0.000000 1.000000
1.000000 0.000000 0.000000 0.000000 0.000000 1.000000 -0.000000 0.000000 0.000000 0.000000 1.000000 0.000000 0.000000 0.000000 0.000000 1.000000
1.000000 0.000000 0.000000 0.000000 0.000000 1.000000 -0.000000 0.000000 0.000000 0.000000 1.000000 0.000000 0.000000 0.000000 0.000000 1.000000
1.000000 0.000000 0.000000 0.000000 0.000000 1.000000 -0.000000 0.000000 0.000000 0.000000 1.000000 0.000000 0.000000 0.000000 0.000000 1.000000
1.000000 0.000000 0.000000 0.000000 0.000000 1.000000 -0.000000 0.000000 0.000000 0.000000 1.000000 0.000000 0.000000 0.000000 0.000000 1.000000
1.000000 0.000000 0.000000 0.000000 0.000000 1.000000 -0.000000 0.000000 0.000000 0.000000 1.000000 0.000000 0.000000 0.000000 0.000000 1.000000
1.000000 0.000000 0.000000 0.000000 0.000000 1.000000 -0.000000 0.000000 0.000000 0.000000 1.000000 0.000000 0.000000 0.000000 0.000000 1.000000
1.000000 0.000000 0.000000 0.000000 0.000000 1.000000 -0.000000 0.000000 0.000000 0.000000 1.000000 0.000000 0.000000 0.000000 0.000000 1.000000
1.000000 0.000000 0.000000 0.000000 0.000000 1.000000 -0.000000 0.000000 0.000000 0.000000 1.000000 0.000000 0.000000 0.000000 0.000000 1.000000
1.000000 0.000000 0.000000 0.000000 0.000000 1.000000 -0.000000 0.000000 0.000000 0.000000 1.000000 0.000000 0.000000 0.000000 0.000000 1.000000
1.000000 0.000000 0.000000 0.000000 0.000000 1.000000 -0.000000 0.000000 0.000000 0.000000 1.000000 0.000000 0.000000 0.000000 0.000000 1.000000
1.000000 0.000000 0.000000 0.000000 0.000000 1.000000 -0.000000 0.000000 0.000000 0.000000 1.000000 0.000000 0.000000 0.000000 0.000000 1.000000
1.000000 0.000000 0.000000 0.000000 0.000000 1.000000 -0.000000 0.000000 0.000000 0.000000 1.000000 0.000000 0.000000 0.000000 0.000000 1.000000</float_array><technique_common><accessor source="#root_jnt-Matrix-animation-output-transform-array" count="15" stride="16"><param type="float4x4"/></accessor></technique_common></source><source id="root_jnt-Interpolations"><Name_array id="root_jnt-Interpolations-array" count="15">
 LINEAR LINEAR LINEAR LINEAR LINEAR LINEAR LINEAR LINEAR LINEAR LINEAR LINEAR
LINEAR LINEAR LINEAR LINEAR</Name_array><technique_common><accessor source="#root_jnt-Interpolations-array" count="15"><param type="name"/></accessor></technique_common></source><sampler id="root_jnt-Matrix-animation-transform"><input semantic="INPUT" source="#root_jnt-Matrix-animation-input"/><input semantic="OUTPUT" source="#root_jnt-Matrix-animation-output-transform"/><input semantic="INTERPOLATION" source="#root_jnt-Interpolations"/></sampler><channel source="#root_jnt-Matrix-animation-transform" target="root_jnt/matrix"/></animation></animation>
    <animation id="jnt_hips-anim" name="jnt_hips"><animation><source id="jnt_hips-Matrix-animation-input"><float_array id="jnt_hips-Matrix-animation-input-array" count="15">

0.000000 0.033333 0.066667 0.100000 0.133333 0.166667 0.200000 0.233333 0.266667 0.300000 0.333333 0.366667 0.400000 0.433333 0.466667</float_array><technique_common><accessor source="#jnt_hips-Matrix-animation-input-array" count="15"><param name="TIME" type="float"/></accessor></technique_common></source><source id="jnt_hips-Matrix-animation-output-transform"><float_array id="jnt_hips-Matrix-animation-output-transform-array" count="240">

0.999994 -0.003455 -0.000837 0.000000 0.003452 0.999985 -0.004219 2.061423 0.000852 0.004216 0.999991 -0.094053 0.000000 0.000000 0.000000 1.000000
0.999994 -0.003455 -0.000837 0.000000 0.003452 0.999985 -0.004219 2.061423 0.000852 0.004216 0.999991 -0.094053 0.000000 0.000000 0.000000 1.000000
0.999993 -0.003508 -0.000850 0.000000 0.003505 0.999985 -0.004219 2.061423 0.000865 0.004216 0.999991 -0.094053 0.000000 0.000000 0.000000 1.000000
0.999992 -0.003886 -0.000942 0.000000 0.003882 0.999984 -0.004226 2.061423 0.000958 0.004222 0.999991 -0.094053 0.000000 0.000000 0.000000 1.000000
0.999989 -0.004520 -0.001096 0.000000 0.004516 0.999981 -0.004238 2.061423 0.001115 0.004233 0.999990 -0.094053 0.000000 0.000000 0.000000 1.000000
0.999985 -0.005282 -0.001280 0.000000 0.005277 0.999977 -0.004255 2.061423 0.001303 0.004248 0.999990 -0.094053 0.000000 0.000000 0.000000 1.000000
0.999981 -0.006045 -0.001465 0.000000 0.006039 0.999973 -0.004276 2.061423 0.001491 0.004267 0.999990 -0.094053 0.000000 0.000000 0.000000 1.000000
0.999976 -0.006680 -0.001619 0.000000 0.006673 0.999969 -0.004295 2.061423 0.001647 0.004285 0.999989 -0.094053 0.000000 0.000000 0.000000 1.000000
0.999974 -0.007058 -0.001711 0.000000 0.007051 0.999966 -0.004308 2.061423 0.001741 0.004296 0.999989 -0.094053 0.000000 0.000000 0.000000 1.000000
0.999974 -0.006992 -0.001695 0.000000 0.006985 0.999966 -0.004277 2.061423 0.001725 0.004265 0.999989 -0.094053 0.000000 0.000000 0.000000 1.000000
0.999980 -0.006150 -0.001492 0.000000 0.006144 0.999973 -0.004043 2.061423 0.001517 0.004034 0.999991 -0.094053 0.000000 0.000000 0.000000 1.000000
0.999988 -0.004765 -0.001158 0.000000 0.004760 0.999982 -0.003668 2.061423 0.001175 0.003662 0.999993 -0.094053 0.000000 0.000000 0.000000 1.000000
0.999995 -0.003146 -0.000766 0.000000 0.003144 0.999990 -0.003242 2.061423 0.000776 0.003240 0.999994 -0.094053 0.000000 0.000000 0.000000 1.000000
0.999999 -0.001606 -0.000391 0.000000 0.001605 0.999995 -0.002850 2.061423 0.000396 0.002850 0.999996 -0.094053 0.000000 0.000000 0.000000 1.000000
1.000000 -0.000453 -0.000111 0.000000 0.000453 0.999997 -0.002566 2.061423 0.000112 0.002566 0.999997 -0.094053 0.000000 0.000000 0.000000 1.000000</float_array><technique_common><accessor source="#jnt_hips-Matrix-animation-output-transform-array" count="15" stride="16"><param type="float4x4"/></accessor></technique_common></source><source id="jnt_hips-Interpolations"><Name_array id="jnt_hips-Interpolations-array" count="15">
 LINEAR LINEAR LINEAR LINEAR LINEAR LINEAR LINEAR LINEAR LINEAR LINEAR LINEAR
LINEAR LINEAR LINEAR LINEAR</Name_array><technique_common><accessor source="#jnt_hips-Interpolations-array" count="15"><param type="name"/></accessor></technique_common></source><sampler id="jnt_hips-Matrix-animation-transform"><input semantic="INPUT" source="#jnt_hips-Matrix-animation-input"/><input semantic="OUTPUT" source="#jnt_hips-Matrix-animation-output-transform"/><input semantic="INTERPOLATION" source="#jnt_hips-Interpolations"/></sampler><channel source="#jnt_hips-Matrix-animation-transform" target="jnt_hips/matrix"/></animation></animation>
    <animation id="jnt_height-anim" name="jnt_height"><animation><source id="jnt_height-Matrix-animation-input"><float_array id="jnt_height-Matrix-animation-input-array" count="15">

0.000000 0.033333 0.066667 0.100000 0.133333 0.166667 0.200000 0.233333 0.266667 0.300000 0.333333 0.366667 0.400000 0.433333 0.466667</float_array><technique_common><accessor source="#jnt_height-Matrix-animation-input-array" count="15"><param name="TIME" type="float"/></accessor></technique_common></source><source id="jnt_height-Matrix-animation-output-transform"><float_array id="jnt_height-Matrix-animation-output-transform-array" count="240">

0.999994 -0.003455 -0.000838 -0.000000 0.003451 0.999985 -0.004219 0.000000 0.000852 0.004216 0.999991 0.000000 0.000000 0.000000 0.000000 1.000000
0.999994 -0.003455 -0.000838 -0.000000 0.003451 0.999985 -0.004219 0.000000 0.000852 0.004216 0.999991 0.000000 0.000000 0.000000 0.000000 1.000000
0.999993 -0.003508 -0.000850 -0.000000 0.003505 0.999985 -0.004219 -0.000000 0.000865 0.004216 0.999991 0.000000 0.000000 0.000000 0.000000 1.000000
0.999992 -0.003886 -0.000942 0.000000 0.003882 0.999983 -0.004226 0.000000 0.000959 0.004222 0.999991 0.000000 0.000000 0.000000 0.000000 1.000000
0.999989 -0.004520 -0.001096 0.000000 0.004516 0.999981 -0.004238 -0.000000 0.001115 0.004233 0.999990 0.000000 0.000000 0.000000 0.000000 1.000000
0.999985 -0.005282 -0.001281 0.000000 0.005277 0.999977 -0.004255 0.000000 0.001303 0.004248 0.999990 -0.000000 0.000000 0.000000 0.000000 1.000000
0.999981 -0.006045 -0.001466 -0.000000 0.006038 0.999973 -0.004276 -0.000000 0.001491 0.004267 0.999990 0.000000 0.000000 0.000000 0.000000 1.000000
0.999976 -0.006679 -0.001620 0.000000 0.006672 0.999968 -0.004296 0.000000 0.001648 0.004285 0.999989 0.000000 0.000000 0.000000 0.000000 1.000000
0.999974 -0.007058 -0.001711 0.000000 0.007051 0.999966 -0.004308 0.000000 0.001742 0.004296 0.999989 -0.000000 0.000000 0.000000 0.000000 1.000000
0.999974 -0.006992 -0.001696 -0.000000 0.006984 0.999966 -0.004277 -0.000000 0.001725 0.004265 0.999989 -0.000000 0.000000 0.000000 0.000000 1.000000
0.999980 -0.006150 -0.001493 -0.000000 0.006144 0.999973 -0.004043 -0.000000 0.001517 0.004034 0.999991 -0.000000 0.000000 0.000000 0.000000 1.000000
0.999988 -0.004765 -0.001158 0.000000 0.004760 0.999982 -0.003668 -0.000000 0.001175 0.003662 0.999993 0.000000 0.000000 0.000000 0.000000 1.000000
0.999995 -0.003146 -0.000766 -0.000000 0.003144 0.999990 -0.003242 0.000000 0.000776 0.003240 0.999994 -0.000000 0.000000 0.000000 0.000000 1.000000
0.999999 -0.001606 -0.000391 0.000000 0.001604 0.999994 -0.002850 0.000000 0.000396 0.002850 0.999996 0.000000 0.000000 0.000000 0.000000 1.000000
1.000000 -0.000453 -0.000111 -0.000000 0.000453 0.999996 -0.002566 -0.000000 0.000112 0.002566 0.999997 0.000000 0.000000 0.000000 0.000000 1.000000</float_array><technique_common><accessor source="#jnt_height-Matrix-animation-output-transform-array" count="15" stride="16"><param type="float4x4"/></accessor></technique_common></source><source id="jnt_height-Interpolations"><Name_array id="jnt_height-Interpolations-array" count="15">
 LINEAR LINEAR LINEAR LINEAR LINEAR LINEAR LINEAR LINEAR LINEAR LINEAR LINEAR
LINEAR LINEAR LINEAR LINEAR</Name_array><technique_common><accessor source="#jnt_height-Interpolations-array" count="15"><param type="name"/></accessor></technique_common></source><sampler id="jnt_height-Matrix-animation-transform"><input semantic="INPUT" source="#jnt_height-Matrix-animation-input"/><input semantic="OUTPUT" source="#jnt_height-Matrix-animation-output-transform"/><input semantic="INTERPOLATION" source="#jnt_height-Interpolations"/></sampler><channel source="#jnt_height-Matrix-animation-transform" target="jnt_height/matrix"/></animation></animation>
    <animation id="jnt_spine1-anim" name="jnt_spine1"><animation><source id="jnt_spine1-Matrix-animation-input"><float_array id="jnt_spine1-Matrix-animation-input-array" count="15">

0.000000 0.033333 0.066667 0.100000 0.133333 0.166667 0.200000 0.233333 0.266667 0.300000 0.333333 0.366667 0.400000 0.433333 0.466667</float_array><technique_common><accessor source="#jnt_spine1-Matrix-animation-input-array" count="15"><param name="TIME" type="float"/></accessor></technique_common></source><source id="jnt_spine1-Matrix-animation-output-transform"><float_array id="jnt_spine1-Matrix-animation-output-transform-array" count="240">

-0.002856 -0.000741 0.999996 -0.000000 0.999900 -0.013866 0.002845 0.212132 0.013864 0.999904 0.000780 0.023482 0.000000 0.000000 0.000000 1.000000
-0.002856 -0.000741 0.999996 -0.000000 0.999900 -0.013866 0.002845 0.212132 0.013864 0.999904 0.000780 0.023482 0.000000 0.000000 0.000000 1.000000
-0.002900 -0.000752 0.999996 0.000000 0.999900 -0.013871 0.002889 0.212132 0.013869 0.999904 0.000792 0.023482 0.000000 0.000000 0.000000 1.000000
-0.003213 -0.000833 0.999995 -0.000000 0.999898 -0.013907 0.003201 0.212132 0.013904 0.999903 0.000878 0.023482 0.000000 0.000000 0.000000 1.000000
-0.003737 -0.000969 0.999993 0.000000 0.999895 -0.013967 0.003723 0.212132 0.013963 0.999902 0.001021 0.023482 0.000000 0.000000 0.000000 1.000000
-0.004367 -0.001133 0.999990 -0.000000 0.999892 -0.014039 0.004350 0.212132 0.014034 0.999901 0.001194 0.023482 0.000000 0.000000 0.000000 1.000000
-0.004997 -0.001296 0.999987 0.000000 0.999888 -0.014112 0.004978 0.212132 0.014106 0.999900 0.001366 0.023482 0.000000 0.000000 0.000000 1.000000
-0.005521 -0.001432 0.999984 -0.000000 0.999885 -0.014174 0.005500 0.212132 0.014165 0.999899 0.001510 0.023482 0.000000 0.000000 0.000000 1.000000
-0.005834 -0.001513 0.999982 -0.000000 0.999882 -0.014210 0.005812 0.212132 0.014201 0.999898 0.001596 0.023482 0.000000 0.000000 0.000000 1.000000
-0.005779 -0.001499 0.999983 -0.000000 0.999883 -0.014197 0.005758 0.212132 0.014188 0.999898 0.001581 0.023482 0.000000 0.000000 0.000000 1.000000
-0.005085 -0.001319 0.999987 0.000000 0.999888 -0.014070 0.005066 0.212132 0.014063 0.999900 0.001391 0.023482 0.000000 0.000000 0.000000 1.000000
-0.003941 -0.001023 0.999992 0.000000 0.999896 -0.013862 0.003927 0.212132 0.013858 0.999904 0.001078 0.023482 0.000000 0.000000 0.000000 1.000000
-0.002603 -0.000676 0.999997 0.000000 0.999904 -0.013620 0.002594 0.212132 0.013618 0.999907 0.000712 0.023482 0.000000 0.000000 0.000000 1.000000
-0.001329 -0.000345 0.999999 0.000000 0.999909 -0.013391 0.001324 0.212132 0.013391 0.999911 0.000363 0.023482 0.000000 0.000000 0.000000 1.000000
-0.000375 -0.000098 1.000000 0.000000 0.999912 -0.013221 0.000374 0.212132 0.013221 0.999913 0.000103 0.023482 0.000000 0.000000 0.000000 1.000000</float_array><technique_common><accessor source="#jnt_spine1-Matrix-animation-output-transform-array" count="15" stride="16"><param type="float4x4"/></accessor></technique_common></source><source id="jnt_spine1-Interpolations"><Name_array id="jnt_spine1-Interpolations-array" count="15">
 LINEAR LINEAR LINEAR LINEAR LINEAR LINEAR LINEAR LINEAR LINEAR LINEAR LINEAR
LINEAR LINEAR LINEAR LINEAR</Name_array><technique_common><accessor source="#jnt_spine1-Interpolations-array" count="15"><param type="name"/></accessor></technique_common></source><sampler id="jnt_spine1-Matrix-animation-transform"><input semantic="INPUT" source="#jnt_spine1-Matrix-animation-input"/><input semantic="OUTPUT" source="#jnt_spine1-Matrix-animation-output-transform"/><input semantic="INTERPOLATION" source="#jnt_spine1-Interpolations"/></sampler><channel source="#jnt_spine1-Matrix-animation-transform" target="jnt_spine1/matrix"/></animation></animation>
    <animation id="jnt_spine2-anim" name="jnt_spine2"><animation><source id="jnt_spine2-Matrix-animation-input"><float_array id="jnt_spine2-Matrix-animation-input-array" count="15">

0.000000 0.033333 0.066667 0.100000 0.133333 0.166667 0.200000 0.233333 0.266667 0.300000 0.333333 0.366667 0.400000 0.433333 0.466667</float_array><technique_common><accessor source="#jnt_spine2-Matrix-animation-input-array" count="15"><param name="TIME" type="float"/></accessor></technique_common></source><source id="jnt_spine2-Matrix-animation-output-transform"><float_array id="jnt_spine2-Matrix-animation-output-transform-array" count="240">

0.998443 0.055764 0.001650 0.426848 -0.055765 0.998444 0.000739 0.000003 -0.001606 -0.000830 0.999998 -0.000000 0.000000 0.000000 0.000000 1.000000
0.998443 0.055764 0.001650 0.426848 -0.055765 0.998444 0.000739 0.000003 -0.001606 -0.000830 0.999998 -0.000000 0.000000 0.000000 0.000000 1.000000
0.998444 0.055744 0.001676 0.426848 -0.055745 0.998444 0.000750 0.000003 -0.001631 -0.000842 0.999998 -0.000000 0.000000 0.000000 0.000000 1.000000
0.998451 0.055603 0.001856 0.426848 -0.055605 0.998452 0.000831 0.000003 -0.001807 -0.000933 0.999998 -0.000000 0.000000 0.000000 0.000000 1.000000
0.998463 0.055372 0.002159 0.426848 -0.055374 0.998465 0.000967 0.000003 -0.002102 -0.001085 0.999997 -0.000000 0.000000 0.000000 0.000000 1.000000
0.998478 0.055102 0.002523 0.426848 -0.055105 0.998480 0.001131 0.000003 -0.002457 -0.001268 0.999996 -0.000000 0.000000 0.000000 0.000000 1.000000
0.998491 0.054841 0.002886 0.426848 -0.054845 0.998494 0.001294 0.000003 -0.002811 -0.001451 0.999995 0.000000 0.000000 0.000000 0.000000 1.000000
0.998502 0.054630 0.003189 0.426848 -0.054634 0.998505 0.001431 0.000003 -0.003106 -0.001603 0.999994 -0.000000 0.000000 0.000000 0.000000 1.000000
0.998508 0.054507 0.003369 0.426848 -0.054512 0.998512 0.001512 0.000003 -0.003282 -0.001693 0.999993 -0.000000 0.000000 0.000000 0.000000 1.000000
0.998510 0.054463 0.003338 0.426848 -0.054468 0.998514 0.001498 0.000003 -0.003251 -0.001677 0.999993 -0.000000 0.000000 0.000000 0.000000 1.000000
0.998521 0.054281 0.002938 0.426848 -0.054285 0.998524 0.001318 0.000003 -0.002862 -0.001476 0.999995 -0.000000 0.000000 0.000000 0.000000 1.000000
0.998538 0.054004 0.002278 0.426848 -0.054006 0.998540 0.001022 0.000003 -0.002219 -0.001144 0.999997 -0.000000 0.000000 0.000000 0.000000 1.000000
0.998555 0.053717 0.001505 0.426848 -0.053718 0.998556 0.000676 0.000003 -0.001467 -0.000756 0.999999 -0.000000 0.000000 0.000000 0.000000 1.000000
0.998569 0.053480 0.000769 0.426848 -0.053480 0.998569 0.000345 0.000003 -0.000749 -0.000386 1.000000 -0.000000 0.000000 0.000000 0.000000 1.000000
0.998577 0.053326 0.000217 0.426848 -0.053326 0.998577 0.000097 0.000003 -0.000211 -0.000109 1.000000 -0.000000 0.000000 0.000000 0.000000 1.000000</float_array><technique_common><accessor source="#jnt_spine2-Matrix-animation-output-transform-array" count="15" stride="16"><param type="float4x4"/></accessor></technique_common></source><source id="jnt_spine2-Interpolations"><Name_array id="jnt_spine2-Interpolations-array" count="15">
 LINEAR LINEAR LINEAR LINEAR LINEAR LINEAR LINEAR LINEAR LINEAR LINEAR LINEAR
LINEAR LINEAR LINEAR LINEAR</Name_array><technique_common><accessor source="#jnt_spine2-Interpolations-array" count="15"><param type="name"/></accessor></technique_common></source><sampler id="jnt_spine2-Matrix-animation-transform"><input semantic="INPUT" source="#jnt_spine2-Matrix-animation-input"/><input semantic="OUTPUT" source="#jnt_spine2-Matrix-animation-output-transform"/><input semantic="INTERPOLATION" source="#jnt_spine2-Interpolations"/></sampler><channel source="#jnt_spine2-Matrix-animation-transform" target="jnt_spine2/matrix"/></animation></animation>
    <animation id="jnt_spine3-anim" name="jnt_spine3"><animation><source id="jnt_spine3-Matrix-animation-input"><float_array id="jnt_spine3-Matrix-animation-input-array" count="15">

0.000000 0.033333 0.066667 0.100000 0.133333 0.166667 0.200000 0.233333 0.266667 0.300000 0.333333 0.366667 0.400000 0.433333 0.466667</float_array><technique_common><accessor source="#jnt_spine3-Matrix-animation-input-array" count="15"><param name="TIME" type="float"/></accessor></technique_common></source><source id="jnt_spine3-Matrix-animation-output-transform"><float_array id="jnt_spine3-Matrix-animation-output-transform-array" count="240">

0.996980 0.077660 0.000057 0.555067 -0.077660 0.996979 0.000825 0.000000 0.000007 -0.000827 0.999999 -0.000000 0.000000 0.000000 0.000000 1.000000
0.996980 0.077660 0.000057 0.555067 -0.077660 0.996979 0.000825 0.000000 0.000007 -0.000827 0.999999 -0.000000 0.000000 0.000000 0.000000 1.000000
0.996983 0.077617 0.000058 0.555067 -0.077617 0.996983 0.000837 0.000000 0.000007 -0.000839 1.000000 -0.000000 0.000000 0.000000 0.000000 1.000000
0.997007 0.077308 0.000064 0.555067 -0.077308 0.997007 0.000928 0.000000 0.000008 -0.000930 1.000000 -0.000000 0.000000 0.000000 0.000000 1.000000
0.997046 0.076804 0.000074 0.555067 -0.076805 0.997045 0.001079 0.000000 0.000009 -0.001082 0.999999 -0.000000 0.000000 0.000000 0.000000 1.000000
0.997091 0.076219 0.000086 0.555067 -0.076220 0.997090 0.001261 0.000000 0.000010 -0.001264 0.999999 0.000000 0.000000 0.000000 0.000000 1.000000
0.997134 0.075658 0.000098 0.555067 -0.075658 0.997133 0.001443 0.000000 0.000011 -0.001446 0.999999 -0.000000 0.000000 0.000000 0.000000 1.000000
0.997168 0.075207 0.000108 0.555067 -0.075207 0.997167 0.001595 0.000000 0.000012 -0.001598 0.999999 -0.000000 0.000000 0.000000 0.000000 1.000000
0.997187 0.074946 0.000114 0.555068 -0.074946 0.997186 0.001685 0.000000 0.000013 -0.001689 0.999999 -0.000000 0.000000 0.000000 0.000000 1.000000
0.997197 0.074816 0.000113 0.555067 -0.074816 0.997196 0.001669 0.000000 0.000012 -0.001673 0.999999 -0.000000 0.000000 0.000000 0.000000 1.000000
0.997246 0.074165 0.000099 0.555068 -0.074165 0.997245 0.001469 0.000000 0.000010 -0.001472 0.999999 -0.000000 0.000000 0.000000 0.000000 1.000000
0.997320 0.073156 0.000076 0.555067 -0.073156 0.997320 0.001139 0.000000 0.000007 -0.001142 0.999999 -0.000000 0.000000 0.000000 0.000000 1.000000
0.997399 0.072073 0.000050 0.555067 -0.072073 0.997399 0.000753 0.000000 0.000004 -0.000755 1.000000 -0.000000 0.000000 0.000000 0.000000 1.000000
0.997467 0.071137 0.000025 0.555067 -0.071137 0.997466 0.000384 0.000000 0.000002 -0.000385 1.000000 -0.000000 0.000000 0.000000 0.000000 1.000000
0.997512 0.070499 0.000007 0.555067 -0.070499 0.997512 0.000109 0.000000 0.000001 -0.000109 1.000000 -0.000000 0.000000 0.000000 0.000000 1.000000</float_array><technique_common><accessor source="#jnt_spine3-Matrix-animation-output-transform-array" count="15" stride="16"><param type="float4x4"/></accessor></technique_common></source><source id="jnt_spine3-Interpolations"><Name_array id="jnt_spine3-Interpolations-array" count="15">
 LINEAR LINEAR LINEAR LINEAR LINEAR LINEAR LINEAR LINEAR LINEAR LINEAR LINEAR
LINEAR LINEAR LINEAR LINEAR</Name_array><technique_common><accessor source="#jnt_spine3-Interpolations-array" count="15"><param type="name"/></accessor></technique_common></source><sampler id="jnt_spine3-Matrix-animation-transform"><input semantic="INPUT" source="#jnt_spine3-Matrix-animation-input"/><input semantic="OUTPUT" source="#jnt_spine3-Matrix-animation-output-transform"/><input semantic="INTERPOLATION" source="#jnt_spine3-Interpolations"/></sampler><channel source="#jnt_spine3-Matrix-animation-transform" target="jnt_spine3/matrix"/></animation></animation>
    <animation id="jnt_neck-anim" name="jnt_neck"><animation><source id="jnt_neck-Matrix-animation-input"><float_array id="jnt_neck-Matrix-animation-input-array" count="15">

0.000000 0.033333 0.066667 0.100000 0.133333 0.166667 0.200000 0.233333 0.266667 0.300000 0.333333 0.366667 0.400000 0.433333 0.466667</float_array><technique_common><accessor source="#jnt_neck-Matrix-animation-input-array" count="15"><param name="TIME" type="float"/></accessor></technique_common></source><source id="jnt_neck-Matrix-animation-output-transform"><float_array id="jnt_neck-Matrix-animation-output-transform-array" count="240">

0.998610 -0.027057 -0.045229 0.867450 0.027033 0.999634 -0.001129 0.171573 0.045243 -0.000095 0.998976 -0.000000 0.000000 0.000000 0.000000 1.000000
0.998610 -0.027057 -0.045229 0.867450 0.027033 0.999634 -0.001129 0.171573 0.045243 -0.000095 0.998976 -0.000000 0.000000 0.000000 0.000000 1.000000
0.998616 -0.027198 -0.045014 0.867450 0.027157 0.999630 -0.001510 0.171573 0.045038 0.000286 0.998985 -0.000000 0.000000 0.000000 0.000000 1.000000
0.998656 -0.028195 -0.043482 0.867450 0.028038 0.999598 -0.004215 0.171573 0.043584 0.002990 0.999045 -0.000000 0.000000 0.000000 0.000000 1.000000
0.998716 -0.029877 -0.040908 0.867450 0.029543 0.999525 -0.008744 0.171573 0.041150 0.007524 0.999124 -0.000000 0.000000 0.000000 0.000000 1.000000
0.998776 -0.031914 -0.037802 0.867450 0.031398 0.999407 -0.014178 0.171573 0.038232 0.012973 0.999185 -0.000000 0.000000 0.000000 0.000000 1.000000
0.998821 -0.033969 -0.034682 0.867451 0.033303 0.999253 -0.019601 0.171573 0.035322 0.018423 0.999206 -0.000000 0.000000 0.000000 0.000000 1.000000
0.998848 -0.035691 -0.032076 0.867450 0.034926 0.999099 -0.024106 0.171572 0.032907 0.022958 0.999195 -0.000000 0.000000 0.000000 0.000000 1.000000
0.998859 -0.036725 -0.030516 0.867450 0.035911 0.998995 -0.026790 0.171572 0.031469 0.025664 0.999175 -0.000000 0.000000 0.000000 0.000000 1.000000
0.998879 -0.036789 -0.029790 0.867449 0.035997 0.998995 -0.026708 0.171573 0.030743 0.025606 0.999199 -0.000000 0.000000 0.000000 0.000000 1.000000
0.998998 -0.036249 -0.026227 0.867449 0.035636 0.999089 -0.023482 0.171573 0.027054 0.022524 0.999380 -0.000000 0.000000 0.000000 0.000000 1.000000
0.999163 -0.035508 -0.020345 0.867450 0.035139 0.999218 -0.018179 0.171573 0.020975 0.017448 0.999628 -0.000000 0.000000 0.000000 0.000000 1.000000
0.999302 -0.034875 -0.013452 0.867451 0.034714 0.999326 -0.011995 0.171572 0.013861 0.011519 0.999838 -0.000000 0.000000 0.000000 0.000000 1.000000
0.999381 -0.034505 -0.006871 0.867450 0.034463 0.999388 -0.006117 0.171573 0.007078 0.005876 0.999958 -0.000000 0.000000 0.000000 0.000000 1.000000
0.999407 -0.034379 -0.001941 0.867449 0.034376 0.999407 -0.001726 0.171573 0.001999 0.001658 0.999996 -0.000000 0.000000 0.000000 0.000000 1.000000</float_array><technique_common><accessor source="#jnt_neck-Matrix-animation-output-transform-array" count="15" stride="16"><param type="float4x4"/></accessor></technique_common></source><source id="jnt_neck-Interpolations"><Name_array id="jnt_neck-Interpolations-array" count="15">
 LINEAR LINEAR LINEAR LINEAR LINEAR LINEAR LINEAR LINEAR LINEAR LINEAR LINEAR
LINEAR LINEAR LINEAR LINEAR</Name_array><technique_common><accessor source="#jnt_neck-Interpolations-array" count="15"><param type="name"/></accessor></technique_common></source><sampler id="jnt_neck-Matrix-animation-transform"><input semantic="INPUT" source="#jnt_neck-Matrix-animation-input"/><input semantic="OUTPUT" source="#jnt_neck-Matrix-animation-output-transform"/><input semantic="INTERPOLATION" source="#jnt_neck-Interpolations"/></sampler><channel source="#jnt_neck-Matrix-animation-transform" target="jnt_neck/matrix"/></animation></animation>
    <animation id="jnt_head-anim" name="jnt_head"><animation><source id="jnt_head-Matrix-animation-input"><float_array id="jnt_head-Matrix-animation-input-array" count="15">

0.000000 0.033333 0.066667 0.100000 0.133333 0.166667 0.200000 0.233333 0.266667 0.300000 0.333333 0.366667 0.400000 0.433333 0.466667</float_array><technique_common><accessor source="#jnt_head-Matrix-animation-input-array" count="15"><param name="TIME" type="float"/></accessor></technique_common></source><source id="jnt_head-Matrix-animation-output-transform"><float_array id="jnt_head-Matrix-animation-output-transform-array" count="240">

0.999307 -0.033109 0.017012 0.273591 0.033240 0.999420 -0.007465 0.000002 -0.016755 0.008025 0.999827 -0.000000 0.000000 0.000000 0.000000 1.000000
0.999307 -0.033109 0.017012 0.273591 0.033240 0.999420 -0.007465 0.000002 -0.016755 0.008025 0.999827 -0.000000 0.000000 0.000000 0.000000 1.000000
0.999310 -0.033053 0.016911 0.273592 0.033183 0.999422 -0.007420 0.000002 -0.016656 0.007976 0.999829 -0.000000 0.000000 0.000000 0.000000 1.000000
0.999335 -0.032663 0.016194 0.273590 0.032781 0.999437 -0.007105 0.000001 -0.015953 0.007631 0.999843 0.000000 0.000000 0.000000 0.000000 1.000000
0.999375 -0.032013 0.014985 0.273591 0.032115 0.999463 -0.006576 0.000002 -0.014767 0.007054 0.999866 0.000000 0.000000 0.000000 0.000000 1.000000
0.999420 -0.031241 0.013522 0.273592 0.031324 0.999492 -0.005941 0.000001 -0.013329 0.006361 0.999891 -0.000000 0.000000 0.000000 0.000000 1.000000
0.999463 -0.030478 0.012046 0.273591 0.030544 0.999519 -0.005305 0.000002 -0.011879 0.005670 0.999913 -0.000000 0.000000 0.000000 0.000000 1.000000
0.999496 -0.029851 0.010809 0.273591 0.029904 0.999541 -0.004775 0.000001 -0.010662 0.005096 0.999930 -0.000000 0.000000 0.000000 0.000000 1.000000
0.999514 -0.029479 0.010068 0.273590 0.029525 0.999554 -0.004460 0.000002 -0.009932 0.004755 0.999939 -0.000000 0.000000 0.000000 0.000000 1.000000
0.999518 -0.029458 0.009797 0.273591 0.029502 0.999555 -0.004341 0.000002 -0.009665 0.004628 0.999942 0.000000 0.000000 0.000000 0.000000 1.000000
0.999522 -0.029669 0.008628 0.273590 0.029703 0.999552 -0.003821 0.000001 -0.008510 0.004075 0.999955 -0.000000 0.000000 0.000000 0.000000 1.000000
0.999529 -0.029960 0.006695 0.273591 0.029980 0.999546 -0.002963 0.000002 -0.006604 0.003163 0.999973 -0.000000 0.000000 0.000000 0.000000 1.000000
0.999534 -0.030210 0.004428 0.273591 0.030218 0.999542 -0.001959 0.000002 -0.004367 0.002092 0.999988 -0.000000 0.000000 0.000000 0.000000 1.000000
0.999536 -0.030358 0.002262 0.273591 0.030360 0.999539 -0.001000 0.000002 -0.002231 0.001069 0.999997 -0.000000 0.000000 0.000000 0.000000 1.000000
0.999538 -0.030410 0.000638 0.273591 0.030410 0.999537 -0.000282 0.000002 -0.000630 0.000302 1.000000 -0.000000 0.000000 0.000000 0.000000 1.000000</float_array><technique_common><accessor source="#jnt_head-Matrix-animation-output-transform-array" count="15" stride="16"><param type="float4x4"/></accessor></technique_common></source><source id="jnt_head-Interpolations"><Name_array id="jnt_head-Interpolations-array" count="15">
 LINEAR LINEAR LINEAR LINEAR LINEAR LINEAR LINEAR LINEAR LINEAR LINEAR LINEAR
LINEAR LINEAR LINEAR LINEAR</Name_array><technique_common><accessor source="#jnt_head-Interpolations-array" count="15"><param type="name"/></accessor></technique_common></source><sampler id="jnt_head-Matrix-animation-transform"><input semantic="INPUT" source="#jnt_head-Matrix-animation-input"/><input semantic="OUTPUT" source="#jnt_head-Matrix-animation-output-transform"/><input semantic="INTERPOLATION" source="#jnt_head-Interpolations"/></sampler><channel source="#jnt_head-Matrix-animation-transform" target="jnt_head/matrix"/></animation></animation>
    <animation id="jnt_headappend-anim" name="jnt_headappend"><animation><source id="jnt_headappend-Matrix-animation-input"><float_array id="jnt_headappend-Matrix-animation-input-array" count="15">

0.000000 0.033333 0.066667 0.100000 0.133333 0.166667 0.200000 0.233333 0.266667 0.300000 0.333333 0.366667 0.400000 0.433333 0.466667</float_array><technique_common><accessor source="#jnt_headappend-Matrix-animation-input-array" count="15"><param name="TIME" type="float"/></accessor></technique_common></source><source id="jnt_headappend-Matrix-animation-output-transform"><float_array id="jnt_headappend-Matrix-animation-output-transform-array" count="240">

1.000000 0.000000 -0.000000 0.000000 -0.000000 1.000000 0.000000 -0.000000 0.000000 -0.000000 1.000000 0.000000 0.000000 0.000000 0.000000 1.000000
1.000000 0.000000 -0.000000 0.000000 -0.000000 1.000000 0.000000 -0.000000 0.000000 -0.000000 1.000000 0.000000 0.000000 0.000000 0.000000 1.000000
1.000000 0.000000 -0.000000 0.000000 -0.000000 1.000000 -0.000000 -0.000000 0.000000 0.000000 1.000000 -0.000000 0.000000 0.000000 0.000000 1.000000
1.000000 0.000000 -0.000000 -0.000000 -0.000000 1.000000 0.000000 0.000000 0.000000 0.000000 1.000000 0.000000 0.000000 0.000000 0.000000 1.000000
1.000000 0.000000 -0.000000 0.000000 -0.000000 1.000000 0.000000 0.000000 0.000000 -0.000000 1.000000 0.000000 0.000000 0.000000 0.000000 1.000000
1.000000 0.000000 -0.000000 0.000000 -0.000000 1.000000 0.000000 0.000000 0.000000 -0.000000 1.000000 -0.000000 0.000000 0.000000 0.000000 1.000000
1.000000 0.000000 -0.000000 -0.000000 -0.000000 1.000000 0.000000 -0.000000 0.000000 -0.000000 1.000000 -0.000000 0.000000 0.000000 0.000000 1.000000
1.000000 0.000000 -0.000000 -0.000000 -0.000000 1.000000 -0.000000 0.000000 0.000000 0.000000 1.000000 0.000000 0.000000 0.000000 0.000000 1.000000
