<?xml version="1.0"?>
<COLLADA xmlns="http://www.collada.org/2005/11/COLLADASchema" version="1.4.1">
 <asset>
  <contributor>
   <author></author>
   <authoring_tool>FBX COLLADA exporter</authoring_tool>
   <comments></comments>
  </contributor>
  <created>2025-10-21T18:23:16Z</created>
  <keywords></keywords>
  <modified>2025-10-21T18:23:16Z</modified>
  <revision></revision>
  <subject></subject>
  <title></title>
  <unit meter="0.010000" name="centimeter"></unit>
  <up_axis>Y_UP</up_axis>
 </asset>
 <library_animations>
  <animation id="DP Arm Anim-anim" name="DP Arm Anim">
   <animation>
    <source id="DP Arm Anim-Matrix-animation-input">
     <float_array id="DP Arm Anim-Matrix-animation-input-array" count="30">

0.000000 0.033333 0.066667 0.100000 0.133333 0.166667 0.200000 0.233333 0.266667 0.300000 0.333333 0.366667 0.400000 0.433333 0.466667 0.500000
0.533333 0.566667 0.600000 0.633333 0.666667 0.700000 0.733333 0.766667 0.800000 0.833333 0.866667 0.900000 0.933333 0.966667</float_array>
     <technique_common>
      <accessor source="#DP Arm Anim-Matrix-animation-input-array" count="30">
       <param name="TIME" type="float"></param>
      </accessor>
     </technique_common>
    </source>
    <source id="DP Arm Anim-Matrix-animation-output-transform">
     <float_array id="DP Arm Anim-Matrix-animation-output-transform-array" count="480">

1.000000 0.000000 -0.000000 0.000000 -0.000000 1.000000 0.000001 0.000000 0.000000 -0.000001 1.000000 0.000000 0.000000 0.000000 0.000000 1.000000
1.000000 0.000000 -0.000000 0.000000 -0.000000 1.000000 0.000001 0.000000 0.000000 -0.000001 1.000000 0.000000 0.000000 0.000000 0.000000 1.000000
1.000000 0.000000 -0.000000 0.000000 -0.000000 1.000000 0.000001 0.000000 0.000000 -0.000001 1.000000 0.000000 0.000000 0.000000 0.000000 1.000000
1.000000 0.000000 -0.000000 0.000000 -0.000000 1.000000 0.000001 0.000000 0.000000 -0.000001 1.000000 0.000000 0.000000 0.000000 0.000000 1.000000
1.000000 0.000000 -0.000000 0.000000 -0.000000 1.000000 0.000001 0.000000 0.000000 -0.000001 1.000000 0.000000 0.000000 0.000000 0.000000 1.000000
1.000000 0.000000 -0.000000 0.000000 -0.000000 1.000000 0.000001 0.000000 0.000000 -0.000001 1.000000 0.000000 0.000000 0.000000 0.000000 1.000000
1.000000 0.000000 -0.000000 0.000000 -0.000000 1.000000 0.000001 0.000000 0.000000 -0.000001 1.000000 0.000000 0.000000 0.000000 0.000000 1.000000
1.000000 0.000000 -0.000000 0.000000 -0.000000 1.000000 0.000001 0.000000 0.000000 -0.000001 1.000000 0.000000 0.000000 0.000000 0.000000 1.000000
1.000000 0.000000 -0.000000 0.000000 -0.000000 1.000000 0.000001 0.000000 0.000000 -0.000001 1.000000 0.000000 0.000000 0.000000 0.000000 1.000000
1.000000 0.000000 -0.000000 0.000000 -0.000000 1.000000 0.000001 0.000000 0.000000 -0.000001 1.000000 0.000000 0.000000 0.000000 0.000000 1.000000
1.000000 0.000000 -0.000000 0.000000 -0.000000 1.000000 0.000001 0.000000 0.000000 -0.000001 1.000000 0.000000 0.000000 0.000000 0.000000 1.000000
1.000000 0.000000 -0.000000 0.000000 -0.000000 1.000000 0.000001 0.000000 0.000000 -0.000001 1.000000 0.000000 0.000000 0.000000 0.000000 1.000000
1.000000 0.000000 -0.000000 0.000000 -0.000000 1.000000 0.000001 0.000000 0.000000 -0.000001 1.000000 0.000000 0.000000 0.000000 0.000000 1.000000
1.000000 0.000000 -0.000000 0.000000 -0.000000 1.000000 0.000001 0.000000 0.000000 -0.000001 1.000000 0.000000 0.000000 0.000000 0.000000 1.000000
1.000000 0.000000 -0.000000 0.000000 -0.000000 1.000000 0.000001 0.000000 0.000000 -0.000001 1.000000 0.000000 0.000000 0.000000 0.000000 1.000000
1.000000 0.000000 -0.000000 0.000000 -0.000000 1.000000 0.000001 0.000000 0.000000 -0.000001 1.000000 0.000000 0.000000 0.000000 0.000000 1.000000
1.000000 0.000000 -0.000000 0.000000 -0.000000 1.000000 0.000001 0.000000 0.000000 -0.000001 1.000000 0.000000 0.000000 0.000000 0.000000 1.000000
1.000000 0.000000 -0.000000 0.000000 -0.000000 1.000000 0.000001 0.000000 0.000000 -0.000001 1.000000 0.000000 0.000000 0.000000 0.000000 1.000000
1.000000 0.000000 -0.000000 0.000000 -0.000000 1.000000 0.000001 0.000000 0.000000 -0.000001 1.000000 0.000000 0.000000 0.000000 0.000000 1.000000
1.000000 0.000000 -0.000000 0.000000 -0.000000 1.000000 0.000001 0.000000 0.000000 -0.000001 1.000000 0.000000 0.000000 0.000000 0.000000 1.000000
1.000000 0.000000 -0.000000 0.000000 -0.000000 1.000000 0.000001 0.000000 0.000000 -0.000001 1.000000 0.000000 0.000000 0.000000 0.000000 1.000000
1.000000 0.000000 -0.000000 0.000000 -0.000000 1.000000 0.000001 0.000000 0.000000 -0.000001 1.000000 0.000000 0.000000 0.000000 0.000000 1.000000
1.000000 0.000000 -0.000000 0.000000 -0.000000 1.000000 0.000001 0.000000 0.000000 -0.000001 1.000000 0.000000 0.000000 0.000000 0.000000 1.000000
1.000000 0.000000 -0.000000 0.000000 -0.000000 1.000000 0.000001 0.000000 0.000000 -0.000001 1.000000 0.000000 0.000000 0.000000 0.000000 1.000000
1.000000 0.000000 -0.000000 0.000000 -0.000000 1.000000 0.000001 0.000000 0.000000 -0.000001 1.000000 0.000000 0.000000 0.000000 0.000000 1.000000
1.000000 0.000000 -0.000000 0.000000 -0.000000 1.000000 0.000001 0.000000 0.000000 -0.000001 1.000000 0.000000 0.000000 0.000000 0.000000 1.000000
1.000000 0.000000 -0.000000 0.000000 -0.000000 1.000000 0.000001 0.000000 0.000000 -0.000001 1.000000 0.000000 0.000000 0.000000 0.000000 1.000000
1.000000 0.000000 -0.000000 0.000000 -0.000000 1.000000 0.000001 0.000000 0.000000 -0.000001 1.000000 0.000000 0.000000 0.000000 0.000000 1.000000
1.000000 0.000000 -0.000000 0.000000 -0.000000 1.000000 0.000001 0.000000 0.000000 -0.000001 1.000000 0.000000 0.000000 0.000000 0.000000 1.000000
1.000000 0.000000 -0.000000 0.000000 -0.000000 1.000000 0.000001 0.000000 0.000000 -0.000001 1.000000 0.000000 0.000000 0.000000 0.000000 1.000000</float_array>
     <technique_common>
      <accessor source="#DP Arm Anim-Matrix-animation-output-transform-array" count="30" stride="16">
       <param type="float4x4"></param>
      </accessor>
     </technique_common>
    </source>
    <source id="DP Arm Anim-Interpolations">
     <Name_array id="DP Arm Anim-Interpolations-array" count="30">
 LINEAR LINEAR LINEAR LINEAR LINEAR LINEAR LINEAR LINEAR LINEAR LINEAR LINEAR
LINEAR LINEAR LINEAR LINEAR LINEAR LINEAR LINEAR LINEAR LINEAR LINEAR LINEAR LINEAR
LINEAR LINEAR LINEAR LINEAR LINEAR LINEAR LINEAR</Name_array>
     <technique_common>
      <accessor source="#DP Arm Anim-Interpolations-array" count="30">
       <param type="name"></param>
      </accessor>
     </technique_common>
    </source>
    <sampler id="DP Arm Anim-Matrix-animation-transform">
     <input semantic="INPUT" source="#DP Arm Anim-Matrix-animation-input"></input>
     <input semantic="OUTPUT" source="#DP Arm Anim-Matrix-animation-output-transform"></input>
     <input semantic="INTERPOLATION" source="#DP Arm Anim-Interpolations"></input>
    </sampler>
    <channel source="#DP Arm Anim-Matrix-animation-transform" target="DP Arm Anim/matrix"></channel>
   </animation>
  </animation>
  <animation id="jnt_anim-anim" name="jnt_anim">
   <animation>
    <source id="jnt_anim-Matrix-animation-input">
     <float_array id="jnt_anim-Matrix-animation-input-array" count="30">

0.000000 0.033333 0.066667 0.100000 0.133333 0.166667 0.200000 0.233333 0.266667 0.300000 0.333333 0.366667 0.400000 0.433333 0.466667 0.500000
0.533333 0.566667 0.600000 0.633333 0.666667 0.700000 0.733333 0.766667 0.800000 0.833333 0.866667 0.900000 0.933333 0.966667</float_array>
     <technique_common>
      <accessor source="#jnt_anim-Matrix-animation-input-array" count="30">
       <param name="TIME" type="float"></param>
      </accessor>
     </technique_common>
    </source>
    <source id="jnt_anim-Matrix-animation-output-transform">
     <float_array id="jnt_anim-Matrix-animation-output-transform-array" count="480">

1.000000 -0.000000 -0.000000 0.000000 0.000000 1.000000 -0.000000 0.000000 0.000000 0.000000 1.000000 0.000000 0.000000 0.000000 0.000000 1.000000
1.000000 -0.000000 -0.000000 0.000000 0.000000 1.000000 -0.000000 0.000000 0.000000 0.000000 1.000000 0.000000 0.000000 0.000000 0.000000 1.000000
1.000000 -0.000000 -0.000000 0.000000 0.000000 1.000000 -0.000000 0.000000 0.000000 0.000000 1.000000 0.000000 0.000000 0.000000 0.000000 1.000000
1.000000 -0.000000 -0.000000 0.000000 0.000000 1.000000 -0.000000 0.000000 0.000000 0.000000 1.000000 0.000000 0.000000 0.000000 0.000000 1.000000
1.000000 -0.000000 -0.000000 0.000000 0.000000 1.000000 -0.000000 0.000000 0.000000 0.000000 1.000000 0.000000 0.000000 0.000000 0.000000 1.000000
1.000000 -0.000000 -0.000000 0.000000 0.000000 1.000000 -0.000000 0.000000 0.000000 0.000000 1.000000 0.000000 0.000000 0.000000 0.000000 1.000000
1.000000 -0.000000 -0.000000 0.000000 0.000000 1.000000 -0.000000 0.000000 0.000000 0.000000 1.000000 0.000000 0.000000 0.000000 0.000000 1.000000
1.000000 -0.000000 -0.000000 0.000000 0.000000 1.000000 -0.000000 0.000000 0.000000 0.000000 1.000000 0.000000 0.000000 0.000000 0.000000 1.000000
1.000000 -0.000000 -0.000000 0.000000 0.000000 1.000000 -0.000000 0.000000 0.000000 0.000000 1.000000 0.000000 0.000000 0.000000 0.000000 1.000000
1.000000 -0.000000 -0.000000 0.000000 0.000000 1.000000 -0.000000 0.000000 0.000000 0.000000 1.000000 0.000000 0.000000 0.000000 0.000000 1.000000
1.000000 -0.000000 -0.000000 0.000000 0.000000 1.000000 -0.000000 0.000000 0.000000 0.000000 1.000000 0.000000 0.000000 0.000000 0.000000 1.000000
1.000000 -0.000000 -0.000000 0.000000 0.000000 1.000000 -0.000000 0.000000 0.000000 0.000000 1.000000 0.000000 0.000000 0.000000 0.000000 1.000000
1.000000 -0.000000 -0.000000 0.000000 0.000000 1.000000 -0.000000 0.000000 0.000000 0.000000 1.000000 0.000000 0.000000 0.000000 0.000000 1.000000
1.000000 -0.000000 -0.000000 0.000000 0.000000 1.000000 -0.000000 0.000000 0.000000 0.000000 1.000000 0.000000 0.000000 0.000000 0.000000 1.000000
1.000000 -0.000000 -0.000000 0.000000 0.000000 1.000000 -0.000000 0.000000 0.000000 0.000000 1.000000 0.000000 0.000000 0.000000 0.000000 1.000000
1.000000 -0.000000 -0.000000 0.000000 0.000000 1.000000 -0.000000 0.000000 0.000000 0.000000 1.000000 0.000000 0.000000 0.000000 0.000000 1.000000
1.000000 -0.000000 -0.000000 0.000000 0.000000 1.000000 -0.000000 0.000000 0.000000 0.000000 1.000000 0.000000 0.000000 0.000000 0.000000 1.000000
1.000000 -0.000000 -0.000000 0.000000 0.000000 1.000000 -0.000000 0.000000 0.000000 0.000000 1.000000 0.000000 0.000000 0.000000 0.000000 1.000000
1.000000 -0.000000 -0.000000 0.000000 0.000000 1.000000 -0.000000 0.000000 0.000000 0.000000 1.000000 0.000000 0.000000 0.000000 0.000000 1.000000
1.000000 -0.000000 -0.000000 0.000000 0.000000 1.000000 -0.000000 0.000000 0.000000 0.000000 1.000000 0.000000 0.000000 0.000000 0.000000 1.000000
1.000000 -0.000000 -0.000000 0.000000 0.000000 1.000000 -0.000000 0.000000 0.000000 0.000000 1.000000 0.000000 0.000000 0.000000 0.000000 1.000000
1.000000 -0.000000 -0.000000 0.000000 0.000000 1.000000 -0.000000 0.000000 0.000000 0.000000 1.000000 0.000000 0.000000 0.000000 0.000000 1.000000
1.000000 -0.000000 -0.000000 0.000000 0.000000 1.000000 -0.000000 0.000000 0.000000 0.000000 1.000000 0.000000 0.000000 0.000000 0.000000 1.000000
1.000000 -0.000000 -0.000000 0.000000 0.000000 1.000000 -0.000000 0.000000 0.000000 0.000000 1.000000 0.000000 0.000000 0.000000 0.000000 1.000000
1.000000 -0.000000 -0.000000 0.000000 0.000000 1.000000 -0.000000 0.000000 0.000000 0.000000 1.000000 0.000000 0.000000 0.000000 0.000000 1.000000
1.000000 -0.000000 -0.000000 0.000000 0.000000 1.000000 -0.000000 0.000000 0.000000 0.000000 1.000000 0.000000 0.000000 0.000000 0.000000 1.000000
1.000000 -0.000000 -0.000000 0.000000 0.000000 1.000000 -0.000000 0.000000 0.000000 0.000000 1.000000 0.000000 0.000000 0.000000 0.000000 1.000000
1.000000 -0.000000 -0.000000 0.000000 0.000000 1.000000 -0.000000 0.000000 0.000000 0.000000 1.000000 0.000000 0.000000 0.000000 0.000000 1.000000
1.000000 -0.000000 -0.000000 0.000000 0.000000 1.000000 -0.000000 0.000000 0.000000 0.000000 1.000000 0.000000 0.000000 0.000000 0.000000 1.000000
1.000000 -0.000000 -0.000000 0.000000 0.000000 1.000000 -0.000000 0.000000 0.000000 0.000000 1.000000 0.000000 0.000000 0.000000 0.000000 1.000000</float_array>
     <technique_common>
      <accessor source="#jnt_anim-Matrix-animation-output-transform-array" count="30" stride="16">
       <param type="float4x4"></param>
      </accessor>
     </technique_common>
    </source>
    <source id="jnt_anim-Interpolations">
     <Name_array id="jnt_anim-Interpolations-array" count="30">
 LINEAR LINEAR LINEAR LINEAR LINEAR LINEAR LINEAR LINEAR LINEAR LINEAR LINEAR
LINEAR LINEAR LINEAR LINEAR LINEAR LINEAR LINEAR LINEAR LINEAR LINEAR LINEAR LINEAR
LINEAR LINEAR LINEAR LINEAR LINEAR LINEAR LINEAR</Name_array>
     <technique_common>
      <accessor source="#jnt_anim-Interpolations-array" count="30">
       <param type="name"></param>
      </accessor>
     </technique_common>
    </source>
    <sampler id="jnt_anim-Matrix-animation-transform">
     <input semantic="INPUT" source="#jnt_anim-Matrix-animation-input"></input>
     <input semantic="OUTPUT" source="#jnt_anim-Matrix-animation-output-transform"></input>
     <input semantic="INTERPOLATION" source="#jnt_anim-Interpolations"></input>
    </sampler>
    <channel source="#jnt_anim-Matrix-animation-transform" target="jnt_anim/matrix"></channel>
   </animation>
  </animation>
  <animation id="jnt_release-anim" name="jnt_release">
   <animation>
    <source id="jnt_release-Matrix-animation-input">
     <float_array id="jnt_release-Matrix-animation-input-array" count="30">

0.000000 0.033333 0.066667 0.100000 0.133333 0.166667 0.200000 0.233333 0.266667 0.300000 0.333333 0.366667 0.400000 0.433333 0.466667 0.500000
0.533333 0.566667 0.600000 0.633333 0.666667 0.700000 0.733333 0.766667 0.800000 0.833333 0.866667 0.900000 0.933333 0.966667</float_array>
     <technique_common>
      <accessor source="#jnt_release-Matrix-animation-input-array" count="30">
       <param name="TIME" type="float"></param>
      </accessor>
     </technique_common>
    </source>
    <source id="jnt_release-Matrix-animation-output-transform">
     <float_array id="jnt_release-Matrix-animation-output-transform-array" count="480">

1.000000 0.000000 -0.000000 -0.000000 0.000000 1.000000 0.000000 0.300000 0.000000 -0.000000 1.000000 0.300000 0.000000 0.000000 0.000000 1.000000
1.000000 0.000000 -0.000000 -0.000000 0.000000 1.000000 0.000000 0.300000 0.000000 -0.000000 1.000000 0.300000 0.000000 0.000000 0.000000 1.000000
1.000000 0.000000 -0.000000 -0.000000 0.000000 1.000000 0.000000 0.300000 0.000000 -0.000000 1.000000 0.300000 0.000000 0.000000 0.000000 1.000000
1.000000 0.000000 -0.000000 -0.000000 0.000000 1.000000 0.000000 0.300000 0.000000 -0.000000 1.000000 0.300000 0.000000 0.000000 0.000000 1.000000
1.000000 0.000000 -0.000000 -0.000000 0.000000 1.000000 0.000000 0.300000 0.000000 -0.000000 1.000000 0.300000 0.000000 0.000000 0.000000 1.000000
1.000000 0.000000 -0.000000 -0.000000 0.000000 1.000000 0.000000 0.300000 0.000000 -0.000000 1.000000 0.300000 0.000000 0.000000 0.000000 1.000000
1.000000 0.000000 -0.000000 -0.000000 0.000000 1.000000 0.000000 0.300000 0.000000 -0.000000 1.000000 0.300000 0.000000 0.000000 0.000000 1.000000
1.000000 0.000000 -0.000000 -0.000000 0.000000 1.000000 0.000000 0.300000 0.000000 -0.000000 1.000000 0.300000 0.000000 0.000000 0.000000 1.000000
1.000000 0.000000 -0.000000 -0.000000 0.000000 1.000000 0.000000 0.300000 0.000000 -0.000000 1.000000 0.300000 0.000000 0.000000 0.000000 1.000000
1.000000 0.000000 -0.000000 -0.000000 0.000000 1.000000 0.000000 0.300000 0.000000 -0.000000 1.000000 0.300000 0.000000 0.000000 0.000000 1.000000
1.000000 0.000000 -0.000000 -0.000000 0.000000 1.000000 0.000000 0.300000 0.000000 -0.000000 1.000000 0.300000 0.000000 0.000000 0.000000 1.000000
1.000000 0.000000 -0.000000 -0.000000 0.000000 1.000000 0.000000 0.300000 0.000000 -0.000000 1.000000 0.300000 0.000000 0.000000 0.000000 1.000000
1.000000 0.000000 -0.000000 -0.000000 0.000000 1.000000 0.000000 0.300000 0.000000 -0.000000 1.000000 0.300000 0.000000 0.000000 0.000000 1.000000
1.000000 0.000000 -0.000000 -0.000000 0.000000 1.000000 0.000000 0.300000 0.000000 -0.000000 1.000000 0.300000 0.000000 0.000000 0.000000 1.000000
1.000000 0.000000 -0.000000 -0.000000 0.000000 1.000000 0.000000 0.300000 0.000000 -0.000000 1.000000 0.300000 0.000000 0.000000 0.000000 1.000000
1.000000 0.000000 -0.000000 -0.000000 0.000000 1.000000 0.000000 0.300000 0.000000 -0.000000 1.000000 0.300000 0.000000 0.000000 0.000000 1.000000
1.000000 0.000000 -0.000000 -0.000000 0.000000 1.000000 0.000000 0.300000 0.000000 -0.000000 1.000000 0.300000 0.000000 0.000000 0.000000 1.000000
1.000000 0.000000 -0.000000 -0.000000 0.000000 1.000000 0.000000 0.300000 0.000000 -0.000000 1.000000 0.300000 0.000000 0.000000 0.000000 1.000000
1.000000 0.000000 -0.000000 -0.000000 0.000000 1.000000 0.000000 0.300000 0.000000 -0.000000 1.000000 0.300000 0.000000 0.000000 0.000000 1.000000
1.000000 0.000000 -0.000000 -0.000000 0.000000 1.000000 0.000000 0.300000 0.000000 -0.000000 1.000000 0.300000 0.000000 0.000000 0.000000 1.000000
1.000000 0.000000 -0.000000 -0.000000 0.000000 1.000000 0.000000 0.300000 0.000000 -0.000000 1.000000 0.300000 0.000000 0.000000 0.000000 1.000000
1.000000 0.000000 -0.000000 -0.000000 0.000000 1.000000 0.000000 0.300000 0.000000 -0.000000 1.000000 0.300000 0.000000 0.000000 0.000000 1.000000
1.000000 0.000000 -0.000000 -0.000000 0.000000 1.000000 0.000000 0.300000 0.000000 -0.000000 1.000000 0.300000 0.000000 0.000000 0.000000 1.000000
1.000000 0.000000 -0.000000 -0.000000 0.000000 1.000000 0.000000 0.300000 0.000000 -0.000000 1.000000 0.300000 0.000000 0.000000 0.000000 1.000000
1.000000 0.000000 -0.000000 -0.000000 0.000000 1.000000 0.000000 0.300000 0.000000 -0.000000 1.000000 0.300000 0.000000 0.000000 0.000000 1.000000
1.000000 0.000000 -0.000000 -0.000000 0.000000 1.000000 0.000000 0.300000 0.000000 -0.000000 1.000000 0.300000 0.000000 0.000000 0.000000 1.000000
1.000000 0.000000 -0.000000 -0.000000 0.000000 1.000000 0.000000 0.300000 0.000000 -0.000000 1.000000 0.300000 0.000000 0.000000 0.000000 1.000000
1.000000 0.000000 -0.000000 -0.000000 0.000000 1.000000 0.000000 0.300000 0.000000 -0.000000 1.000000 0.300000 0.000000 0.000000 0.000000 1.000000
1.000000 0.000000 -0.000000 -0.000000 0.000000 1.000000 0.000000 0.300000 0.000000 -0.000000 1.000000 0.300000 0.000000 0.000000 0.000000 1.000000
1.000000 0.000000 -0.000000 -0.000000 0.000000 1.000000 0.000000 0.300000 0.000000 -0.000000 1.000000 0.300000 0.000000 0.000000 0.000000 1.000000</float_array>
     <technique_common>
      <accessor source="#jnt_release-Matrix-animation-output-transform-array" count="30" stride="16">
       <param type="float4x4"></param>
      </accessor>
     </technique_common>
    </source>
    <source id="jnt_release-Interpolations">
     <Name_array id="jnt_release-Interpolations-array" count="30">
 LINEAR LINEAR LINEAR LINEAR LINEAR LINEAR LINEAR LINEAR LINEAR LINEAR LINEAR
LINEAR LINEAR LINEAR LINEAR LINEAR LINEAR LINEAR LINEAR LINEAR LINEAR LINEAR LINEAR
LINEAR LINEAR LINEAR LINEAR LINEAR LINEAR LINEAR</Name_array>
     <technique_common>
      <accessor source="#jnt_release-Interpolations-array" count="30">
       <param type="name"></param>
      </accessor>
     </technique_common>
    </source>
    <sampler id="jnt_release-Matrix-animation-transform">
     <input semantic="INPUT" source="#jnt_release-Matrix-animation-input"></input>
     <input semantic="OUTPUT" source="#jnt_release-Matrix-animation-output-transform"></input>
     <input semantic="INTERPOLATION" source="#jnt_release-Interpolations"></input>
    </sampler>
    <channel source="#jnt_release-Matrix-animation-transform" target="jnt_release/matrix"></channel>
   </animation>
  </animation>
  <animation id="jnt_trigger-anim" name="jnt_trigger">
   <animation>
    <source id="jnt_trigger-Matrix-animation-input">
     <float_array id="jnt_trigger-Matrix-animation-input-array" count="30">

0.000000 0.033333 0.066667 0.100000 0.133333 0.166667 0.200000 0.233333 0.266667 0.300000 0.333333 0.366667 0.400000 0.433333 0.466667 0.500000
0.533333 0.566667 0.600000 0.633333 0.666667 0.700000 0.733333 0.766667 0.800000 0.833333 0.866667 0.900000 0.933333 0.966667</float_array>
     <technique_common>
      <accessor source="#jnt_trigger-Matrix-animation-input-array" count="30">
       <param name="TIME" type="float"></param>
      </accessor>
     </technique_common>
    </source>
    <source id="jnt_trigger-Matrix-animation-output-transform">
     <float_array id="jnt_trigger-Matrix-animation-output-transform-array" count="480">

0.000000 -0.000000 -1.000000 -0.000000 0.000000 -1.000000 0.000000 0.100000 -1.000000 0.000000 -0.000000 0.200000 0.000000 0.000000 0.000000 1.000000
0.000000 -0.000000 -1.000000 -0.000000 0.000000 -1.000000 0.000000 0.100000 -1.000000 0.000000 -0.000000 0.200000 0.000000 0.000000 0.000000 1.000000
0.000000 -0.000000 -1.000000 -0.000000 0.000000 -1.000000 0.000000 0.100000 -1.000000 0.000000 -0.000000 0.200000 0.000000 0.000000 0.000000 1.000000
0.000000 -0.000000 -1.000000 -0.000000 0.000000 -1.000000 0.000000 0.100000 -1.000000 0.000000 -0.000000 0.200000 0.000000 0.000000 0.000000 1.000000
0.000000 -0.000000 -1.000000 -0.000000 0.000000 -1.000000 0.000000 0.100000 -1.000000 0.000000 -0.000000 0.200000 0.000000 0.000000 0.000000 1.000000
0.000000 -0.000000 -1.000000 -0.000000 0.000000 -1.000000 0.000000 0.100000 -1.000000 0.000000 -0.000000 0.200000 0.000000 0.000000 0.000000 1.000000
0.000000 -0.000000 -1.000000 -0.000000 0.000000 -1.000000 0.000000 0.100000 -1.000000 0.000000 -0.000000 0.200000 0.000000 0.000000 0.000000 1.000000
0.000000 -0.000000 -1.000000 -0.000000 0.000000 -1.000000 0.000000 0.100000 -1.000000 0.000000 -0.000000 0.200000 0.000000 0.000000 0.000000 1.000000
0.000000 -0.000000 -1.000000 -0.000000 0.000000 -1.000000 0.000000 0.100000 -1.000000 0.000000 -0.000000 0.200000 0.000000 0.000000 0.000000 1.000000
0.000000 -0.000000 -1.000000 -0.000000 0.000000 -1.000000 0.000000 0.100000 -1.000000 0.000000 -0.000000 0.200000 0.000000 0.000000 0.000000 1.000000
0.000000 -0.000000 -1.000000 -0.000000 0.000000 -1.000000 0.000000 0.100000 -1.000000 0.000000 -0.000000 0.200000 0.000000 0.000000 0.000000 1.000000
0.000000 -0.000000 -1.000000 -0.000000 0.000000 -1.000000 0.000000 0.100000 -1.000000 0.000000 -0.000000 0.200000 0.000000 0.000000 0.000000 1.000000
0.000000 -0.000000 -1.000000 -0.000000 0.000000 -1.000000 0.000000 0.100000 -1.000000 0.000000 -0.000000 0.200000 0.000000 0.000000 0.000000 1.000000
0.000000 -0.000000 -1.000000 -0.000000 0.000000 -1.000000 0.000000 0.100000 -1.000000 0.000000 -0.000000 0.200000 0.000000 0.000000 0.000000 1.000000
0.000000 -0.000000 -1.000000 -0.000000 0.000000 -1.000000 0.000000 0.100000 -1.000000 0.000000 -0.000000 0.200000 0.000000 0.000000 0.000000 1.000000
0.000000 -0.000000 -1.000000 -0.000000 0.000000 -1.000000 0.000000 0.100000 -1.000000 0.000000 -0.000000 0.200000 0.000000 0.000000 0.000000 1.000000
0.000000 -0.000000 -1.000000 -0.000000 0.000000 -1.000000 0.000000 0.100000 -1.000000 0.000000 -0.000000 0.200000 0.000000 0.000000 0.000000 1.000000
0.000000 -0.000000 -1.000000 -0.000000 0.000000 -1.000000 0.000000 0.100000 -1.000000 0.000000 -0.000000 0.200000 0.000000 0.000000 0.000000 1.000000
0.000000 -0.000000 -1.000000 -0.000000 0.000000 -1.000000 0.000000 0.100000 -1.000000 0.000000 -0.000000 0.200000 0.000000 0.000000 0.000000 1.000000
0.000000 -0.000000 -1.000000 -0.000000 0.000000 -1.000000 0.000000 0.100000 -1.000000 0.000000 -0.000000 0.200000 0.000000 0.000000 0.000000 1.000000
0.000000 -0.000000 -1.000000 -0.000000 0.000000 -1.000000 0.000000 0.100000 -1.000000 0.000000 -0.000000 0.200000 0.000000 0.000000 0.000000 1.000000
0.000000 -0.000000 -1.000000 -0.000000 0.000000 -1.000000 0.000000 0.100000 -1.000000 0.000000 -0.000000 0.200000 0.000000 0.000000 0.000000 1.000000
0.000000 -0.000000 -1.000000 -0.000000 0.000000 -1.000000 0.000000 0.100000 -1.000000 0.000000 -0.000000 0.200000 0.000000 0.000000 0.000000 1.000000
0.000000 -0.000000 -1.000000 -0.000000 0.000000 -1.000000 0.000000 0.100000 -1.000000 0.000000 -0.000000 0.200000 0.000000 0.000000 0.000000 1.000000
0.000000 -0.000000 -1.000000 -0.000000 0.000000 -1.000000 0.000000 0.100000 -1.000000 0.000000 -0.000000 0.200000 0.000000 0.000000 0.000000 1.000000
0.000000 -0.000000 -1.000000 -0.000000 0.000000 -1.000000 0.000000 0.100000 -1.000000 0.000000 -0.000000 0.200000 0.000000 0.000000 0.000000 1.000000
0.000000 -0.000000 -1.000000 -0.000000 0.000000 -1.000000 0.000000 0.100000 -1.000000 0.000000 -0.000000 0.200000 0.000000 0.000000 0.000000 1.000000
0.000000 -0.000000 -1.000000 -0.000000 0.000000 -1.000000 0.000000 0.100000 -1.000000 0.000000 -0.000000 0.200000 0.000000 0.000000 0.000000 1.000000
0.000000 -0.000000 -1.000000 -0.000000 0.000000 -1.000000 0.000000 0.100000 -1.000000 0.000000 -0.000000 0.200000 0.000000 0.000000 0.000000 1.000000
0.000000 -0.000000 -1.000000 -0.000000 0.000000 -1.000000 0.000000 0.100000 -1.000000 0.000000 -0.000000 0.200000 0.000000 0.000000 0.000000 1.000000</float_array>
     <technique_common>
      <accessor source="#jnt_trigger-Matrix-animation-output-transform-array" count="30" stride="16">
       <param type="float4x4"></param>
      </accessor>
     </technique_common>
    </source>
    <source id="jnt_trigger-Interpolations">
     <Name_array id="jnt_trigger-Interpolations-array" count="30">
 LINEAR LINEAR LINEAR LINEAR LINEAR LINEAR LINEAR LINEAR LINEAR LINEAR LINEAR
LINEAR LINEAR LINEAR LINEAR LINEAR LINEAR LINEAR LINEAR LINEAR LINEAR LINEAR LINEAR
LINEAR LINEAR LINEAR LINEAR LINEAR LINEAR LINEAR</Name_array>
     <technique_common>
      <accessor source="#jnt_trigger-Interpolations-array" count="30">
       <param type="name"></param>
      </accessor>
     </technique_common>
    </source>
    <sampler id="jnt_trigger-Matrix-animation-transform">
     <input semantic="INPUT" source="#jnt_trigger-Matrix-animation-input"></input>
     <input semantic="OUTPUT" source="#jnt_trigger-Matrix-animation-output-transform"></input>
     <input semantic="INTERPOLATION" source="#jnt_trigger-Interpolations"></input>
    </sampler>
    <channel source="#jnt_trigger-Matrix-animation-transform" target="jnt_trigger/matrix"></channel>
   </animation>
  </animation>
  <animation id="jnt_bipod_L-anim" name="jnt_bipod_L">
   <animation>
    <source id="jnt_bipod_L-Matrix-animation-input">
     <float_array id="jnt_bipod_L-Matrix-animation-input-array" count="30">

0.000000 0.033333 0.066667 0.100000 0.133333 0.166667 0.200000 0.233333 0.266667 0.300000 0.333333 0.366667 0.400000 0.433333 0.466667 0.500000
0.533333 0.566667 0.600000 0.633333 0.666667 0.700000 0.733333 0.766667 0.800000 0.833333 0.866667 0.900000 0.933333 0.966667</float_array>
     <technique_common>
      <accessor source="#jnt_bipod_L-Matrix-animation-input-array" count="30">
       <param name="TIME" type="float"></param>
      </accessor>
     </technique_common>
    </source>
    <source id="jnt_bipod_L-Matrix-animation-output-transform">
     <float_array id="jnt_bipod_L-Matrix-animation-output-transform-array" count="480">

0.866026 0.500000 0.000000 0.071369 0.500000 -0.866025 0.000000 -0.073924 0.000000 0.000000 -1.000000 2.900903 0.000000 0.000000 0.000000 1.000000
0.866026 0.500000 0.000000 0.071369 0.500000 -0.866025 0.000000 -0.073924 0.000000 0.000000 -1.000000 2.900903 0.000000 0.000000 0.000000 1.000000
0.866026 0.500000 0.000000 0.071369 0.500000 -0.866025 0.000000 -0.073924 0.000000 0.000000 -1.000000 2.900903 0.000000 0.000000 0.000000 1.000000
0.866026 0.500000 0.000000 0.071369 0.500000 -0.866025 0.000000 -0.073924 0.000000 0.000000 -1.000000 2.900903 0.000000 0.000000 0.000000 1.000000
0.866026 0.500000 0.000000 0.071369 0.500000 -0.866025 0.000000 -0.073924 0.000000 0.000000 -1.000000 2.900903 0.000000 0.000000 0.000000 1.000000
0.866026 0.500000 0.000000 0.071369 0.500000 -0.866025 0.000000 -0.073924 0.000000 0.000000 -1.000000 2.900903 0.000000 0.000000 0.000000 1.000000
0.865813 0.499133 0.035128 0.071369 0.500368 -0.863675 -0.060814 -0.073911 -0.000015 0.070230 -0.997531 2.900871 0.000000 0.000000 0.000000 1.000000
0.865338 0.488664 0.111345 0.071368 0.501189 -0.843645 -0.192546 -0.073882 -0.000154 0.222422 -0.974950 2.900800 0.000000 0.000000 0.000000 1.000000
0.864861 0.467833 0.182067 0.071368 0.502012 -0.805661 -0.314474 -0.073853 -0.000437 0.363376 -0.931642 2.900730 0.000000 0.000000 0.000000 1.000000
0.864343 0.437704 0.247642 0.071367 0.502902 -0.751417 -0.427156 -0.073822 -0.000886 0.493749 -0.869604 2.900652 0.000000 0.000000 0.000000 1.000000
0.863494 0.362873 0.350287 0.071367 0.504355 -0.618441 -0.602625 -0.073766 -0.002045 0.697032 -0.717037 2.900513 0.000000 0.000000 0.000000 1.000000
0.862442 0.195566 0.466850 0.071365 0.506135 -0.324521 -0.799070 -0.073670 -0.004768 0.925440 -0.378863 2.900277 0.000000 0.000000 0.000000 1.000000
0.861608 0.036975 0.506225 0.071363 0.507508 -0.046623 -0.860385 -0.073552 -0.008211 0.998228 -0.058936 2.899986 0.000000 0.000000 0.000000 1.000000
0.860942 0.005643 0.508672 0.071362 0.508562 0.014037 -0.860911 -0.073437 -0.011998 0.999886 0.009215 2.899702 0.000000 0.000000 0.000000 1.000000
0.862476 0.007472 0.506043 0.071360 0.505739 0.024931 -0.862327 -0.073349 -0.019059 0.999661 0.017724 2.899486 0.000000 0.000000 0.000000 1.000000
0.863689 0.010409 0.503918 0.071360 0.503496 0.028013 -0.863544 -0.073314 -0.023105 0.999553 0.018954 2.899400 0.000000 0.000000 0.000000 1.000000
0.862235 0.010579 0.506399 0.071360 0.506136 0.020411 -0.862213 -0.073331 -0.019458 0.999736 0.012245 2.899440 0.000000 0.000000 0.000000 1.000000
0.860200 0.010515 0.509849 0.071361 0.509783 0.008441 -0.860262 -0.073375 -0.013349 0.999909 0.001900 2.899550 0.000000 0.000000 0.000000 1.000000
0.860479 0.009400 0.509400 0.071362 0.509370 0.005496 -0.860530 -0.073441 -0.010888 0.999941 -0.000059 2.899712 0.000000 0.000000 0.000000 1.000000
0.861412 0.007847 0.507847 0.071363 0.507827 0.004578 -0.861447 -0.073521 -0.009085 0.999959 -0.000041 2.899909 0.000000 0.000000 0.000000 1.000000
0.862425 0.006149 0.506149 0.071364 0.506136 0.003579 -0.862446 -0.073608 -0.007115 0.999975 -0.000025 2.900125 0.000000 0.000000 0.000000 1.000000
0.863437 0.004438 0.504438 0.071365 0.504432 0.002578 -0.863448 -0.073696 -0.005133 0.999987 -0.000013 2.900342 0.000000 0.000000 0.000000 1.000000
0.864369 0.002850 0.502850 0.071367 0.502847 0.001652 -0.864374 -0.073778 -0.003294 0.999995 -0.000005 2.900543 0.000000 0.000000 0.000000 1.000000
0.865128 0.015887 0.501300 0.071368 0.501549 -0.023936 -0.864798 -0.073846 -0.001740 0.999587 -0.028676 2.900711 0.000000 0.000000 0.000000 1.000000
0.865639 0.113302 0.487680 0.071368 0.500668 -0.194701 -0.843459 -0.073894 -0.000614 0.974297 -0.225268 2.900830 0.000000 0.000000 0.000000 1.000000
0.865896 0.257893 0.428620 0.071369 0.500224 -0.446166 -0.742100 -0.073915 -0.000146 0.856987 -0.515338 2.900882 0.000000 0.000000 0.000000 1.000000
0.865954 0.382227 0.322532 0.071369 0.500125 -0.661749 -0.558537 -0.073919 -0.000053 0.644973 -0.764205 2.900892 0.000000 0.000000 0.000000 1.000000
0.865995 0.458249 0.200154 0.071369 0.500054 -0.793586 -0.346651 -0.073922 -0.000013 0.400286 -0.916390 2.900899 0.000000 0.000000 0.000000 1.000000
0.866017 0.491051 0.094259 0.071369 0.500016 -0.850489 -0.163258 -0.073923 -0.000002 0.188515 -0.982070 2.900902 0.000000 0.000000 0.000000 1.000000
0.866025 0.499395 0.024626 0.071369 0.500002 -0.864973 -0.042654 -0.073924 -0.000000 0.049253 -0.998786 2.900903 0.000000 0.000000 0.000000 1.000000</float_array>
     <technique_common>
      <accessor source="#jnt_bipod_L-Matrix-animation-output-transform-array" count="30" stride="16">
       <param type="float4x4"></param>
      </accessor>
     </technique_common>
    </source>
    <source id="jnt_bipod_L-Interpolations">
     <Name_array id="jnt_bipod_L-Interpolations-array" count="30">
 LINEAR LINEAR LINEAR LINEAR LINEAR LINEAR LINEAR LINEAR LINEAR LINEAR LINEAR
LINEAR LINEAR LINEAR LINEAR LINEAR LINEAR LINEAR LINEAR LINEAR LINEAR LINEAR LINEAR
LINEAR LINEAR LINEAR LINEAR LINEAR LINEAR LINEAR</Name_array>
     <technique_common>
      <accessor source="#jnt_bipod_L-Interpolations-array" count="30">
       <param type="name"></param>
      </accessor>
     </technique_common>
    </source>
    <sampler id="jnt_bipod_L-Matrix-animation-transform">
     <input semantic="INPUT" source="#jnt_bipod_L-Matrix-animation-input"></input>
     <input semantic="OUTPUT" source="#jnt_bipod_L-Matrix-animation-output-transform"></input>
     <input semantic="INTERPOLATION" source="#jnt_bipod_L-Interpolations"></input>
    </sampler>
    <channel source="#jnt_bipod_L-Matrix-animation-transform" target="jnt_bipod_L/matrix"></channel>
   </animation>
  </animation>
  <animation id="jnt_bipod_R-anim" name="jnt_bipod_R">
   <animation>
    <source id="jnt_bipod_R-Matrix-animation-input">
     <float_array id="jnt_bipod_R-Matrix-animation-input-array" count="30">

0.000000 0.033333 0.066667 0.100000 0.133333 0.166667 0.200000 0.233333 0.266667 0.300000 0.333333 0.366667 0.400000 0.433333 0.466667 0.500000
0.533333 0.566667 0.600000 0.633333 0.666667 0.700000 0.733333 0.766667 0.800000 0.833333 0.866667 0.900000 0.933333 0.966667</float_array>
     <technique_common>
      <accessor source="#jnt_bipod_R-Matrix-animation-input-array" count="30">
       <param name="TIME" type="float"></param>
      </accessor>
     </technique_common>
    </source>
    <source id="jnt_bipod_R-Matrix-animation-output-transform">
     <float_array id="jnt_bipod_R-Matrix-animation-output-transform-array" count="480">

0.866026 -0.500000 -0.000000 -0.071369 -0.500000 -0.866025 0.000000 -0.073924 -0.000000 0.000000 -1.000000 2.900903 0.000000 0.000000 0.000000 1.000000
0.866026 -0.500000 -0.000000 -0.071369 -0.500000 -0.866025 0.000000 -0.073924 -0.000000 0.000000 -1.000000 2.900903 0.000000 0.000000 0.000000 1.000000
0.866026 -0.500000 -0.000000 -0.071369 -0.500000 -0.866025 0.000000 -0.073924 -0.000000 0.000000 -1.000000 2.900903 0.000000 0.000000 0.000000 1.000000
0.866026 -0.500000 -0.000000 -0.071369 -0.500000 -0.866025 0.000000 -0.073924 -0.000000 0.000000 -1.000000 2.900903 0.000000 0.000000 0.000000 1.000000
0.866026 -0.500000 -0.000000 -0.071369 -0.500000 -0.866025 0.000000 -0.073924 -0.000000 0.000000 -1.000000 2.900903 0.000000 0.000000 0.000000 1.000000
0.866026 -0.500000 -0.000000 -0.071369 -0.500000 -0.866025 0.000000 -0.073924 -0.000000 0.000000 -1.000000 2.900903 0.000000 0.000000 0.000000 1.000000
0.866024 -0.498808 -0.034547 -0.071369 -0.500003 -0.863934 -0.060126 -0.073924 0.000144 0.069344 -0.997593 2.900903 0.000000 0.000000 0.000000 1.000000
0.866039 -0.487870 -0.109366 -0.071369 -0.499978 -0.844860 -0.190354 -0.073924 0.000469 0.219535 -0.975605 2.900903 0.000000 0.000000 0.000000 1.000000
0.866077 -0.466881 -0.178700 -0.071369 -0.499911 -0.808282 -0.311080 -0.073924 0.000797 0.358753 -0.933432 2.900903 0.000000 0.000000 0.000000 1.000000
0.866142 -0.436665 -0.243149 -0.071369 -0.499797 -0.755607 -0.423392 -0.073924 0.001155 0.488243 -0.872707 2.900903 0.000000 0.000000 0.000000 1.000000
0.866321 -0.361900 -0.344263 -0.071369 -0.499486 -0.625266 -0.599631 -0.073924 0.001750 0.691427 -0.722444 2.900903 0.000000 0.000000 0.000000 1.000000
0.866760 -0.195021 -0.459014 -0.071369 -0.498720 -0.334302 -0.799701 -0.073924 0.002509 0.922068 -0.387020 2.900903 0.000000 0.000000 0.000000 1.000000
0.867329 -0.034490 -0.496539 -0.071369 -0.497726 -0.053844 -0.865662 -0.073924 0.003121 0.997954 -0.063867 2.900903 0.000000 0.000000 0.000000 1.000000
0.867792 0.003756 -0.496914 -0.071369 -0.496912 0.014434 -0.867681 -0.073924 0.003913 0.999889 0.014393 2.900903 0.000000 0.000000 0.000000 1.000000
0.868123 0.009717 -0.496256 -0.071369 -0.496330 0.026237 -0.867738 -0.073924 0.004589 0.999609 0.027599 2.900903 0.000000 0.000000 0.000000 1.000000
0.868251 0.010409 -0.496018 -0.071369 -0.496103 0.028013 -0.867812 -0.073924 0.004862 0.999553 0.029486 2.900903 0.000000 0.000000 0.000000 1.000000
0.868179 0.005357 -0.496223 -0.071369 -0.496229 0.018952 -0.867985 -0.073924 0.004754 0.999806 0.019112 2.900903 0.000000 0.000000 0.000000 1.000000
0.868001 -0.002319 -0.496558 -0.071369 -0.496543 0.004868 -0.867999 -0.073924 0.004430 0.999985 0.003074 2.900903 0.000000 0.000000 0.000000 1.000000
0.867763 -0.003385 -0.496967 -0.071369 -0.496963 0.001946 -0.867770 -0.073924 0.003905 0.999992 0.000007 2.900903 0.000000 0.000000 0.000000 1.000000
0.867477 -0.002824 -0.497470 -0.071369 -0.497467 0.001625 -0.867482 -0.073924 0.003258 0.999995 0.000005 2.900903 0.000000 0.000000 0.000000 1.000000
0.867164 -0.002211 -0.498019 -0.071369 -0.498017 0.001273 -0.867166 -0.073924 0.002551 0.999997 0.000003 2.900903 0.000000 0.000000 0.000000 1.000000
0.866848 -0.001595 -0.498571 -0.071369 -0.498570 0.000919 -0.866849 -0.073924 0.001840 0.999998 0.000001 2.900903 0.000000 0.000000 0.000000 1.000000
0.866554 -0.001023 -0.499083 -0.071369 -0.499083 0.000590 -0.866554 -0.073924 0.001181 0.999999 0.000001 2.900903 0.000000 0.000000 0.000000 1.000000
0.866304 -0.014878 -0.499296 -0.071369 -0.499517 -0.024520 -0.865957 -0.073924 0.000641 0.999589 -0.028674 2.900903 0.000000 0.000000 0.000000 1.000000
0.866123 -0.112827 -0.486931 -0.071369 -0.499832 -0.194976 -0.843891 -0.073924 0.000274 0.974297 -0.225268 2.900903 0.000000 0.000000 0.000000 1.000000
0.866048 -0.257716 -0.428420 -0.071369 -0.499962 -0.446268 -0.742215 -0.073924 0.000091 0.856987 -0.515338 2.900903 0.000000 0.000000 0.000000 1.000000
0.866033 -0.382120 -0.322445 -0.071369 -0.499987 -0.661811 -0.558587 -0.073924 0.000050 0.644973 -0.764205 2.900903 0.000000 0.000000 0.000000 1.000000
0.866027 -0.458200 -0.200125 -0.071369 -0.499998 -0.793614 -0.346668 -0.073924 0.000021 0.400286 -0.916390 2.900903 0.000000 0.000000 0.000000 1.000000
0.866026 -0.491036 -0.094252 -0.071369 -0.500000 -0.850497 -0.163262 -0.073924 0.000006 0.188515 -0.982070 2.900903 0.000000 0.000000 0.000000 1.000000
0.866026 -0.499393 -0.024626 -0.071369 -0.500000 -0.864974 -0.042654 -0.073924 0.000001 0.049253 -0.998786 2.900903 0.000000 0.000000 0.000000 1.000000</float_array>
     <technique_common>
      <accessor source="#jnt_bipod_R-Matrix-animation-output-transform-array" count="30" stride="16">
       <param type="float4x4"></param>
      </accessor>
     </technique_common>
    </source>
    <source id="jnt_bipod_R-Interpolations">
     <Name_array id="jnt_bipod_R-Interpolations-array" count="30">
 LINEAR LINEAR LINEAR LINEAR LINEAR LINEAR LINEAR LINEAR LINEAR LINEAR LINEAR
LINEAR LINEAR LINEAR LINEAR LINEAR LINEAR LINEAR LINEAR LINEAR LINEAR LINEAR LINEAR
LINEAR LINEAR LINEAR LINEAR LINEAR LINEAR LINEAR</Name_array>
     <technique_common>
      <accessor source="#jnt_bipod_R-Interpolations-array" count="30">
       <param type="name"></param>
      </accessor>
     </technique_common>
    </source>
    <sampler id="jnt_bipod_R-Matrix-animation-transform">
     <input semantic="INPUT" source="#jnt_bipod_R-Matrix-animation-input"></input>
     <input semantic="OUTPUT" source="#jnt_bipod_R-Matrix-animation-output-transform"></input>
     <input semantic="INTERPOLATION" source="#jnt_bipod_R-Interpolations"></input>
    </sampler>
    <channel source="#jnt_bipod_R-Matrix-animation-transform" target="jnt_bipod_R/matrix"></channel>
   </animation>
  </animation>
  <animation id="jnt_bolt-anim" name="jnt_bolt">
   <animation>
    <source id="jnt_bolt-Matrix-animation-input">
     <float_array id="jnt_bolt-Matrix-animation-input-array" count="30">

0.000000 0.033333 0.066667 0.100000 0.133333 0.166667 0.200000 0.233333 0.266667 0.300000 0.333333 0.366667 0.400000 0.433333 0.466667 0.500000
