<?xml version="1.0" encoding="utf-8"?>
<COLLADA xmlns="http://www.collada.org/2005/11/COLLADASchema" version="1.4.1">
    <asset>
        <contributor>
            <author></author>
            <authoring_tool>FBX COLLADA exporter</authoring_tool>
            <comments></comments>
        </contributor>
        <created>2022-08-08T20:39:35Z</created>
        <keywords></keywords>
        <modified>2022-08-08T20:39:35Z</modified>
        <revision></revision>
        <subject></subject>
        <title></title>
        <unit meter="0.010000" name="centimeter"></unit>
        <up_axis>Y_UP</up_axis>
    </asset>
    <library_animations>
        <animation id="Armature.001-anim" name="Armature.001">
            <animation>
                <source id="Armature.001-Matrix-animation-input">
                    <float_array id="Armature.001-Matrix-animation-input-array" count="30">

0.000000 0.033333 0.066667 0.100000 0.133333 0.166667 0.200000 0.233333 0.266667 0.300000 0.333333 0.366667 0.400000 0.433333 0.466667 0.500000
0.533333 0.566667 0.600000 0.633333 0.666667 0.700000 0.733333 0.766667 0.800000 0.833333 0.866667 0.900000 0.933333 0.966667</float_array>
                    <technique_common>
                        <accessor source="#Armature.001-Matrix-animation-input-array" count="30">
                            <param name="TIME" type="float"/>
                        </accessor>
                    </technique_common>
                </source>
                <source id="Armature.001-Matrix-animation-output-transform">
                    <float_array id="Armature.001-Matrix-animation-output-transform-array" count="480">

1.000000 0.000000 0.000000 0.000000 0.000000 -0.000000 1.000000 0.000000 0.000000 -1.000000 -0.000000 0.000000 0.000000 0.000000 0.000000 1.000000
1.000000 0.000000 0.000000 0.000000 0.000000 -0.000000 1.000000 0.000000 0.000000 -1.000000 -0.000000 0.000000 0.000000 0.000000 0.000000 1.000000
1.000000 0.000000 0.000000 0.000000 0.000000 -0.000000 1.000000 0.000000 0.000000 -1.000000 -0.000000 0.000000 0.000000 0.000000 0.000000 1.000000
1.000000 0.000000 0.000000 0.000000 0.000000 -0.000000 1.000000 0.000000 0.000000 -1.000000 -0.000000 0.000000 0.000000 0.000000 0.000000 1.000000
1.000000 0.000000 0.000000 0.000000 0.000000 -0.000000 1.000000 0.000000 0.000000 -1.000000 -0.000000 0.000000 0.000000 0.000000 0.000000 1.000000
1.000000 0.000000 0.000000 0.000000 0.000000 -0.000000 1.000000 0.000000 0.000000 -1.000000 -0.000000 0.000000 0.000000 0.000000 0.000000 1.000000
1.000000 0.000000 0.000000 0.000000 0.000000 -0.000000 1.000000 0.000000 0.000000 -1.000000 -0.000000 0.000000 0.000000 0.000000 0.000000 1.000000
1.000000 0.000000 0.000000 0.000000 0.000000 -0.000000 1.000000 0.000000 0.000000 -1.000000 -0.000000 0.000000 0.000000 0.000000 0.000000 1.000000
1.000000 0.000000 0.000000 0.000000 0.000000 -0.000000 1.000000 0.000000 0.000000 -1.000000 -0.000000 0.000000 0.000000 0.000000 0.000000 1.000000
1.000000 0.000000 0.000000 0.000000 0.000000 -0.000000 1.000000 0.000000 0.000000 -1.000000 -0.000000 0.000000 0.000000 0.000000 0.000000 1.000000
1.000000 0.000000 0.000000 0.000000 0.000000 -0.000000 1.000000 0.000000 0.000000 -1.000000 -0.000000 0.000000 0.000000 0.000000 0.000000 1.000000
1.000000 0.000000 0.000000 0.000000 0.000000 -0.000000 1.000000 0.000000 0.000000 -1.000000 -0.000000 0.000000 0.000000 0.000000 0.000000 1.000000
1.000000 0.000000 0.000000 0.000000 0.000000 -0.000000 1.000000 0.000000 0.000000 -1.000000 -0.000000 0.000000 0.000000 0.000000 0.000000 1.000000
1.000000 0.000000 0.000000 0.000000 0.000000 -0.000000 1.000000 0.000000 0.000000 -1.000000 -0.000000 0.000000 0.000000 0.000000 0.000000 1.000000
1.000000 0.000000 0.000000 0.000000 0.000000 -0.000000 1.000000 0.000000 0.000000 -1.000000 -0.000000 0.000000 0.000000 0.000000 0.000000 1.000000
1.000000 0.000000 0.000000 0.000000 0.000000 -0.000000 1.000000 0.000000 0.000000 -1.000000 -0.000000 0.000000 0.000000 0.000000 0.000000 1.000000
1.000000 0.000000 0.000000 0.000000 0.000000 -0.000000 1.000000 0.000000 0.000000 -1.000000 -0.000000 0.000000 0.000000 0.000000 0.000000 1.000000
1.000000 0.000000 0.000000 0.000000 0.000000 -0.000000 1.000000 0.000000 0.000000 -1.000000 -0.000000 0.000000 0.000000 0.000000 0.000000 1.000000
1.000000 0.000000 0.000000 0.000000 0.000000 -0.000000 1.000000 0.000000 0.000000 -1.000000 -0.000000 0.000000 0.000000 0.000000 0.000000 1.000000
1.000000 0.000000 0.000000 0.000000 0.000000 -0.000000 1.000000 0.000000 0.000000 -1.000000 -0.000000 0.000000 0.000000 0.000000 0.000000 1.000000
1.000000 0.000000 0.000000 0.000000 0.000000 -0.000000 1.000000 0.000000 0.000000 -1.000000 -0.000000 0.000000 0.000000 0.000000 0.000000 1.000000
1.000000 0.000000 0.000000 0.000000 0.000000 -0.000000 1.000000 0.000000 0.000000 -1.000000 -0.000000 0.000000 0.000000 0.000000 0.000000 1.000000
1.000000 0.000000 0.000000 0.000000 0.000000 -0.000000 1.000000 0.000000 0.000000 -1.000000 -0.000000 0.000000 0.000000 0.000000 0.000000 1.000000
1.000000 0.000000 0.000000 0.000000 0.000000 -0.000000 1.000000 0.000000 0.000000 -1.000000 -0.000000 0.000000 0.000000 0.000000 0.000000 1.000000
1.000000 0.000000 0.000000 0.000000 0.000000 -0.000000 1.000000 0.000000 0.000000 -1.000000 -0.000000 0.000000 0.000000 0.000000 0.000000 1.000000
1.000000 0.000000 0.000000 0.000000 0.000000 -0.000000 1.000000 0.000000 0.000000 -1.000000 -0.000000 0.000000 0.000000 0.000000 0.000000 1.000000
1.000000 0.000000 0.000000 0.000000 0.000000 -0.000000 1.000000 0.000000 0.000000 -1.000000 -0.000000 0.000000 0.000000 0.000000 0.000000 1.000000
1.000000 0.000000 0.000000 0.000000 0.000000 -0.000000 1.000000 0.000000 0.000000 -1.000000 -0.000000 0.000000 0.000000 0.000000 0.000000 1.000000
1.000000 0.000000 0.000000 0.000000 0.000000 -0.000000 1.000000 0.000000 0.000000 -1.000000 -0.000000 0.000000 0.000000 0.000000 0.000000 1.000000
1.000000 0.000000 0.000000 0.000000 0.000000 -0.000000 1.000000 0.000000 0.000000 -1.000000 -0.000000 0.000000 0.000000 0.000000 0.000000 1.000000</float_array>
                    <technique_common>
                        <accessor source="#Armature.001-Matrix-animation-output-transform-array" count="30" stride="16">
                            <param type="float4x4"/>
                        </accessor>
                    </technique_common>
                </source>
                <source id="Armature.001-Interpolations">
                    <Name_array id="Armature.001-Interpolations-array" count="30">
 LINEAR LINEAR LINEAR LINEAR LINEAR LINEAR LINEAR LINEAR LINEAR LINEAR LINEAR
LINEAR LINEAR LINEAR LINEAR LINEAR LINEAR LINEAR LINEAR LINEAR LINEAR LINEAR LINEAR
LINEAR LINEAR LINEAR LINEAR LINEAR LINEAR LINEAR</Name_array>
                    <technique_common>
                        <accessor source="#Armature.001-Interpolations-array" count="30">
                            <param type="name"/>
                        </accessor>
                    </technique_common>
                </source>
                <sampler id="Armature.001-Matrix-animation-transform">
                    <input semantic="INPUT" source="#Armature.001-Matrix-animation-input"/>
                    <input semantic="OUTPUT" source="#Armature.001-Matrix-animation-output-transform"/>
                    <input semantic="INTERPOLATION" source="#Armature.001-Interpolations"/>
                </sampler>
                <channel source="#Armature.001-Matrix-animation-transform" target="Armature.001/matrix"/>
            </animation>
        </animation>
        <animation id="Anim-anim" name="Anim">
            <animation>
                <source id="Anim-Matrix-animation-input">
                    <float_array id="Anim-Matrix-animation-input-array" count="30">

0.000000 0.033333 0.066667 0.100000 0.133333 0.166667 0.200000 0.233333 0.266667 0.300000 0.333333 0.366667 0.400000 0.433333 0.466667 0.500000
0.533333 0.566667 0.600000 0.633333 0.666667 0.700000 0.733333 0.766667 0.800000 0.833333 0.866667 0.900000 0.933333 0.966667</float_array>
                    <technique_common>
                        <accessor source="#Anim-Matrix-animation-input-array" count="30">
                            <param name="TIME" type="float"/>
                        </accessor>
                    </technique_common>
                </source>
                <source id="Anim-Matrix-animation-output-transform">
                    <float_array id="Anim-Matrix-animation-output-transform-array" count="480">

1.000000 -0.000000 0.000000 0.000000 0.000000 1.000000 0.000000 -0.018964 -0.000000 0.000000 1.000000 0.329970 0.000000 0.000000 0.000000 1.000000
1.000000 -0.000000 0.000000 0.000000 0.000000 1.000000 0.000000 -0.018964 -0.000000 0.000000 1.000000 0.329970 0.000000 0.000000 0.000000 1.000000
1.000000 -0.000000 0.000000 0.000000 0.000000 1.000000 0.000000 -0.018964 -0.000000 0.000000 1.000000 0.329970 0.000000 0.000000 0.000000 1.000000
1.000000 -0.000000 0.000000 0.000000 0.000000 1.000000 0.000000 -0.018964 -0.000000 0.000000 1.000000 0.329970 0.000000 0.000000 0.000000 1.000000
1.000000 -0.000000 0.000000 0.000000 0.000000 1.000000 0.000000 -0.018964 -0.000000 0.000000 1.000000 0.329970 0.000000 0.000000 0.000000 1.000000
1.000000 -0.000000 0.000000 0.000000 0.000000 1.000000 0.000000 -0.018964 -0.000000 0.000000 1.000000 0.329970 0.000000 0.000000 0.000000 1.000000
1.000000 -0.000000 0.000000 0.000000 0.000000 1.000000 0.000000 -0.018964 -0.000000 0.000000 1.000000 0.329970 0.000000 0.000000 0.000000 1.000000
1.000000 -0.000000 0.000000 0.000000 0.000000 1.000000 0.000000 -0.018964 -0.000000 0.000000 1.000000 0.329970 0.000000 0.000000 0.000000 1.000000
1.000000 -0.000000 0.000000 0.000000 0.000000 1.000000 0.000000 -0.018964 -0.000000 0.000000 1.000000 0.329970 0.000000 0.000000 0.000000 1.000000
1.000000 -0.000000 0.000000 0.000000 0.000000 1.000000 0.000000 -0.018964 -0.000000 0.000000 1.000000 0.329970 0.000000 0.000000 0.000000 1.000000
1.000000 -0.000000 0.000000 0.000000 0.000000 1.000000 0.000000 -0.018964 -0.000000 0.000000 1.000000 0.329970 0.000000 0.000000 0.000000 1.000000
1.000000 -0.000000 0.000000 0.000000 0.000000 1.000000 0.000000 -0.018964 -0.000000 0.000000 1.000000 0.329970 0.000000 0.000000 0.000000 1.000000
1.000000 -0.000000 0.000000 0.000000 0.000000 1.000000 0.000000 -0.018964 -0.000000 0.000000 1.000000 0.329970 0.000000 0.000000 0.000000 1.000000
1.000000 -0.000000 0.000000 0.000000 0.000000 1.000000 0.000000 -0.018964 -0.000000 0.000000 1.000000 0.329970 0.000000 0.000000 0.000000 1.000000
1.000000 -0.000000 0.000000 0.000000 0.000000 1.000000 0.000000 -0.018964 -0.000000 0.000000 1.000000 0.329970 0.000000 0.000000 0.000000 1.000000
1.000000 -0.000000 0.000000 0.000000 0.000000 1.000000 0.000000 -0.018964 -0.000000 0.000000 1.000000 0.329970 0.000000 0.000000 0.000000 1.000000
1.000000 -0.000000 0.000000 0.000000 0.000000 1.000000 0.000000 -0.018964 -0.000000 0.000000 1.000000 0.329970 0.000000 0.000000 0.000000 1.000000
1.000000 -0.000000 0.000000 0.000000 0.000000 1.000000 0.000000 -0.018964 -0.000000 0.000000 1.000000 0.329970 0.000000 0.000000 0.000000 1.000000
1.000000 -0.000000 0.000000 0.000000 0.000000 1.000000 0.000000 -0.018964 -0.000000 0.000000 1.000000 0.329970 0.000000 0.000000 0.000000 1.000000
1.000000 -0.000000 0.000000 0.000000 0.000000 1.000000 0.000000 -0.018964 -0.000000 0.000000 1.000000 0.329970 0.000000 0.000000 0.000000 1.000000
1.000000 -0.000000 0.000000 0.000000 0.000000 1.000000 0.000000 -0.018964 -0.000000 0.000000 1.000000 0.329970 0.000000 0.000000 0.000000 1.000000
1.000000 -0.000000 0.000000 0.000000 0.000000 1.000000 0.000000 -0.018964 -0.000000 0.000000 1.000000 0.329970 0.000000 0.000000 0.000000 1.000000
1.000000 -0.000000 0.000000 0.000000 0.000000 1.000000 0.000000 -0.018964 -0.000000 0.000000 1.000000 0.329970 0.000000 0.000000 0.000000 1.000000
1.000000 -0.000000 0.000000 0.000000 0.000000 1.000000 0.000000 -0.018964 -0.000000 0.000000 1.000000 0.329970 0.000000 0.000000 0.000000 1.000000
1.000000 -0.000000 0.000000 0.000000 0.000000 1.000000 0.000000 -0.018964 -0.000000 0.000000 1.000000 0.329970 0.000000 0.000000 0.000000 1.000000
1.000000 -0.000000 0.000000 0.000000 0.000000 1.000000 0.000000 -0.018964 -0.000000 0.000000 1.000000 0.329970 0.000000 0.000000 0.000000 1.000000
1.000000 -0.000000 0.000000 0.000000 0.000000 1.000000 0.000000 -0.018964 -0.000000 0.000000 1.000000 0.329970 0.000000 0.000000 0.000000 1.000000
1.000000 -0.000000 0.000000 0.000000 0.000000 1.000000 0.000000 -0.018964 -0.000000 0.000000 1.000000 0.329970 0.000000 0.000000 0.000000 1.000000
1.000000 -0.000000 0.000000 0.000000 0.000000 1.000000 0.000000 -0.018964 -0.000000 0.000000 1.000000 0.329970 0.000000 0.000000 0.000000 1.000000
1.000000 -0.000000 0.000000 0.000000 0.000000 1.000000 0.000000 -0.018964 -0.000000 0.000000 1.000000 0.329970 0.000000 0.000000 0.000000 1.000000</float_array>
                    <technique_common>
                        <accessor source="#Anim-Matrix-animation-output-transform-array" count="30" stride="16">
                            <param type="float4x4"/>
                        </accessor>
                    </technique_common>
                </source>
                <source id="Anim-Interpolations">
                    <Name_array id="Anim-Interpolations-array" count="30">
 LINEAR LINEAR LINEAR LINEAR LINEAR LINEAR LINEAR LINEAR LINEAR LINEAR LINEAR
LINEAR LINEAR LINEAR LINEAR LINEAR LINEAR LINEAR LINEAR LINEAR LINEAR LINEAR LINEAR
LINEAR LINEAR LINEAR LINEAR LINEAR LINEAR LINEAR</Name_array>
                    <technique_common>
                        <accessor source="#Anim-Interpolations-array" count="30">
                            <param type="name"/>
                        </accessor>
                    </technique_common>
                </source>
                <sampler id="Anim-Matrix-animation-transform">
                    <input semantic="INPUT" source="#Anim-Matrix-animation-input"/>
                    <input semantic="OUTPUT" source="#Anim-Matrix-animation-output-transform"/>
                    <input semantic="INTERPOLATION" source="#Anim-Interpolations"/>
                </sampler>
                <channel source="#Anim-Matrix-animation-transform" target="Anim/matrix"/>
            </animation>
        </animation>
        <animation id="Gun-anim" name="Gun">
            <animation>
                <source id="Gun-Matrix-animation-input">
                    <float_array id="Gun-Matrix-animation-input-array" count="30">

0.000000 0.033333 0.066667 0.100000 0.133333 0.166667 0.200000 0.233333 0.266667 0.300000 0.333333 0.366667 0.400000 0.433333 0.466667 0.500000
0.533333 0.566667 0.600000 0.633333 0.666667 0.700000 0.733333 0.766667 0.800000 0.833333 0.866667 0.900000 0.933333 0.966667</float_array>
                    <technique_common>
                        <accessor source="#Gun-Matrix-animation-input-array" count="30">
                            <param name="TIME" type="float"/>
                        </accessor>
                    </technique_common>
                </source>
                <source id="Gun-Matrix-animation-output-transform">
                    <float_array id="Gun-Matrix-animation-output-transform-array" count="480">

1.000000 -0.000000 0.000002 -0.000000 0.000000 1.000000 -0.000000 0.000000 -0.000002 0.000000 1.000000 -0.000000 0.000000 0.000000 0.000000 1.000000
0.998156 0.034611 -0.049866 -0.025229 -0.032926 0.998871 0.034232 -0.006672 0.050994 -0.032527 0.998169 0.021791 0.000000 0.000000 0.000000 1.000000
0.980803 0.116551 -0.156338 -0.080732 -0.099054 0.988367 0.115412 -0.021352 0.167970 -0.097710 0.980938 0.069732 0.000000 0.000000 0.000000 1.000000
0.944745 0.204308 -0.256349 -0.136235 -0.154178 0.967062 0.202535 -0.036032 0.289285 -0.151821 0.945127 0.117673 0.000000 0.000000 0.000000 1.000000
0.920430 0.245676 -0.304061 -0.161464 -0.174163 0.954091 0.243674 -0.042705 0.349967 -0.171329 0.920961 0.139464 0.000000 0.000000 0.000000 1.000000
0.917290 0.243546 -0.315063 -0.161464 -0.176389 0.957822 0.226855 -0.042705 0.357024 -0.152518 0.921560 0.139464 0.000000 0.000000 0.000000 1.000000
0.915307 0.236905 -0.325714 -0.161464 -0.184020 0.965353 0.185016 -0.042705 0.358260 -0.109408 0.927189 0.139464 0.000000 0.000000 0.000000 1.000000
0.914415 0.228021 -0.334443 -0.161464 -0.193494 0.971958 0.133635 -0.042705 0.355536 -0.057485 0.932893 0.139464 0.000000 0.000000 0.000000 1.000000
0.914402 0.219677 -0.340015 -0.161464 -0.201284 0.975488 0.088930 -0.042705 0.351217 -0.012878 0.936206 0.139464 0.000000 0.000000 0.000000 1.000000
0.919441 0.208856 -0.333179 -0.156943 -0.199568 0.977903 0.062276 -0.041509 0.338823 0.009233 0.940805 0.135559 0.000000 0.000000 0.000000 1.000000
0.947391 0.167863 -0.272529 -0.126588 -0.164322 0.985752 0.035935 -0.033481 0.274678 0.010739 0.961476 0.109340 0.000000 0.000000 0.000000 1.000000
0.978525 0.107323 -0.175986 -0.080732 -0.106497 0.994212 0.014160 -0.021352 0.176487 0.004886 0.984291 0.069732 0.000000 0.000000 0.000000 1.000000
0.996001 0.046361 -0.076373 -0.034876 -0.046284 0.998924 0.002778 -0.009224 0.076419 0.000768 0.997075 0.030124 0.000000 0.000000 0.000000 1.000000
0.999933 0.005994 -0.009888 -0.004521 -0.005994 0.999982 0.000067 -0.001195 0.009888 -0.000008 0.999951 0.003905 0.000000 0.000000 0.000000 1.000000
1.000000 -0.000000 0.000002 -0.000000 0.000000 1.000000 -0.000000 0.000000 -0.000002 0.000000 1.000000 -0.000000 0.000000 0.000000 0.000000 1.000000
1.000000 -0.000000 0.000002 -0.000000 0.000000 1.000000 -0.000000 0.000000 -0.000002 0.000000 1.000000 -0.000000 0.000000 0.000000 0.000000 1.000000
1.000000 -0.000000 0.000002 -0.000000 0.000000 1.000000 -0.000000 0.000000 -0.000002 0.000000 1.000000 -0.000000 0.000000 0.000000 0.000000 1.000000
1.000000 -0.000000 0.000002 -0.000000 0.000000 1.000000 -0.000000 0.000000 -0.000002 0.000000 1.000000 -0.000000 0.000000 0.000000 0.000000 1.000000
1.000000 -0.000000 0.000002 -0.000000 0.000000 1.000000 -0.000000 0.000000 -0.000002 0.000000 1.000000 -0.000000 0.000000 0.000000 0.000000 1.000000
1.000000 -0.000000 0.000002 -0.000000 0.000000 1.000000 -0.000000 0.000000 -0.000002 0.000000 1.000000 -0.000000 0.000000 0.000000 0.000000 1.000000
1.000000 -0.000000 0.000002 -0.000000 0.000000 1.000000 -0.000000 0.000000 -0.000002 0.000000 1.000000 -0.000000 0.000000 0.000000 0.000000 1.000000
1.000000 -0.000000 0.000002 -0.000000 0.000000 1.000000 -0.000000 0.000000 -0.000002 0.000000 1.000000 -0.000000 0.000000 0.000000 0.000000 1.000000
1.000000 -0.000000 0.000002 -0.000000 0.000000 1.000000 -0.000000 0.000000 -0.000002 0.000000 1.000000 -0.000000 0.000000 0.000000 0.000000 1.000000
1.000000 -0.000000 0.000002 -0.000000 0.000000 1.000000 -0.000000 0.000000 -0.000002 0.000000 1.000000 -0.000000 0.000000 0.000000 0.000000 1.000000
1.000000 -0.000000 0.000002 -0.000000 0.000000 1.000000 -0.000000 0.000000 -0.000002 0.000000 1.000000 -0.000000 0.000000 0.000000 0.000000 1.000000
1.000000 -0.000000 0.000002 -0.000000 0.000000 1.000000 -0.000000 0.000000 -0.000002 0.000000 1.000000 -0.000000 0.000000 0.000000 0.000000 1.000000
1.000000 -0.000000 0.000002 -0.000000 0.000000 1.000000 -0.000000 0.000000 -0.000002 0.000000 1.000000 -0.000000 0.000000 0.000000 0.000000 1.000000
1.000000 -0.000000 0.000002 -0.000000 0.000000 1.000000 -0.000000 0.000000 -0.000002 0.000000 1.000000 -0.000000 0.000000 0.000000 0.000000 1.000000
1.000000 -0.000000 0.000002 -0.000000 0.000000 1.000000 -0.000000 0.000000 -0.000002 0.000000 1.000000 -0.000000 0.000000 0.000000 0.000000 1.000000
1.000000 -0.000000 0.000002 -0.000000 0.000000 1.000000 -0.000000 0.000000 -0.000002 0.000000 1.000000 -0.000000 0.000000 0.000000 0.000000 1.000000</float_array>
                    <technique_common>
                        <accessor source="#Gun-Matrix-animation-output-transform-array" count="30" stride="16">
                            <param type="float4x4"/>
                        </accessor>
                    </technique_common>
                </source>
                <source id="Gun-Interpolations">
                    <Name_array id="Gun-Interpolations-array" count="30">
 LINEAR LINEAR LINEAR LINEAR LINEAR LINEAR LINEAR LINEAR LINEAR LINEAR LINEAR
LINEAR LINEAR LINEAR LINEAR LINEAR LINEAR LINEAR LINEAR LINEAR LINEAR LINEAR LINEAR
LINEAR LINEAR LINEAR LINEAR LINEAR LINEAR LINEAR</Name_array>
                    <technique_common>
                        <accessor source="#Gun-Interpolations-array" count="30">
                            <param type="name"/>
                        </accessor>
                    </technique_common>
                </source>
                <sampler id="Gun-Matrix-animation-transform">
                    <input semantic="INPUT" source="#Gun-Matrix-animation-input"/>
                    <input semantic="OUTPUT" source="#Gun-Matrix-animation-output-transform"/>
                    <input semantic="INTERPOLATION" source="#Gun-Interpolations"/>
                </sampler>
                <channel source="#Gun-Matrix-animation-transform" target="Gun/matrix"/>
            </animation>
        </animation>
        <animation id="Trigger-anim" name="Trigger">
            <animation>
                <source id="Trigger-Matrix-animation-input">
                    <float_array id="Trigger-Matrix-animation-input-array" count="30">

0.000000 0.033333 0.066667 0.100000 0.133333 0.166667 0.200000 0.233333 0.266667 0.300000 0.333333 0.366667 0.400000 0.433333 0.466667 0.500000
0.533333 0.566667 0.600000 0.633333 0.666667 0.700000 0.733333 0.766667 0.800000 0.833333 0.866667 0.900000 0.933333 0.966667</float_array>
                    <technique_common>
                        <accessor source="#Trigger-Matrix-animation-input-array" count="30">
                            <param name="TIME" type="float"/>
                        </accessor>
                    </technique_common>
                </source>
                <source id="Trigger-Matrix-animation-output-transform">
                    <float_array id="Trigger-Matrix-animation-output-transform-array" count="480">

1.000000 -0.000000 0.000000 -0.212749 0.000000 -1.000000 -0.000001 0.249739 0.000000 0.000001 -1.000000 -0.059060 0.000000 0.000000 0.000000 1.000000
1.000000 -0.000000 0.000000 -0.212749 -0.000000 -1.000000 -0.000001 0.249739 0.000000 0.000001 -1.000000 -0.059060 0.000000 0.000000 0.000000 1.000000
1.000000 0.000000 0.000000 -0.212749 0.000000 -1.000000 -0.000001 0.249739 0.000000 0.000001 -1.000000 -0.059060 0.000000 0.000000 0.000000 1.000000
1.000000 0.000000 0.000000 -0.212749 0.000000 -1.000000 -0.000001 0.249739 0.000000 0.000001 -1.000000 -0.059060 0.000000 0.000000 0.000000 1.000000
1.000000 -0.000000 0.000000 -0.212749 -0.000000 -1.000000 -0.000001 0.249739 0.000000 0.000001 -1.000000 -0.059060 0.000000 0.000000 0.000000 1.000000
1.000000 -0.000000 0.000000 -0.212749 -0.000000 -1.000000 -0.000001 0.249739 0.000000 0.000001 -1.000000 -0.059060 0.000000 0.000000 0.000000 1.000000
1.000000 0.000000 0.000000 -0.212749 0.000000 -1.000000 -0.000001 0.249739 0.000000 0.000001 -1.000000 -0.059060 0.000000 0.000000 0.000000 1.000000
1.000000 -0.000000 0.000000 -0.212749 -0.000000 -1.000000 -0.000001 0.249739 0.000000 0.000001 -1.000000 -0.059060 0.000000 0.000000 0.000000 1.000000
1.000000 0.000000 0.000000 -0.212749 0.000000 -1.000000 -0.000001 0.249739 0.000000 0.000001 -1.000000 -0.059060 0.000000 0.000000 0.000000 1.000000
1.000000 -0.000000 0.000000 -0.212749 -0.000000 -1.000000 -0.000001 0.249739 0.000000 0.000001 -1.000000 -0.059060 0.000000 0.000000 0.000000 1.000000
1.000000 -0.000000 0.000000 -0.212749 -0.000000 -1.000000 -0.000001 0.249739 0.000000 0.000001 -1.000000 -0.059060 0.000000 0.000000 0.000000 1.000000
1.000000 0.000000 0.000000 -0.212749 0.000000 -1.000000 -0.000001 0.249739 0.000000 0.000001 -1.000000 -0.059060 0.000000 0.000000 0.000000 1.000000
1.000000 0.000000 0.000000 -0.212749 0.000000 -1.000000 -0.000001 0.249739 0.000000 0.000001 -1.000000 -0.059060 0.000000 0.000000 0.000000 1.000000
1.000000 0.000000 0.000000 -0.212749 0.000000 -1.000000 -0.000001 0.249739 0.000000 0.000001 -1.000000 -0.059060 0.000000 0.000000 0.000000 1.000000
1.000000 -0.000000 0.000000 -0.212749 0.000000 -1.000000 -0.000001 0.249739 0.000000 0.000001 -1.000000 -0.059060 0.000000 0.000000 0.000000 1.000000
1.000000 -0.000000 0.000000 -0.212749 0.000000 -1.000000 -0.000001 0.249739 0.000000 0.000001 -1.000000 -0.059060 0.000000 0.000000 0.000000 1.000000
1.000000 0.000000 0.000000 -0.212749 -0.000000 -0.986660 0.162796 0.249739 0.000000 -0.162796 -0.986660 -0.059060 0.000000 0.000000 0.000000 1.000000
1.000000 0.000000 0.000000 -0.212749 -0.000000 -0.987045 0.160446 0.249739 0.000000 -0.160446 -0.987045 -0.059060 0.000000 0.000000 0.000000 1.000000
1.000000 0.000000 0.000000 -0.212749 -0.000000 -0.988093 0.153859 0.249739 0.000000 -0.153859 -0.988093 -0.059060 0.000000 0.000000 0.000000 1.000000
1.000000 0.000000 0.000000 -0.212749 -0.000000 -0.989617 0.143728 0.249739 0.000000 -0.143728 -0.989617 -0.059060 0.000000 0.000000 0.000000 1.000000
1.000000 0.000000 0.000000 -0.212749 -0.000000 -0.991416 0.130743 0.249739 0.000000 -0.130743 -0.991416 -0.059060 0.000000 0.000000 0.000000 1.000000
1.000000 0.000000 0.000000 -0.212749 -0.000000 -0.993296 0.115601 0.249739 0.000000 -0.115601 -0.993296 -0.059060 0.000000 0.000000 0.000000 1.000000
1.000000 0.000000 0.000000 -0.212749 -0.000000 -0.995087 0.099004 0.249739 0.000000 -0.099004 -0.995087 -0.059060 0.000000 0.000000 0.000000 1.000000
1.000000 0.000000 0.000000 -0.212749 -0.000000 -0.996660 0.081665 0.249739 0.000000 -0.081665 -0.996660 -0.059060 0.000000 0.000000 0.000000 1.000000
1.000000 0.000000 0.000000 -0.212749 -0.000000 -0.997931 0.064301 0.249739 0.000000 -0.064301 -0.997931 -0.059060 0.000000 0.000000 0.000000 1.000000
1.000000 0.000000 0.000000 -0.212749 -0.000000 -0.998865 0.047636 0.249739 0.000000 -0.047636 -0.998865 -0.059060 0.000000 0.000000 0.000000 1.000000
1.000000 0.000000 0.000000 -0.212749 -0.000000 -0.999475 0.032391 0.249739 0.000000 -0.032391 -0.999475 -0.059060 0.000000 0.000000 0.000000 1.000000
1.000000 -0.000000 0.000000 -0.212749 -0.000000 -0.999814 0.019290 0.249739 0.000000 -0.019290 -0.999814 -0.059060 0.000000 0.000000 0.000000 1.000000
1.000000 -0.000000 0.000000 -0.212749 -0.000000 -0.999959 0.009048 0.249739 0.000000 -0.009048 -0.999959 -0.059060 0.000000 0.000000 0.000000 1.000000
1.000000 -0.000000 0.000000 -0.212749 -0.000000 -0.999997 0.002380 0.249739 0.000000 -0.002380 -0.999997 -0.059060 0.000000 0.000000 0.000000 1.000000</float_array>
                    <technique_common>
                        <accessor source="#Trigger-Matrix-animation-output-transform-array" count="30" stride="16">
                            <param type="float4x4"/>
                        </accessor>
                    </technique_common>
                </source>
                <source id="Trigger-Interpolations">
                    <Name_array id="Trigger-Interpolations-array" count="30">
 LINEAR LINEAR LINEAR LINEAR LINEAR LINEAR LINEAR LINEAR LINEAR LINEAR LINEAR
LINEAR LINEAR LINEAR LINEAR LINEAR LINEAR LINEAR LINEAR LINEAR LINEAR LINEAR LINEAR
LINEAR LINEAR LINEAR LINEAR LINEAR LINEAR LINEAR</Name_array>
                    <technique_common>
                        <accessor source="#Trigger-Interpolations-array" count="30">
                            <param type="name"/>
                        </accessor>
                    </technique_common>
                </source>
                <sampler id="Trigger-Matrix-animation-transform">
                    <input semantic="INPUT" source="#Trigger-Matrix-animation-input"/>
                    <input semantic="OUTPUT" source="#Trigger-Matrix-animation-output-transform"/>
                    <input semantic="INTERPOLATION" source="#Trigger-Interpolations"/>
                </sampler>
                <channel source="#Trigger-Matrix-animation-transform" target="Trigger/matrix"/>
            </animation>
        </animation>
        <animation id="Hammer-anim" name="Hammer">
            <animation>
                <source id="Hammer-Matrix-animation-input">
                    <float_array id="Hammer-Matrix-animation-input-array" count="30">

0.000000 0.033333 0.066667 0.100000 0.133333 0.166667 0.200000 0.233333 0.266667 0.300000 0.333333 0.366667 0.400000 0.433333 0.466667 0.500000
0.533333 0.566667 0.600000 0.633333 0.666667 0.700000 0.733333 0.766667 0.800000 0.833333 0.866667 0.900000 0.933333 0.966667</float_array>
                    <technique_common>
                        <accessor source="#Hammer-Matrix-animation-input-array" count="30">
                            <param name="TIME" type="float"/>
                        </accessor>
                    </technique_common>
                </source>
                <source id="Hammer-Matrix-animation-output-transform">
                    <float_array id="Hammer-Matrix-animation-output-transform-array" count="480">

1.000000 0.000000 -0.000000 0.081533 -0.000000 1.000000 0.000000 0.236152 0.000000 0.000000 1.000000 -0.241801 0.000000 0.000000 0.000000 1.000000
1.000000 -0.000000 -0.000000 0.081533 0.000000 1.000000 -0.000000 0.236152 0.000000 0.000000 1.000000 -0.241801 0.000000 0.000000 0.000000 1.000000
1.000000 -0.000000 0.000000 0.081533 0.000000 1.000000 -0.000000 0.236152 -0.000000 0.000000 1.000000 -0.241801 0.000000 0.000000 0.000000 1.000000
1.000000 -0.000000 0.000000 0.081533 0.000000 1.000000 -0.000000 0.236152 -0.000000 0.000000 1.000000 -0.241801 0.000000 0.000000 0.000000 1.000000
1.000000 0.000000 0.000000 0.081533 -0.000000 1.000000 -0.000000 0.236152 -0.000000 0.000000 1.000000 -0.241801 0.000000 0.000000 0.000000 1.000000
1.000000 -0.000000 -0.000000 0.081533 0.000000 1.000000 0.000000 0.236152 0.000000 -0.000000 1.000000 -0.241801 0.000000 0.000000 0.000000 1.000000
1.000000 -0.000000 -0.000000 0.081533 0.000000 0.997441 0.071498 0.236152 0.000000 -0.071498 0.997441 -0.241801 0.000000 0.000000 0.000000 1.000000
1.000000 -0.000000 0.000000 0.081533 0.000000 0.970192 0.242338 0.236152 -0.000000 -0.242338 0.970192 -0.241801 0.000000 0.000000 0.000000 1.000000
1.000000 -0.000000 -0.000000 0.081533 0.000000 0.898982 0.437986 0.236152 -0.000000 -0.437986 0.898982 -0.241801 0.000000 0.000000 0.000000 1.000000
1.000000 0.000000 0.000000 0.081533 -0.000000 0.810042 0.586372 0.236152 0.000000 -0.586372 0.810042 -0.241801 0.000000 0.000000 0.000000 1.000000
1.000000 0.000000 0.000000 0.081533 -0.000000 0.766044 0.642788 0.236152 0.000000 -0.642788 0.766044 -0.241801 0.000000 0.000000 0.000000 1.000000
1.000000 0.000000 0.000000 0.081533 -0.000000 0.766044 0.642788 0.236152 0.000000 -0.642788 0.766044 -0.241801 0.000000 0.000000 0.000000 1.000000
1.000000 0.000000 0.000000 0.081533 -0.000000 0.766044 0.642788 0.236152 0.000000 -0.642788 0.766044 -0.241801 0.000000 0.000000 0.000000 1.000000
1.000000 0.000000 0.000000 0.081533 -0.000000 0.766044 0.642788 0.236152 0.000000 -0.642788 0.766044 -0.241801 0.000000 0.000000 0.000000 1.000000
1.000000 0.000000 0.000000 0.081533 -0.000000 0.766044 0.642788 0.236152 0.000000 -0.642788 0.766044 -0.241801 0.000000 0.000000 0.000000 1.000000
1.000000 0.000000 0.000000 0.081533 -0.000000 0.766044 0.642788 0.236152 0.000000 -0.642788 0.766044 -0.241801 0.000000 0.000000 0.000000 1.000000
1.000000 0.000000 0.000000 0.081533 -0.000000 0.898982 0.437985 0.236152 0.000000 -0.437985 0.898982 -0.241801 0.000000 0.000000 0.000000 1.000000
1.000000 0.000000 0.000000 0.081533 -0.000000 0.997441 0.071497 0.236152 0.000000 -0.071497 0.997441 -0.241801 0.000000 0.000000 0.000000 1.000000
1.000000 0.000000 -0.000000 0.081533 -0.000000 1.000000 0.000000 0.236152 0.000000 0.000000 1.000000 -0.241801 0.000000 0.000000 0.000000 1.000000
1.000000 0.000000 -0.000000 0.081533 -0.000000 1.000000 0.000000 0.236152 0.000000 0.000000 1.000000 -0.241801 0.000000 0.000000 0.000000 1.000000
1.000000 0.000000 -0.000000 0.081533 -0.000000 1.000000 0.000000 0.236152 0.000000 0.000000 1.000000 -0.241801 0.000000 0.000000 0.000000 1.000000
1.000000 0.000000 -0.000000 0.081533 -0.000000 1.000000 0.000000 0.236152 0.000000 0.000000 1.000000 -0.241801 0.000000 0.000000 0.000000 1.000000
1.000000 0.000000 -0.000000 0.081533 -0.000000 1.000000 0.000000 0.236152 0.000000 0.000000 1.000000 -0.241801 0.000000 0.000000 0.000000 1.000000
1.000000 0.000000 -0.000000 0.081533 -0.000000 1.000000 0.000000 0.236152 0.000000 0.000000 1.000000 -0.241801 0.000000 0.000000 0.000000 1.000000
1.000000 0.000000 -0.000000 0.081533 -0.000000 1.000000 0.000000 0.236152 0.000000 0.000000 1.000000 -0.241801 0.000000 0.000000 0.000000 1.000000
1.000000 0.000000 -0.000000 0.081533 -0.000000 1.000000 0.000000 0.236152 0.000000 0.000000 1.000000 -0.241801 0.000000 0.000000 0.000000 1.000000
1.000000 0.000000 -0.000000 0.081533 -0.000000 1.000000 0.000000 0.236152 0.000000 0.000000 1.000000 -0.241801 0.000000 0.000000 0.000000 1.000000
1.000000 0.000000 -0.000000 0.081533 -0.000000 1.000000 0.000000 0.236152 0.000000 0.000000 1.000000 -0.241801 0.000000 0.000000 0.000000 1.000000
1.000000 0.000000 -0.000000 0.081533 -0.000000 1.000000 0.000000 0.236152 0.000000 0.000000 1.000000 -0.241801 0.000000 0.000000 0.000000 1.000000
1.000000 0.000000 -0.000000 0.081533 -0.000000 1.000000 0.000000 0.236152 0.000000 0.000000 1.000000 -0.241801 0.000000 0.000000 0.000000 1.000000</float_array>
                    <technique_common>
                        <accessor source="#Hammer-Matrix-animation-output-transform-array" count="30" stride="16">
                            <param type="float4x4"/>
                        </accessor>
                    </technique_common>
                </source>
                <source id="Hammer-Interpolations">
                    <Name_array id="Hammer-Interpolations-array" count="30">
 LINEAR LINEAR LINEAR LINEAR LINEAR LINEAR LINEAR LINEAR LINEAR LINEAR LINEAR
LINEAR LINEAR LINEAR LINEAR LINEAR LINEAR LINEAR LINEAR LINEAR LINEAR LINEAR LINEAR
LINEAR LINEAR LINEAR LINEAR LINEAR LINEAR LINEAR</Name_array>
                    <technique_common>
                        <accessor source="#Hammer-Interpolations-array" count="30">
                            <param type="name"/>
                        </accessor>
                    </technique_common>
                </source>
                <sampler id="Hammer-Matrix-animation-transform">
                    <input semantic="INPUT" source="#Hammer-Matrix-animation-input"/>
                    <input semantic="OUTPUT" source="#Hammer-Matrix-animation-output-transform"/>
                    <input semantic="INTERPOLATION" source="#Hammer-Interpolations"/>
                </sampler>
                <channel source="#Hammer-Matrix-animation-transform" target="Hammer/matrix"/>
            </animation>
        </animation>
        <animation id="Spring-anim" name="Spring">
            <animation>
                <source id="Spring-Matrix-animation-input">
                    <float_array id="Spring-Matrix-animation-input-array" count="30">

0.000000 0.033333 0.066667 0.100000 0.133333 0.166667 0.200000 0.233333 0.266667 0.300000 0.333333 0.366667 0.400000 0.433333 0.466667 0.500000
0.533333 0.566667 0.600000 0.633333 0.666667 0.700000 0.733333 0.766667 0.800000 0.833333 0.866667 0.900000 0.933333 0.966667</float_array>
                    <technique_common>
                        <accessor source="#Spring-Matrix-animation-input-array" count="30">
                            <param name="TIME" type="float"/>
                        </accessor>
                    </technique_common>
                </source>
                <source id="Spring-Matrix-animation-output-transform">
                    <float_array id="Spring-Matrix-animation-output-transform-array" count="480">

1.000000 0.000000 0.000000 0.080811 -0.000000 -0.000000 1.000000 0.136115 0.000000 -1.000000 -0.000000 0.145053 0.000000 0.000000 0.000000 1.000000
1.000000 0.000000 0.000000 0.080811 -0.000000 -0.000000 1.000000 0.136115 0.000000 -1.000000 -0.000000 0.145053 0.000000 0.000000 0.000000 1.000000
1.000000 0.000000 0.000000 0.080811 -0.000000 -0.000000 1.000000 0.136115 0.000000 -1.000000 -0.000000 0.145053 0.000000 0.000000 0.000000 1.000000
1.000000 0.000000 0.000000 0.080811 -0.000000 -0.000000 1.000000 0.136115 0.000000 -1.000000 -0.000000 0.145053 0.000000 0.000000 0.000000 1.000000
1.000000 0.000000 0.000000 0.080811 -0.000000 -0.000000 1.000000 0.136115 0.000000 -1.000000 -0.000000 0.145053 0.000000 0.000000 0.000000 1.000000
1.000000 0.000000 0.000000 0.080811 -0.000000 -0.000000 1.000000 0.136115 0.000000 -1.000000 -0.000000 0.145053 0.000000 0.000000 0.000000 1.000000
1.000000 0.000000 0.000000 0.080811 -0.000000 -0.000000 1.000000 0.136115 0.000000 -1.000000 -0.000000 0.145053 0.000000 0.000000 0.000000 1.000000
1.000000 0.000000 0.000000 0.080811 -0.000000 -0.000000 1.000000 0.136115 0.000000 -1.000000 -0.000000 0.145053 0.000000 0.000000 0.000000 1.000000
1.000000 0.000000 0.000000 0.080811 -0.000000 -0.000000 1.000000 0.136115 0.000000 -1.000000 -0.000000 0.145053 0.000000 0.000000 0.000000 1.000000
1.000000 0.000000 0.000000 0.080811 -0.000000 -0.000000 1.000000 0.136115 0.000000 -1.000000 -0.000000 0.145053 0.000000 0.000000 0.000000 1.000000
1.000000 0.000000 0.000000 0.080811 -0.000000 -0.000000 1.000000 0.136115 0.000000 -1.000000 -0.000000 0.145053 0.000000 0.000000 0.000000 1.000000
1.000000 0.000000 0.000000 0.080811 -0.000000 -0.000000 1.000000 0.136115 0.000000 -1.000000 -0.000000 0.145053 0.000000 0.000000 0.000000 1.000000
1.000000 0.000000 0.000000 0.080811 -0.000000 -0.000000 1.000000 0.136115 0.000000 -1.000000 -0.000000 0.145053 0.000000 0.000000 0.000000 1.000000
1.000000 0.000000 0.000000 0.080811 -0.000000 -0.000000 1.000000 0.136115 0.000000 -1.000000 -0.000000 0.145053 0.000000 0.000000 0.000000 1.000000
1.000000 0.000000 0.000000 0.080811 -0.000000 -0.000000 1.000000 0.136115 0.000000 -1.000000 -0.000000 0.145053 0.000000 0.000000 0.000000 1.000000
1.000000 0.000000 0.000000 0.080811 -0.000000 -0.000000 1.000000 0.136115 0.000000 -1.000000 -0.000000 0.145053 0.000000 0.000000 0.000000 1.000000
1.000000 0.000000 0.000000 0.080811 -0.000000 -0.000000 1.000000 0.136115 0.000000 -1.000000 -0.000000 0.145053 0.000000 0.000000 0.000000 1.000000
1.000000 0.000000 0.000000 0.080811 -0.000000 -0.000000 1.000000 0.136115 0.000000 -1.000000 -0.000000 0.145053 0.000000 0.000000 0.000000 1.000000
1.000000 0.000000 0.000000 0.080811 -0.000000 -0.000000 1.000000 0.136115 0.000000 -1.000000 -0.000000 0.145053 0.000000 0.000000 0.000000 1.000000
1.000000 0.000000 0.000000 0.080811 -0.000000 -0.000000 1.000000 0.136115 0.000000 -1.000000 -0.000000 0.145053 0.000000 0.000000 0.000000 1.000000
1.000000 0.000000 0.000000 0.080811 -0.000000 -0.000000 1.000000 0.136115 0.000000 -1.000000 -0.000000 0.145053 0.000000 0.000000 0.000000 1.000000
1.000000 0.000000 0.000000 0.080811 -0.000000 -0.000000 1.000000 0.136115 0.000000 -1.000000 -0.000000 0.145053 0.000000 0.000000 0.000000 1.000000
1.000000 0.000000 0.000000 0.080811 -0.000000 -0.000000 1.000000 0.136115 0.000000 -1.000000 -0.000000 0.145053 0.000000 0.000000 0.000000 1.000000
1.000000 0.000000 0.000000 0.080811 -0.000000 -0.000000 1.000000 0.136115 0.000000 -1.000000 -0.000000 0.145053 0.000000 0.000000 0.000000 1.000000
1.000000 0.000000 0.000000 0.080811 -0.000000 -0.000000 1.000000 0.136115 0.000000 -1.000000 -0.000000 0.145053 0.000000 0.000000 0.000000 1.000000
1.000000 0.000000 0.000000 0.080811 -0.000000 -0.000000 1.000000 0.136115 0.000000 -1.000000 -0.000000 0.145053 0.000000 0.000000 0.000000 1.000000
1.000000 0.000000 0.000000 0.080811 -0.000000 -0.000000 1.000000 0.136115 0.000000 -1.000000 -0.000000 0.145053 0.000000 0.000000 0.000000 1.000000
