<?xml version="1.0" encoding="utf-8"?>
<COLLADA xmlns="http://www.collada.org/2005/11/COLLADASchema" version="1.4.1">
    <asset>
        <contributor>
            <author></author>
            <authoring_tool>FBX COLLADA exporter</authoring_tool>
            <comments></comments>
        </contributor>
        <created>2022-08-08T18:23:42Z</created>
        <keywords></keywords>
        <modified>2022-08-08T18:23:42Z</modified>
        <revision></revision>
        <subject></subject>
        <title></title>
        <unit meter="0.010000" name="centimeter"></unit>
        <up_axis>Y_UP</up_axis>
    </asset>
    <library_animations>
        <animation id="Armature.001-anim" name="Armature.001">
            <animation>
                <source id="Armature.001-Matrix-animation-input">
                    <float_array id="Armature.001-Matrix-animation-input-array" count="36">

0.000000 0.033333 0.066667 0.100000 0.133333 0.166667 0.200000 0.233333 0.266667 0.300000 0.333333 0.366667 0.400000 0.433333 0.466667 0.500000
0.533333 0.566667 0.600000 0.633333 0.666667 0.700000 0.733333 0.766667 0.800000 0.833333 0.866667 0.900000 0.933333 0.966667 1.000000 1.033333
1.066667 1.100000 1.133333 1.166667</float_array>
                    <technique_common>
                        <accessor source="#Armature.001-Matrix-animation-input-array" count="36">
                            <param name="TIME" type="float"/>
                        </accessor>
                    </technique_common>
                </source>
                <source id="Armature.001-Matrix-animation-output-transform">
                    <float_array id="Armature.001-Matrix-animation-output-transform-array" count="576">

1.003371 0.000000 0.000000 0.000000 0.000000 -0.000000 1.003371 0.000000 0.000000 -1.003370 -0.000000 0.000000 0.000000 0.000000 0.000000 1.000000
1.003371 0.000000 0.000000 0.000000 0.000000 -0.000000 1.003371 0.000000 0.000000 -1.003370 -0.000000 0.000000 0.000000 0.000000 0.000000 1.000000
1.003371 0.000000 0.000000 0.000000 0.000000 -0.000000 1.003371 0.000000 0.000000 -1.003370 -0.000000 0.000000 0.000000 0.000000 0.000000 1.000000
1.003371 0.000000 0.000000 0.000000 0.000000 -0.000000 1.003371 0.000000 0.000000 -1.003370 -0.000000 0.000000 0.000000 0.000000 0.000000 1.000000
1.003371 0.000000 0.000000 0.000000 0.000000 -0.000000 1.003371 0.000000 0.000000 -1.003370 -0.000000 0.000000 0.000000 0.000000 0.000000 1.000000
1.003371 0.000000 0.000000 0.000000 0.000000 -0.000000 1.003371 0.000000 0.000000 -1.003370 -0.000000 0.000000 0.000000 0.000000 0.000000 1.000000
1.003371 0.000000 0.000000 0.000000 0.000000 -0.000000 1.003371 0.000000 0.000000 -1.003370 -0.000000 0.000000 0.000000 0.000000 0.000000 1.000000
1.003371 0.000000 0.000000 0.000000 0.000000 -0.000000 1.003371 0.000000 0.000000 -1.003370 -0.000000 0.000000 0.000000 0.000000 0.000000 1.000000
1.003371 0.000000 0.000000 0.000000 0.000000 -0.000000 1.003371 0.000000 0.000000 -1.003370 -0.000000 0.000000 0.000000 0.000000 0.000000 1.000000
1.003371 0.000000 0.000000 0.000000 0.000000 -0.000000 1.003371 0.000000 0.000000 -1.003370 -0.000000 0.000000 0.000000 0.000000 0.000000 1.000000
1.003371 0.000000 0.000000 0.000000 0.000000 -0.000000 1.003371 0.000000 0.000000 -1.003370 -0.000000 0.000000 0.000000 0.000000 0.000000 1.000000
1.003371 0.000000 0.000000 0.000000 0.000000 -0.000000 1.003371 0.000000 0.000000 -1.003370 -0.000000 0.000000 0.000000 0.000000 0.000000 1.000000
1.003371 0.000000 0.000000 0.000000 0.000000 -0.000000 1.003371 0.000000 0.000000 -1.003370 -0.000000 0.000000 0.000000 0.000000 0.000000 1.000000
1.003371 0.000000 0.000000 0.000000 0.000000 -0.000000 1.003371 0.000000 0.000000 -1.003370 -0.000000 0.000000 0.000000 0.000000 0.000000 1.000000
1.003371 0.000000 0.000000 0.000000 0.000000 -0.000000 1.003371 0.000000 0.000000 -1.003370 -0.000000 0.000000 0.000000 0.000000 0.000000 1.000000
1.003371 0.000000 0.000000 0.000000 0.000000 -0.000000 1.003371 0.000000 0.000000 -1.003370 -0.000000 0.000000 0.000000 0.000000 0.000000 1.000000
1.003371 0.000000 0.000000 0.000000 0.000000 -0.000000 1.003371 0.000000 0.000000 -1.003370 -0.000000 0.000000 0.000000 0.000000 0.000000 1.000000
1.003371 0.000000 0.000000 0.000000 0.000000 -0.000000 1.003371 0.000000 0.000000 -1.003370 -0.000000 0.000000 0.000000 0.000000 0.000000 1.000000
1.003371 0.000000 0.000000 0.000000 0.000000 -0.000000 1.003371 0.000000 0.000000 -1.003370 -0.000000 0.000000 0.000000 0.000000 0.000000 1.000000
1.003371 0.000000 0.000000 0.000000 0.000000 -0.000000 1.003371 0.000000 0.000000 -1.003370 -0.000000 0.000000 0.000000 0.000000 0.000000 1.000000
1.003371 0.000000 0.000000 0.000000 0.000000 -0.000000 1.003371 0.000000 0.000000 -1.003370 -0.000000 0.000000 0.000000 0.000000 0.000000 1.000000
1.003371 0.000000 0.000000 0.000000 0.000000 -0.000000 1.003371 0.000000 0.000000 -1.003370 -0.000000 0.000000 0.000000 0.000000 0.000000 1.000000
1.003371 0.000000 0.000000 0.000000 0.000000 -0.000000 1.003371 0.000000 0.000000 -1.003370 -0.000000 0.000000 0.000000 0.000000 0.000000 1.000000
1.003371 0.000000 0.000000 0.000000 0.000000 -0.000000 1.003371 0.000000 0.000000 -1.003370 -0.000000 0.000000 0.000000 0.000000 0.000000 1.000000
1.003371 0.000000 0.000000 0.000000 0.000000 -0.000000 1.003371 0.000000 0.000000 -1.003370 -0.000000 0.000000 0.000000 0.000000 0.000000 1.000000
1.003371 0.000000 0.000000 0.000000 0.000000 -0.000000 1.003371 0.000000 0.000000 -1.003370 -0.000000 0.000000 0.000000 0.000000 0.000000 1.000000
1.003371 0.000000 0.000000 0.000000 0.000000 -0.000000 1.003371 0.000000 0.000000 -1.003370 -0.000000 0.000000 0.000000 0.000000 0.000000 1.000000
1.003371 0.000000 0.000000 0.000000 0.000000 -0.000000 1.003371 0.000000 0.000000 -1.003370 -0.000000 0.000000 0.000000 0.000000 0.000000 1.000000
1.003371 0.000000 0.000000 0.000000 0.000000 -0.000000 1.003371 0.000000 0.000000 -1.003370 -0.000000 0.000000 0.000000 0.000000 0.000000 1.000000
1.003371 0.000000 0.000000 0.000000 0.000000 -0.000000 1.003371 0.000000 0.000000 -1.003370 -0.000000 0.000000 0.000000 0.000000 0.000000 1.000000
1.003371 0.000000 0.000000 0.000000 0.000000 -0.000000 1.003371 0.000000 0.000000 -1.003370 -0.000000 0.000000 0.000000 0.000000 0.000000 1.000000
1.003371 0.000000 0.000000 0.000000 0.000000 -0.000000 1.003371 0.000000 0.000000 -1.003370 -0.000000 0.000000 0.000000 0.000000 0.000000 1.000000
1.003371 0.000000 0.000000 0.000000 0.000000 -0.000000 1.003371 0.000000 0.000000 -1.003370 -0.000000 0.000000 0.000000 0.000000 0.000000 1.000000
1.003371 0.000000 0.000000 0.000000 0.000000 -0.000000 1.003371 0.000000 0.000000 -1.003370 -0.000000 0.000000 0.000000 0.000000 0.000000 1.000000
1.003371 0.000000 0.000000 0.000000 0.000000 -0.000000 1.003371 0.000000 0.000000 -1.003370 -0.000000 0.000000 0.000000 0.000000 0.000000 1.000000
1.003371 0.000000 0.000000 0.000000 0.000000 -0.000000 1.003371 0.000000 0.000000 -1.003370 -0.000000 0.000000 0.000000 0.000000 0.000000 1.000000</float_array>
                    <technique_common>
                        <accessor source="#Armature.001-Matrix-animation-output-transform-array" count="36" stride="16">
                            <param type="float4x4"/>
                        </accessor>
                    </technique_common>
                </source>
                <source id="Armature.001-Interpolations">
                    <Name_array id="Armature.001-Interpolations-array" count="36">
 LINEAR LINEAR LINEAR LINEAR LINEAR LINEAR LINEAR LINEAR LINEAR LINEAR LINEAR
LINEAR LINEAR LINEAR LINEAR LINEAR LINEAR LINEAR LINEAR LINEAR LINEAR LINEAR LINEAR
LINEAR LINEAR LINEAR LINEAR LINEAR LINEAR LINEAR LINEAR LINEAR LINEAR LINEAR LINEAR
LINEAR</Name_array>
                    <technique_common>
                        <accessor source="#Armature.001-Interpolations-array" count="36">
                            <param type="name"/>
                        </accessor>
                    </technique_common>
                </source>
                <sampler id="Armature.001-Matrix-animation-transform">
                    <input semantic="INPUT" source="#Armature.001-Matrix-animation-input"/>
                    <input semantic="OUTPUT" source="#Armature.001-Matrix-animation-output-transform"/>
                    <input semantic="INTERPOLATION" source="#Armature.001-Interpolations"/>
                </sampler>
                <channel source="#Armature.001-Matrix-animation-transform" target="Armature.001/matrix"/>
            </animation>
        </animation>
        <animation id="Anim-anim" name="Anim">
            <animation>
                <source id="Anim-Matrix-animation-input">
                    <float_array id="Anim-Matrix-animation-input-array" count="36">

0.000000 0.033333 0.066667 0.100000 0.133333 0.166667 0.200000 0.233333 0.266667 0.300000 0.333333 0.366667 0.400000 0.433333 0.466667 0.500000
0.533333 0.566667 0.600000 0.633333 0.666667 0.700000 0.733333 0.766667 0.800000 0.833333 0.866667 0.900000 0.933333 0.966667 1.000000 1.033333
1.066667 1.100000 1.133333 1.166667</float_array>
                    <technique_common>
                        <accessor source="#Anim-Matrix-animation-input-array" count="36">
                            <param name="TIME" type="float"/>
                        </accessor>
                    </technique_common>
                </source>
                <source id="Anim-Matrix-animation-output-transform">
                    <float_array id="Anim-Matrix-animation-output-transform-array" count="576">

1.000000 -0.000000 0.000000 0.000000 0.000000 1.000000 0.000000 -0.018900 -0.000000 0.000000 1.000000 0.328862 0.000000 0.000000 0.000000 1.000000
1.000000 -0.000000 0.000000 0.000000 0.000000 1.000000 0.000000 -0.018900 -0.000000 0.000000 1.000000 0.328862 0.000000 0.000000 0.000000 1.000000
1.000000 -0.000000 0.000000 0.000000 0.000000 1.000000 0.000000 -0.018900 -0.000000 0.000000 1.000000 0.328862 0.000000 0.000000 0.000000 1.000000
1.000000 -0.000000 0.000000 0.000000 0.000000 1.000000 0.000000 -0.018900 -0.000000 0.000000 1.000000 0.328862 0.000000 0.000000 0.000000 1.000000
1.000000 -0.000000 0.000000 0.000000 0.000000 1.000000 0.000000 -0.018900 -0.000000 0.000000 1.000000 0.328862 0.000000 0.000000 0.000000 1.000000
1.000000 -0.000000 0.000000 0.000000 0.000000 1.000000 0.000000 -0.018900 -0.000000 0.000000 1.000000 0.328862 0.000000 0.000000 0.000000 1.000000
1.000000 -0.000000 0.000000 0.000000 0.000000 1.000000 0.000000 -0.018900 -0.000000 0.000000 1.000000 0.328862 0.000000 0.000000 0.000000 1.000000
1.000000 -0.000000 0.000000 0.000000 0.000000 1.000000 0.000000 -0.018900 -0.000000 0.000000 1.000000 0.328862 0.000000 0.000000 0.000000 1.000000
1.000000 -0.000000 0.000000 0.000000 0.000000 1.000000 0.000000 -0.018900 -0.000000 0.000000 1.000000 0.328862 0.000000 0.000000 0.000000 1.000000
1.000000 -0.000000 0.000000 0.000000 0.000000 1.000000 0.000000 -0.018900 -0.000000 0.000000 1.000000 0.328862 0.000000 0.000000 0.000000 1.000000
1.000000 -0.000000 0.000000 0.000000 0.000000 1.000000 0.000000 -0.018900 -0.000000 0.000000 1.000000 0.328862 0.000000 0.000000 0.000000 1.000000
1.000000 -0.000000 0.000000 0.000000 0.000000 1.000000 0.000000 -0.018900 -0.000000 0.000000 1.000000 0.328862 0.000000 0.000000 0.000000 1.000000
1.000000 -0.000000 0.000000 0.000000 0.000000 1.000000 0.000000 -0.018900 -0.000000 0.000000 1.000000 0.328862 0.000000 0.000000 0.000000 1.000000
1.000000 -0.000000 0.000000 0.000000 0.000000 1.000000 0.000000 -0.018900 -0.000000 0.000000 1.000000 0.328862 0.000000 0.000000 0.000000 1.000000
1.000000 -0.000000 0.000000 0.000000 0.000000 1.000000 0.000000 -0.018900 -0.000000 0.000000 1.000000 0.328862 0.000000 0.000000 0.000000 1.000000
1.000000 -0.000000 0.000000 0.000000 0.000000 1.000000 0.000000 -0.018900 -0.000000 0.000000 1.000000 0.328862 0.000000 0.000000 0.000000 1.000000
1.000000 -0.000000 0.000000 0.000000 0.000000 1.000000 0.000000 -0.018900 -0.000000 0.000000 1.000000 0.328862 0.000000 0.000000 0.000000 1.000000
1.000000 -0.000000 0.000000 0.000000 0.000000 1.000000 0.000000 -0.018900 -0.000000 0.000000 1.000000 0.328862 0.000000 0.000000 0.000000 1.000000
1.000000 -0.000000 0.000000 0.000000 0.000000 1.000000 0.000000 -0.018900 -0.000000 0.000000 1.000000 0.328862 0.000000 0.000000 0.000000 1.000000
1.000000 -0.000000 0.000000 0.000000 0.000000 1.000000 0.000000 -0.018900 -0.000000 0.000000 1.000000 0.328862 0.000000 0.000000 0.000000 1.000000
1.000000 -0.000000 0.000000 0.000000 0.000000 1.000000 0.000000 -0.018900 -0.000000 0.000000 1.000000 0.328862 0.000000 0.000000 0.000000 1.000000
1.000000 -0.000000 0.000000 0.000000 0.000000 1.000000 0.000000 -0.018900 -0.000000 0.000000 1.000000 0.328862 0.000000 0.000000 0.000000 1.000000
1.000000 -0.000000 0.000000 0.000000 0.000000 1.000000 0.000000 -0.018900 -0.000000 0.000000 1.000000 0.328862 0.000000 0.000000 0.000000 1.000000
1.000000 -0.000000 0.000000 0.000000 0.000000 1.000000 0.000000 -0.018900 -0.000000 0.000000 1.000000 0.328862 0.000000 0.000000 0.000000 1.000000
1.000000 -0.000000 0.000000 0.000000 0.000000 1.000000 0.000000 -0.018900 -0.000000 0.000000 1.000000 0.328862 0.000000 0.000000 0.000000 1.000000
1.000000 -0.000000 0.000000 0.000000 0.000000 1.000000 0.000000 -0.018900 -0.000000 0.000000 1.000000 0.328862 0.000000 0.000000 0.000000 1.000000
1.000000 -0.000000 0.000000 0.000000 0.000000 1.000000 0.000000 -0.018900 -0.000000 0.000000 1.000000 0.328862 0.000000 0.000000 0.000000 1.000000
1.000000 -0.000000 0.000000 0.000000 0.000000 1.000000 0.000000 -0.018900 -0.000000 0.000000 1.000000 0.328862 0.000000 0.000000 0.000000 1.000000
1.000000 -0.000000 0.000000 0.000000 0.000000 1.000000 0.000000 -0.018900 -0.000000 0.000000 1.000000 0.328862 0.000000 0.000000 0.000000 1.000000
1.000000 -0.000000 0.000000 0.000000 0.000000 1.000000 0.000000 -0.018900 -0.000000 0.000000 1.000000 0.328862 0.000000 0.000000 0.000000 1.000000
1.000000 -0.000000 0.000000 0.000000 0.000000 1.000000 0.000000 -0.018900 -0.000000 0.000000 1.000000 0.328862 0.000000 0.000000 0.000000 1.000000
1.000000 -0.000000 0.000000 0.000000 0.000000 1.000000 0.000000 -0.018900 -0.000000 0.000000 1.000000 0.328862 0.000000 0.000000 0.000000 1.000000
1.000000 -0.000000 0.000000 0.000000 0.000000 1.000000 0.000000 -0.018900 -0.000000 0.000000 1.000000 0.328862 0.000000 0.000000 0.000000 1.000000
1.000000 -0.000000 0.000000 0.000000 0.000000 1.000000 0.000000 -0.018900 -0.000000 0.000000 1.000000 0.328862 0.000000 0.000000 0.000000 1.000000
1.000000 -0.000000 0.000000 0.000000 0.000000 1.000000 0.000000 -0.018900 -0.000000 0.000000 1.000000 0.328862 0.000000 0.000000 0.000000 1.000000
1.000000 -0.000000 0.000000 0.000000 0.000000 1.000000 0.000000 -0.018900 -0.000000 0.000000 1.000000 0.328862 0.000000 0.000000 0.000000 1.000000</float_array>
                    <technique_common>
                        <accessor source="#Anim-Matrix-animation-output-transform-array" count="36" stride="16">
                            <param type="float4x4"/>
                        </accessor>
                    </technique_common>
                </source>
                <source id="Anim-Interpolations">
                    <Name_array id="Anim-Interpolations-array" count="36">
 LINEAR LINEAR LINEAR LINEAR LINEAR LINEAR LINEAR LINEAR LINEAR LINEAR LINEAR
LINEAR LINEAR LINEAR LINEAR LINEAR LINEAR LINEAR LINEAR LINEAR LINEAR LINEAR LINEAR
LINEAR LINEAR LINEAR LINEAR LINEAR LINEAR LINEAR LINEAR LINEAR LINEAR LINEAR LINEAR
LINEAR</Name_array>
                    <technique_common>
                        <accessor source="#Anim-Interpolations-array" count="36">
                            <param type="name"/>
                        </accessor>
                    </technique_common>
                </source>
                <sampler id="Anim-Matrix-animation-transform">
                    <input semantic="INPUT" source="#Anim-Matrix-animation-input"/>
                    <input semantic="OUTPUT" source="#Anim-Matrix-animation-output-transform"/>
                    <input semantic="INTERPOLATION" source="#Anim-Interpolations"/>
                </sampler>
                <channel source="#Anim-Matrix-animation-transform" target="Anim/matrix"/>
            </animation>
        </animation>
        <animation id="Gun-anim" name="Gun">
            <animation>
                <source id="Gun-Matrix-animation-input">
                    <float_array id="Gun-Matrix-animation-input-array" count="36">

0.000000 0.033333 0.066667 0.100000 0.133333 0.166667 0.200000 0.233333 0.266667 0.300000 0.333333 0.366667 0.400000 0.433333 0.466667 0.500000
0.533333 0.566667 0.600000 0.633333 0.666667 0.700000 0.733333 0.766667 0.800000 0.833333 0.866667 0.900000 0.933333 0.966667 1.000000 1.033333
1.066667 1.100000 1.133333 1.166667</float_array>
                    <technique_common>
                        <accessor source="#Gun-Matrix-animation-input-array" count="36">
                            <param name="TIME" type="float"/>
                        </accessor>
                    </technique_common>
                </source>
                <source id="Gun-Matrix-animation-output-transform">
                    <float_array id="Gun-Matrix-animation-output-transform-array" count="576">

1.000000 -0.000000 0.000002 -0.000000 0.000000 1.000000 -0.000000 0.000000 -0.000002 0.000000 1.000000 -0.000000 0.000000 0.000000 0.000000 1.000000
0.999591 0.016177 -0.023575 -0.011960 -0.015802 0.999747 0.015995 -0.003163 0.023828 -0.015616 0.999594 0.010330 0.000000 0.000000 0.000000 1.000000
0.994928 0.058383 -0.081910 -0.041861 -0.053742 0.996883 0.057764 -0.011071 0.085027 -0.053069 0.994964 0.036157 0.000000 0.000000 0.000000 1.000000
0.980920 0.116519 -0.155624 -0.080732 -0.099099 0.988366 0.115379 -0.021352 0.167258 -0.097755 0.981055 0.069732 0.000000 0.000000 0.000000 1.000000
0.957766 0.177512 -0.226215 -0.119603 -0.139071 0.974533 0.175913 -0.031633 0.251681 -0.137024 0.958061 0.103306 0.000000 0.000000 0.000000 1.000000
0.933335 0.225826 -0.279084 -0.149504 -0.165432 0.960463 0.223924 -0.039542 0.318618 -0.162827 0.933793 0.129133 0.000000 0.000000 0.000000 1.000000
0.920430 0.245676 -0.304061 -0.161464 -0.174163 0.954091 0.243674 -0.042705 0.349967 -0.171329 0.920961 0.139464 0.000000 0.000000 0.000000 1.000000
0.917968 0.244616 -0.312247 -0.161464 -0.175145 0.956271 0.234244 -0.042705 0.355893 -0.160340 0.920669 0.139464 0.000000 0.000000 0.000000 1.000000
0.916161 0.240787 -0.320421 -0.161464 -0.179590 0.961305 0.208901 -0.042705 0.358323 -0.133843 0.923954 0.139464 0.000000 0.000000 0.000000 1.000000
0.914995 0.235016 -0.327951 -0.161464 -0.186094 0.967040 0.173789 -0.042705 0.357984 -0.097986 0.928572 0.139464 0.000000 0.000000 0.000000 1.000000
0.914422 0.228294 -0.334237 -0.161464 -0.193186 0.971797 0.135240 -0.042705 0.355685 -0.059097 0.932736 0.139464 0.000000 0.000000 0.000000 1.000000
0.914344 0.221766 -0.338813 -0.161464 -0.199439 0.974811 0.099833 -0.042705 0.352418 -0.023709 0.935542 0.139464 0.000000 0.000000 0.000000 1.000000
0.914617 0.216658 -0.341372 -0.161464 -0.203541 0.976246 0.074259 -0.042705 0.349352 0.001564 0.936990 0.139464 0.000000 0.000000 0.000000 1.000000
0.926822 0.198482 -0.318758 -0.149504 -0.191450 0.980039 0.053582 -0.039542 0.323030 0.011366 0.946320 0.129133 0.000000 0.000000 0.000000 1.000000
0.952971 0.158719 -0.258174 -0.119603 -0.155826 0.987274 0.031768 -0.031633 0.259931 0.009956 0.965576 0.103306 0.000000 0.000000 0.000000 1.000000
0.978514 0.107371 -0.176016 -0.080732 -0.106545 0.994207 0.014167 -0.021352 0.176517 0.004891 0.984285 0.069732 0.000000 0.000000 0.000000 1.000000
0.994232 0.055685 -0.091659 -0.041861 -0.055558 0.998448 0.003936 -0.011071 0.091736 0.001179 0.995783 0.036157 0.000000 0.000000 0.000000 1.000000
0.999531 0.015878 -0.026177 -0.011960 -0.015873 0.999874 0.000380 -0.003163 0.026180 0.000036 0.999657 0.010330 0.000000 0.000000 0.000000 1.000000
1.000000 -0.000000 0.000002 -0.000000 0.000000 1.000000 -0.000000 0.000000 -0.000002 0.000000 1.000000 -0.000000 0.000000 0.000000 0.000000 1.000000
1.000000 -0.000000 0.000002 -0.000000 0.000000 1.000000 -0.000000 0.000000 -0.000002 0.000000 1.000000 -0.000000 0.000000 0.000000 0.000000 1.000000
1.000000 -0.000000 0.000002 -0.000000 0.000000 1.000000 -0.000000 0.000000 -0.000002 0.000000 1.000000 -0.000000 0.000000 0.000000 0.000000 1.000000
1.000000 -0.000000 0.000002 -0.000000 0.000000 1.000000 -0.000000 0.000000 -0.000002 0.000000 1.000000 -0.000000 0.000000 0.000000 0.000000 1.000000
1.000000 -0.000000 0.000002 -0.000000 0.000000 1.000000 -0.000000 0.000000 -0.000002 0.000000 1.000000 -0.000000 0.000000 0.000000 0.000000 1.000000
1.000000 -0.000000 0.000002 -0.000000 0.000000 1.000000 -0.000000 0.000000 -0.000002 0.000000 1.000000 -0.000000 0.000000 0.000000 0.000000 1.000000
1.000000 -0.000000 0.000002 -0.000000 0.000000 1.000000 -0.000000 0.000000 -0.000002 0.000000 1.000000 -0.000000 0.000000 0.000000 0.000000 1.000000
1.000000 -0.000000 0.000002 -0.000000 0.000000 1.000000 -0.000000 0.000000 -0.000002 0.000000 1.000000 -0.000000 0.000000 0.000000 0.000000 1.000000
1.000000 -0.000000 0.000002 -0.000000 0.000000 1.000000 -0.000000 0.000000 -0.000002 0.000000 1.000000 -0.000000 0.000000 0.000000 0.000000 1.000000
1.000000 -0.000000 0.000002 -0.000000 0.000000 1.000000 -0.000000 0.000000 -0.000002 0.000000 1.000000 -0.000000 0.000000 0.000000 0.000000 1.000000
1.000000 -0.000000 0.000002 -0.000000 0.000000 1.000000 -0.000000 0.000000 -0.000002 0.000000 1.000000 -0.000000 0.000000 0.000000 0.000000 1.000000
1.000000 -0.000000 0.000002 -0.000000 0.000000 1.000000 -0.000000 0.000000 -0.000002 0.000000 1.000000 -0.000000 0.000000 0.000000 0.000000 1.000000
1.000000 -0.000000 0.000002 -0.000000 0.000000 1.000000 -0.000000 0.000000 -0.000002 0.000000 1.000000 -0.000000 0.000000 0.000000 0.000000 1.000000
1.000000 -0.000000 0.000002 -0.000000 0.000000 1.000000 -0.000000 0.000000 -0.000002 0.000000 1.000000 -0.000000 0.000000 0.000000 0.000000 1.000000
1.000000 -0.000000 0.000002 -0.000000 0.000000 1.000000 -0.000000 0.000000 -0.000002 0.000000 1.000000 -0.000000 0.000000 0.000000 0.000000 1.000000
1.000000 -0.000000 0.000002 -0.000000 0.000000 1.000000 -0.000000 0.000000 -0.000002 0.000000 1.000000 -0.000000 0.000000 0.000000 0.000000 1.000000
1.000000 -0.000000 0.000002 -0.000000 0.000000 1.000000 -0.000000 0.000000 -0.000002 0.000000 1.000000 -0.000000 0.000000 0.000000 0.000000 1.000000
1.000000 -0.000000 0.000002 -0.000000 0.000000 1.000000 -0.000000 0.000000 -0.000002 0.000000 1.000000 -0.000000 0.000000 0.000000 0.000000 1.000000</float_array>
                    <technique_common>
                        <accessor source="#Gun-Matrix-animation-output-transform-array" count="36" stride="16">
                            <param type="float4x4"/>
                        </accessor>
                    </technique_common>
                </source>
                <source id="Gun-Interpolations">
                    <Name_array id="Gun-Interpolations-array" count="36">
 LINEAR LINEAR LINEAR LINEAR LINEAR LINEAR LINEAR LINEAR LINEAR LINEAR LINEAR
LINEAR LINEAR LINEAR LINEAR LINEAR LINEAR LINEAR LINEAR LINEAR LINEAR LINEAR LINEAR
LINEAR LINEAR LINEAR LINEAR LINEAR LINEAR LINEAR LINEAR LINEAR LINEAR LINEAR LINEAR
LINEAR</Name_array>
                    <technique_common>
                        <accessor source="#Gun-Interpolations-array" count="36">
                            <param type="name"/>
                        </accessor>
                    </technique_common>
                </source>
                <sampler id="Gun-Matrix-animation-transform">
                    <input semantic="INPUT" source="#Gun-Matrix-animation-input"/>
                    <input semantic="OUTPUT" source="#Gun-Matrix-animation-output-transform"/>
                    <input semantic="INTERPOLATION" source="#Gun-Interpolations"/>
                </sampler>
                <channel source="#Gun-Matrix-animation-transform" target="Gun/matrix"/>
            </animation>
        </animation>
        <animation id="Trigger-anim" name="Trigger">
            <animation>
                <source id="Trigger-Matrix-animation-input">
                    <float_array id="Trigger-Matrix-animation-input-array" count="36">

0.000000 0.033333 0.066667 0.100000 0.133333 0.166667 0.200000 0.233333 0.266667 0.300000 0.333333 0.366667 0.400000 0.433333 0.466667 0.500000
0.533333 0.566667 0.600000 0.633333 0.666667 0.700000 0.733333 0.766667 0.800000 0.833333 0.866667 0.900000 0.933333 0.966667 1.000000 1.033333
1.066667 1.100000 1.133333 1.166667</float_array>
                    <technique_common>
                        <accessor source="#Trigger-Matrix-animation-input-array" count="36">
                            <param name="TIME" type="float"/>
                        </accessor>
                    </technique_common>
                </source>
                <source id="Trigger-Matrix-animation-output-transform">
                    <float_array id="Trigger-Matrix-animation-output-transform-array" count="576">

1.000000 -0.000000 0.000000 -0.212035 0.000000 -1.000000 -0.000001 0.248900 0.000000 0.000001 -1.000000 -0.058862 0.000000 0.000000 0.000000 1.000000
1.000000 -0.000000 0.000000 -0.212035 -0.000000 -1.000000 -0.000001 0.248900 0.000000 0.000001 -1.000000 -0.058862 0.000000 0.000000 0.000000 1.000000
1.000000 -0.000000 0.000000 -0.212035 -0.000000 -1.000000 -0.000001 0.248900 0.000000 0.000001 -1.000000 -0.058862 0.000000 0.000000 0.000000 1.000000
1.000000 -0.000000 0.000000 -0.212035 -0.000000 -1.000000 -0.000001 0.248900 0.000000 0.000001 -1.000000 -0.058862 0.000000 0.000000 0.000000 1.000000
1.000000 0.000000 0.000000 -0.212035 0.000000 -1.000000 -0.000001 0.248900 0.000000 0.000001 -1.000000 -0.058862 0.000000 0.000000 0.000000 1.000000
1.000000 0.000000 0.000000 -0.212035 0.000000 -1.000000 -0.000001 0.248900 0.000000 0.000001 -1.000000 -0.058862 0.000000 0.000000 0.000000 1.000000
1.000000 -0.000000 0.000000 -0.212035 -0.000000 -1.000000 -0.000001 0.248900 0.000000 0.000001 -1.000000 -0.058862 0.000000 0.000000 0.000000 1.000000
1.000000 -0.000000 0.000000 -0.212035 -0.000000 -1.000000 -0.000001 0.248900 0.000000 0.000001 -1.000000 -0.058862 0.000000 0.000000 0.000000 1.000000
1.000000 0.000000 0.000000 -0.212035 0.000000 -1.000000 -0.000001 0.248900 0.000000 0.000001 -1.000000 -0.058862 0.000000 0.000000 0.000000 1.000000
1.000000 -0.000000 0.000000 -0.212035 -0.000000 -1.000000 -0.000001 0.248900 0.000000 0.000001 -1.000000 -0.058862 0.000000 0.000000 0.000000 1.000000
1.000000 -0.000000 0.000000 -0.212035 -0.000000 -1.000000 -0.000001 0.248900 0.000000 0.000001 -1.000000 -0.058862 0.000000 0.000000 0.000000 1.000000
1.000000 0.000000 0.000000 -0.212035 0.000000 -1.000000 -0.000001 0.248900 0.000000 0.000001 -1.000000 -0.058862 0.000000 0.000000 0.000000 1.000000
1.000000 0.000000 0.000000 -0.212035 0.000000 -1.000000 -0.000001 0.248900 0.000000 0.000001 -1.000000 -0.058862 0.000000 0.000000 0.000000 1.000000
1.000000 0.000000 0.000000 -0.212035 0.000000 -1.000000 -0.000001 0.248900 0.000000 0.000001 -1.000000 -0.058862 0.000000 0.000000 0.000000 1.000000
1.000000 -0.000000 0.000000 -0.212035 -0.000000 -1.000000 -0.000001 0.248900 0.000000 0.000001 -1.000000 -0.058862 0.000000 0.000000 0.000000 1.000000
1.000000 0.000000 0.000000 -0.212035 0.000000 -1.000000 -0.000001 0.248900 0.000000 0.000001 -1.000000 -0.058862 0.000000 0.000000 0.000000 1.000000
1.000000 0.000000 0.000000 -0.212035 0.000000 -1.000000 -0.000001 0.248900 0.000000 0.000001 -1.000000 -0.058862 0.000000 0.000000 0.000000 1.000000
1.000000 -0.000000 0.000000 -0.212035 -0.000000 -1.000000 -0.000001 0.248900 0.000000 0.000001 -1.000000 -0.058862 0.000000 0.000000 0.000000 1.000000
1.000000 -0.000000 0.000000 -0.212035 0.000000 -1.000000 -0.000001 0.248900 0.000000 0.000001 -1.000000 -0.058862 0.000000 0.000000 0.000000 1.000000
1.000000 0.000000 0.000000 -0.212035 0.000000 -0.988558 0.150840 0.248900 0.000000 -0.150840 -0.988558 -0.058862 0.000000 0.000000 0.000000 1.000000
1.000000 0.000000 0.000000 -0.212035 -0.000000 -0.986834 0.161734 0.248900 0.000000 -0.161734 -0.986834 -0.058862 0.000000 0.000000 0.000000 1.000000
1.000000 0.000000 0.000000 -0.212035 -0.000000 -0.987497 0.157639 0.248900 0.000000 -0.157639 -0.987497 -0.058862 0.000000 0.000000 0.000000 1.000000
1.000000 0.000000 0.000000 -0.212035 -0.000000 -0.988558 0.150842 0.248900 0.000000 -0.150842 -0.988558 -0.058862 0.000000 0.000000 0.000000 1.000000
1.000000 0.000000 0.000000 -0.212035 -0.000000 -0.989903 0.141743 0.248900 0.000000 -0.141743 -0.989903 -0.058862 0.000000 0.000000 0.000000 1.000000
1.000000 0.000000 0.000000 -0.212035 -0.000000 -0.991416 0.130743 0.248900 0.000000 -0.130743 -0.991416 -0.058862 0.000000 0.000000 0.000000 1.000000
1.000000 0.000000 0.000000 -0.212035 -0.000000 -0.992985 0.118245 0.248900 0.000000 -0.118245 -0.992985 -0.058862 0.000000 0.000000 0.000000 1.000000
1.000000 0.000000 0.000000 -0.212035 -0.000000 -0.994509 0.104654 0.248900 0.000000 -0.104654 -0.994509 -0.058862 0.000000 0.000000 0.000000 1.000000
1.000000 0.000000 0.000000 -0.212035 -0.000000 -0.995907 0.090382 0.248900 0.000000 -0.090382 -0.995907 -0.058862 0.000000 0.000000 0.000000 1.000000
1.000000 0.000000 0.000000 -0.212035 -0.000000 -0.997120 0.075844 0.248900 0.000000 -0.075844 -0.997120 -0.058862 0.000000 0.000000 0.000000 1.000000
1.000000 0.000000 0.000000 -0.212035 -0.000000 -0.998110 0.061455 0.248900 0.000000 -0.061455 -0.998110 -0.058862 0.000000 0.000000 0.000000 1.000000
1.000000 0.000000 0.000000 -0.212035 -0.000000 -0.998865 0.047636 0.248900 0.000000 -0.047636 -0.998865 -0.058862 0.000000 0.000000 0.000000 1.000000
1.000000 0.000000 0.000000 -0.212035 -0.000000 -0.999394 0.034803 0.248900 0.000000 -0.034803 -0.999394 -0.058862 0.000000 0.000000 0.000000 1.000000
1.000000 0.000000 0.000000 -0.212035 -0.000000 -0.999727 0.023374 0.248900 0.000000 -0.023374 -0.999727 -0.058862 0.000000 0.000000 0.000000 1.000000
1.000000 -0.000000 0.000000 -0.212035 -0.000000 -0.999905 0.013767 0.248900 0.000000 -0.013767 -0.999905 -0.058862 0.000000 0.000000 0.000000 1.000000
1.000000 -0.000000 0.000000 -0.212035 -0.000000 -0.999980 0.006393 0.248900 0.000000 -0.006393 -0.999980 -0.058862 0.000000 0.000000 0.000000 1.000000
1.000000 -0.000000 0.000000 -0.212035 -0.000000 -0.999999 0.001667 0.248900 0.000000 -0.001667 -0.999999 -0.058862 0.000000 0.000000 0.000000 1.000000</float_array>
                    <technique_common>
                        <accessor source="#Trigger-Matrix-animation-output-transform-array" count="36" stride="16">
                            <param type="float4x4"/>
                        </accessor>
                    </technique_common>
                </source>
                <source id="Trigger-Interpolations">
                    <Name_array id="Trigger-Interpolations-array" count="36">
 LINEAR LINEAR LINEAR LINEAR LINEAR LINEAR LINEAR LINEAR LINEAR LINEAR LINEAR
LINEAR LINEAR LINEAR LINEAR LINEAR LINEAR LINEAR LINEAR LINEAR LINEAR LINEAR LINEAR
LINEAR LINEAR LINEAR LINEAR LINEAR LINEAR LINEAR LINEAR LINEAR LINEAR LINEAR LINEAR
LINEAR</Name_array>
                    <technique_common>
                        <accessor source="#Trigger-Interpolations-array" count="36">
                            <param type="name"/>
                        </accessor>
                    </technique_common>
                </source>
                <sampler id="Trigger-Matrix-animation-transform">
                    <input semantic="INPUT" source="#Trigger-Matrix-animation-input"/>
                    <input semantic="OUTPUT" source="#Trigger-Matrix-animation-output-transform"/>
                    <input semantic="INTERPOLATION" source="#Trigger-Interpolations"/>
                </sampler>
                <channel source="#Trigger-Matrix-animation-transform" target="Trigger/matrix"/>
            </animation>
        </animation>
        <animation id="Hammer-anim" name="Hammer">
            <animation>
                <source id="Hammer-Matrix-animation-input">
                    <float_array id="Hammer-Matrix-animation-input-array" count="36">

0.000000 0.033333 0.066667 0.100000 0.133333 0.166667 0.200000 0.233333 0.266667 0.300000 0.333333 0.366667 0.400000 0.433333 0.466667 0.500000
0.533333 0.566667 0.600000 0.633333 0.666667 0.700000 0.733333 0.766667 0.800000 0.833333 0.866667 0.900000 0.933333 0.966667 1.000000 1.033333
1.066667 1.100000 1.133333 1.166667</float_array>
                    <technique_common>
                        <accessor source="#Hammer-Matrix-animation-input-array" count="36">
                            <param name="TIME" type="float"/>
                        </accessor>
                    </technique_common>
                </source>
                <source id="Hammer-Matrix-animation-output-transform">
                    <float_array id="Hammer-Matrix-animation-output-transform-array" count="576">

1.000000 0.000000 -0.000000 0.081259 -0.000000 1.000000 0.000000 0.235358 0.000000 -0.000000 1.000000 -0.240989 0.000000 0.000000 0.000000 1.000000
1.000000 0.000000 -0.000000 0.081259 -0.000000 1.000000 0.000000 0.235358 0.000000 -0.000000 1.000000 -0.240989 0.000000 0.000000 0.000000 1.000000
1.000000 0.000000 -0.000000 0.081259 -0.000000 1.000000 -0.000000 0.235358 0.000000 0.000000 1.000000 -0.240989 0.000000 0.000000 0.000000 1.000000
1.000000 0.000000 -0.000000 0.081259 -0.000000 1.000000 0.000000 0.235358 0.000000 -0.000000 1.000000 -0.240989 0.000000 0.000000 0.000000 1.000000
1.000000 -0.000000 0.000000 0.081259 0.000000 1.000000 0.000000 0.235358 -0.000000 -0.000000 1.000000 -0.240989 0.000000 0.000000 0.000000 1.000000
1.000000 -0.000000 0.000000 0.081259 0.000000 1.000000 -0.000000 0.235358 -0.000000 0.000000 1.000000 -0.240989 0.000000 0.000000 0.000000 1.000000
1.000000 -0.000000 0.000000 0.081259 0.000000 1.000000 -0.000000 0.235358 -0.000000 0.000000 1.000000 -0.240989 0.000000 0.000000 0.000000 1.000000
1.000000 -0.000000 0.000000 0.081259 0.000000 0.998706 0.050864 0.235358 -0.000000 -0.050864 0.998706 -0.240989 0.000000 0.000000 0.000000 1.000000
1.000000 -0.000000 0.000000 0.081259 0.000000 0.983902 0.178711 0.235358 -0.000000 -0.178711 0.983902 -0.240989 0.000000 0.000000 0.000000 1.000000
1.000000 0.000000 0.000000 0.081259 -0.000000 0.939693 0.342020 0.235358 -0.000000 -0.342020 0.939693 -0.240989 0.000000 0.000000 0.000000 1.000000
1.000000 -0.000000 0.000000 0.081259 -0.000000 0.868585 0.495540 0.235358 -0.000000 -0.495540 0.868585 -0.240989 0.000000 0.000000 0.000000 1.000000
1.000000 -0.000000 -0.000000 0.081259 0.000000 0.797748 0.602991 0.235358 0.000000 -0.602991 0.797748 -0.240989 0.000000 0.000000 0.000000 1.000000
1.000000 0.000000 0.000000 0.081259 -0.000000 0.766044 0.642788 0.235358 0.000000 -0.642788 0.766044 -0.240989 0.000000 0.000000 0.000000 1.000000
1.000000 0.000000 0.000000 0.081259 -0.000000 0.766044 0.642788 0.235358 0.000000 -0.642788 0.766044 -0.240989 0.000000 0.000000 0.000000 1.000000
1.000000 0.000000 0.000000 0.081259 -0.000000 0.766044 0.642788 0.235358 0.000000 -0.642788 0.766044 -0.240989 0.000000 0.000000 0.000000 1.000000
1.000000 0.000000 0.000000 0.081259 -0.000000 0.766044 0.642788 0.235358 0.000000 -0.642788 0.766044 -0.240989 0.000000 0.000000 0.000000 1.000000
1.000000 0.000000 0.000000 0.081259 -0.000000 0.766044 0.642788 0.235358 0.000000 -0.642788 0.766044 -0.240989 0.000000 0.000000 0.000000 1.000000
1.000000 0.000000 0.000000 0.081259 -0.000000 0.766044 0.642788 0.235358 0.000000 -0.642788 0.766044 -0.240989 0.000000 0.000000 0.000000 1.000000
1.000000 0.000000 0.000000 0.081259 -0.000000 0.766044 0.642788 0.235358 0.000000 -0.642788 0.766044 -0.240989 0.000000 0.000000 0.000000 1.000000
1.000000 0.000000 0.000000 0.081259 -0.000000 0.868586 0.495539 0.235358 0.000000 -0.495539 0.868586 -0.240989 0.000000 0.000000 0.000000 1.000000
1.000000 0.000000 0.000000 0.081259 -0.000000 0.983902 0.178711 0.235358 0.000000 -0.178711 0.983902 -0.240989 0.000000 0.000000 0.000000 1.000000
1.000000 0.000000 -0.000000 0.081259 -0.000000 1.000000 0.000000 0.235358 0.000000 -0.000000 1.000000 -0.240989 0.000000 0.000000 0.000000 1.000000
1.000000 0.000000 -0.000000 0.081259 -0.000000 1.000000 0.000000 0.235358 0.000000 -0.000000 1.000000 -0.240989 0.000000 0.000000 0.000000 1.000000
1.000000 0.000000 -0.000000 0.081259 -0.000000 1.000000 0.000000 0.235358 0.000000 -0.000000 1.000000 -0.240989 0.000000 0.000000 0.000000 1.000000
1.000000 0.000000 -0.000000 0.081259 -0.000000 1.000000 0.000000 0.235358 0.000000 -0.000000 1.000000 -0.240989 0.000000 0.000000 0.000000 1.000000
1.000000 0.000000 -0.000000 0.081259 -0.000000 1.000000 0.000000 0.235358 0.000000 -0.000000 1.000000 -0.240989 0.000000 0.000000 0.000000 1.000000
1.000000 0.000000 -0.000000 0.081259 -0.000000 1.000000 0.000000 0.235358 0.000000 -0.000000 1.000000 -0.240989 0.000000 0.000000 0.000000 1.000000
1.000000 0.000000 -0.000000 0.081259 -0.000000 1.000000 0.000000 0.235358 0.000000 -0.000000 1.000000 -0.240989 0.000000 0.000000 0.000000 1.000000
1.000000 0.000000 -0.000000 0.081259 -0.000000 1.000000 0.000000 0.235358 0.000000 -0.000000 1.000000 -0.240989 0.000000 0.000000 0.000000 1.000000
1.000000 0.000000 -0.000000 0.081259 -0.000000 1.000000 0.000000 0.235358 0.000000 -0.000000 1.000000 -0.240989 0.000000 0.000000 0.000000 1.000000
1.000000 0.000000 -0.000000 0.081259 -0.000000 1.000000 0.000000 0.235358 0.000000 -0.000000 1.000000 -0.240989 0.000000 0.000000 0.000000 1.000000
1.000000 0.000000 -0.000000 0.081259 -0.000000 1.000000 0.000000 0.235358 0.000000 -0.000000 1.000000 -0.240989 0.000000 0.000000 0.000000 1.000000
1.000000 0.000000 -0.000000 0.081259 -0.000000 1.000000 0.000000 0.235358 0.000000 -0.000000 1.000000 -0.240989 0.000000 0.000000 0.000000 1.000000
1.000000 0.000000 -0.000000 0.081259 -0.000000 1.000000 0.000000 0.235358 0.000000 -0.000000 1.000000 -0.240989 0.000000 0.000000 0.000000 1.000000
1.000000 0.000000 -0.000000 0.081259 -0.000000 1.000000 0.000000 0.235358 0.000000 -0.000000 1.000000 -0.240989 0.000000 0.000000 0.000000 1.000000
1.000000 0.000000 -0.000000 0.081259 -0.000000 1.000000 0.000000 0.235358 0.000000 -0.000000 1.000000 -0.240989 0.000000 0.000000 0.000000 1.000000</float_array>
                    <technique_common>
                        <accessor source="#Hammer-Matrix-animation-output-transform-array" count="36" stride="16">
                            <param type="float4x4"/>
                        </accessor>
                    </technique_common>
                </source>
                <source id="Hammer-Interpolations">
                    <Name_array id="Hammer-Interpolations-array" count="36">
 LINEAR LINEAR LINEAR LINEAR LINEAR LINEAR LINEAR LINEAR LINEAR LINEAR LINEAR
LINEAR LINEAR LINEAR LINEAR LINEAR LINEAR LINEAR LINEAR LINEAR LINEAR LINEAR LINEAR
LINEAR LINEAR LINEAR LINEAR LINEAR LINEAR LINEAR LINEAR LINEAR LINEAR LINEAR LINEAR
LINEAR</Name_array>
                    <technique_common>
                        <accessor source="#Hammer-Interpolations-array" count="36">
                            <param type="name"/>
                        </accessor>
                    </technique_common>
                </source>
                <sampler id="Hammer-Matrix-animation-transform">
                    <input semantic="INPUT" source="#Hammer-Matrix-animation-input"/>
                    <input semantic="OUTPUT" source="#Hammer-Matrix-animation-output-transform"/>
                    <input semantic="INTERPOLATION" source="#Hammer-Interpolations"/>
                </sampler>
                <channel source="#Hammer-Matrix-animation-transform" target="Hammer/matrix"/>
            </animation>
        </animation>
        <animation id="Spring-anim" name="Spring">
