<?xml version="1.0" encoding="utf-8"?>
<COLLADA xmlns="http://www.collada.org/2005/11/COLLADASchema" version="1.4.1">
    <asset>
        <contributor>
            <author></author>
            <authoring_tool>FBX COLLADA exporter</authoring_tool>
            <comments></comments>
        </contributor>
        <created>2022-07-31T22:01:59Z</created>
        <keywords></keywords>
        <modified>2022-07-31T22:01:59Z</modified>
        <revision></revision>
        <subject></subject>
        <title></title>
        <unit meter="0.010000" name="centimeter"></unit>
        <up_axis>Y_UP</up_axis>
    </asset>
    <library_animations>
        <animation id="Armature-anim" name="Armature">
            <animation>
                <source id="Armature-Matrix-animation-input">
                    <float_array id="Armature-Matrix-animation-input-array" count="50">

0.000000 0.033333 0.066667 0.100000 0.133333 0.166667 0.200000 0.233333 0.266667 0.300000 0.333333 0.366667 0.400000 0.433333 0.466667 0.500000
0.533333 0.566667 0.600000 0.633333 0.666667 0.700000 0.733333 0.766667 0.800000 0.833333 0.866667 0.900000 0.933333 0.966667 1.000000 1.033333
1.066667 1.100000 1.133333 1.166667 1.200000 1.233333 1.266667 1.300000 1.333333 1.366667 1.400000 1.433333 1.466667 1.500000 1.533333 1.566667
1.600000 1.633333</float_array>
                    <technique_common>
                        <accessor source="#Armature-Matrix-animation-input-array" count="50">
                            <param name="TIME" type="float"/>
                        </accessor>
                    </technique_common>
                </source>
                <source id="Armature-Matrix-animation-output-transform">
                    <float_array id="Armature-Matrix-animation-output-transform-array" count="800">

1.000000 0.000000 0.000000 0.000000 0.000000 -0.000000 1.000000 0.000000 0.000000 -1.000000 -0.000000 0.000000 0.000000 0.000000 0.000000 1.000000
1.000000 0.000000 0.000000 0.000000 0.000000 -0.000000 1.000000 0.000000 0.000000 -1.000000 -0.000000 0.000000 0.000000 0.000000 0.000000 1.000000
1.000000 0.000000 0.000000 0.000000 0.000000 -0.000000 1.000000 0.000000 0.000000 -1.000000 -0.000000 0.000000 0.000000 0.000000 0.000000 1.000000
1.000000 0.000000 0.000000 0.000000 0.000000 -0.000000 1.000000 0.000000 0.000000 -1.000000 -0.000000 0.000000 0.000000 0.000000 0.000000 1.000000
1.000000 0.000000 0.000000 0.000000 0.000000 -0.000000 1.000000 0.000000 0.000000 -1.000000 -0.000000 0.000000 0.000000 0.000000 0.000000 1.000000
1.000000 0.000000 0.000000 0.000000 0.000000 -0.000000 1.000000 0.000000 0.000000 -1.000000 -0.000000 0.000000 0.000000 0.000000 0.000000 1.000000
1.000000 0.000000 0.000000 0.000000 0.000000 -0.000000 1.000000 0.000000 0.000000 -1.000000 -0.000000 0.000000 0.000000 0.000000 0.000000 1.000000
1.000000 0.000000 0.000000 0.000000 0.000000 -0.000000 1.000000 0.000000 0.000000 -1.000000 -0.000000 0.000000 0.000000 0.000000 0.000000 1.000000
1.000000 0.000000 0.000000 0.000000 0.000000 -0.000000 1.000000 0.000000 0.000000 -1.000000 -0.000000 0.000000 0.000000 0.000000 0.000000 1.000000
1.000000 0.000000 0.000000 0.000000 0.000000 -0.000000 1.000000 0.000000 0.000000 -1.000000 -0.000000 0.000000 0.000000 0.000000 0.000000 1.000000
1.000000 0.000000 0.000000 0.000000 0.000000 -0.000000 1.000000 0.000000 0.000000 -1.000000 -0.000000 0.000000 0.000000 0.000000 0.000000 1.000000
1.000000 0.000000 0.000000 0.000000 0.000000 -0.000000 1.000000 0.000000 0.000000 -1.000000 -0.000000 0.000000 0.000000 0.000000 0.000000 1.000000
1.000000 0.000000 0.000000 0.000000 0.000000 -0.000000 1.000000 0.000000 0.000000 -1.000000 -0.000000 0.000000 0.000000 0.000000 0.000000 1.000000
1.000000 0.000000 0.000000 0.000000 0.000000 -0.000000 1.000000 0.000000 0.000000 -1.000000 -0.000000 0.000000 0.000000 0.000000 0.000000 1.000000
1.000000 0.000000 0.000000 0.000000 0.000000 -0.000000 1.000000 0.000000 0.000000 -1.000000 -0.000000 0.000000 0.000000 0.000000 0.000000 1.000000
1.000000 0.000000 0.000000 0.000000 0.000000 -0.000000 1.000000 0.000000 0.000000 -1.000000 -0.000000 0.000000 0.000000 0.000000 0.000000 1.000000
1.000000 0.000000 0.000000 0.000000 0.000000 -0.000000 1.000000 0.000000 0.000000 -1.000000 -0.000000 0.000000 0.000000 0.000000 0.000000 1.000000
1.000000 0.000000 0.000000 0.000000 0.000000 -0.000000 1.000000 0.000000 0.000000 -1.000000 -0.000000 0.000000 0.000000 0.000000 0.000000 1.000000
1.000000 0.000000 0.000000 0.000000 0.000000 -0.000000 1.000000 0.000000 0.000000 -1.000000 -0.000000 0.000000 0.000000 0.000000 0.000000 1.000000
1.000000 0.000000 0.000000 0.000000 0.000000 -0.000000 1.000000 0.000000 0.000000 -1.000000 -0.000000 0.000000 0.000000 0.000000 0.000000 1.000000
1.000000 0.000000 0.000000 0.000000 0.000000 -0.000000 1.000000 0.000000 0.000000 -1.000000 -0.000000 0.000000 0.000000 0.000000 0.000000 1.000000
1.000000 0.000000 0.000000 0.000000 0.000000 -0.000000 1.000000 0.000000 0.000000 -1.000000 -0.000000 0.000000 0.000000 0.000000 0.000000 1.000000
1.000000 0.000000 0.000000 0.000000 0.000000 -0.000000 1.000000 0.000000 0.000000 -1.000000 -0.000000 0.000000 0.000000 0.000000 0.000000 1.000000
1.000000 0.000000 0.000000 0.000000 0.000000 -0.000000 1.000000 0.000000 0.000000 -1.000000 -0.000000 0.000000 0.000000 0.000000 0.000000 1.000000
1.000000 0.000000 0.000000 0.000000 0.000000 -0.000000 1.000000 0.000000 0.000000 -1.000000 -0.000000 0.000000 0.000000 0.000000 0.000000 1.000000
1.000000 0.000000 0.000000 0.000000 0.000000 -0.000000 1.000000 0.000000 0.000000 -1.000000 -0.000000 0.000000 0.000000 0.000000 0.000000 1.000000
1.000000 0.000000 0.000000 0.000000 0.000000 -0.000000 1.000000 0.000000 0.000000 -1.000000 -0.000000 0.000000 0.000000 0.000000 0.000000 1.000000
1.000000 0.000000 0.000000 0.000000 0.000000 -0.000000 1.000000 0.000000 0.000000 -1.000000 -0.000000 0.000000 0.000000 0.000000 0.000000 1.000000
1.000000 0.000000 0.000000 0.000000 0.000000 -0.000000 1.000000 0.000000 0.000000 -1.000000 -0.000000 0.000000 0.000000 0.000000 0.000000 1.000000
1.000000 0.000000 0.000000 0.000000 0.000000 -0.000000 1.000000 0.000000 0.000000 -1.000000 -0.000000 0.000000 0.000000 0.000000 0.000000 1.000000
1.000000 0.000000 0.000000 0.000000 0.000000 -0.000000 1.000000 0.000000 0.000000 -1.000000 -0.000000 0.000000 0.000000 0.000000 0.000000 1.000000
1.000000 0.000000 0.000000 0.000000 0.000000 -0.000000 1.000000 0.000000 0.000000 -1.000000 -0.000000 0.000000 0.000000 0.000000 0.000000 1.000000
1.000000 0.000000 0.000000 0.000000 0.000000 -0.000000 1.000000 0.000000 0.000000 -1.000000 -0.000000 0.000000 0.000000 0.000000 0.000000 1.000000
1.000000 0.000000 0.000000 0.000000 0.000000 -0.000000 1.000000 0.000000 0.000000 -1.000000 -0.000000 0.000000 0.000000 0.000000 0.000000 1.000000
1.000000 0.000000 0.000000 0.000000 0.000000 -0.000000 1.000000 0.000000 0.000000 -1.000000 -0.000000 0.000000 0.000000 0.000000 0.000000 1.000000
1.000000 0.000000 0.000000 0.000000 0.000000 -0.000000 1.000000 0.000000 0.000000 -1.000000 -0.000000 0.000000 0.000000 0.000000 0.000000 1.000000
1.000000 0.000000 0.000000 0.000000 0.000000 -0.000000 1.000000 0.000000 0.000000 -1.000000 -0.000000 0.000000 0.000000 0.000000 0.000000 1.000000
1.000000 0.000000 0.000000 0.000000 0.000000 -0.000000 1.000000 0.000000 0.000000 -1.000000 -0.000000 0.000000 0.000000 0.000000 0.000000 1.000000
1.000000 0.000000 0.000000 0.000000 0.000000 -0.000000 1.000000 0.000000 0.000000 -1.000000 -0.000000 0.000000 0.000000 0.000000 0.000000 1.000000
1.000000 0.000000 0.000000 0.000000 0.000000 -0.000000 1.000000 0.000000 0.000000 -1.000000 -0.000000 0.000000 0.000000 0.000000 0.000000 1.000000
1.000000 0.000000 0.000000 0.000000 0.000000 -0.000000 1.000000 0.000000 0.000000 -1.000000 -0.000000 0.000000 0.000000 0.000000 0.000000 1.000000
1.000000 0.000000 0.000000 0.000000 0.000000 -0.000000 1.000000 0.000000 0.000000 -1.000000 -0.000000 0.000000 0.000000 0.000000 0.000000 1.000000
1.000000 0.000000 0.000000 0.000000 0.000000 -0.000000 1.000000 0.000000 0.000000 -1.000000 -0.000000 0.000000 0.000000 0.000000 0.000000 1.000000
1.000000 0.000000 0.000000 0.000000 0.000000 -0.000000 1.000000 0.000000 0.000000 -1.000000 -0.000000 0.000000 0.000000 0.000000 0.000000 1.000000
1.000000 0.000000 0.000000 0.000000 0.000000 -0.000000 1.000000 0.000000 0.000000 -1.000000 -0.000000 0.000000 0.000000 0.000000 0.000000 1.000000
1.000000 0.000000 0.000000 0.000000 0.000000 -0.000000 1.000000 0.000000 0.000000 -1.000000 -0.000000 0.000000 0.000000 0.000000 0.000000 1.000000
1.000000 0.000000 0.000000 0.000000 0.000000 -0.000000 1.000000 0.000000 0.000000 -1.000000 -0.000000 0.000000 0.000000 0.000000 0.000000 1.000000
1.000000 0.000000 0.000000 0.000000 0.000000 -0.000000 1.000000 0.000000 0.000000 -1.000000 -0.000000 0.000000 0.000000 0.000000 0.000000 1.000000
1.000000 0.000000 0.000000 0.000000 0.000000 -0.000000 1.000000 0.000000 0.000000 -1.000000 -0.000000 0.000000 0.000000 0.000000 0.000000 1.000000
1.000000 0.000000 0.000000 0.000000 0.000000 -0.000000 1.000000 0.000000 0.000000 -1.000000 -0.000000 0.000000 0.000000 0.000000 0.000000 1.000000</float_array>
                    <technique_common>
                        <accessor source="#Armature-Matrix-animation-output-transform-array" count="50" stride="16">
                            <param type="float4x4"/>
                        </accessor>
                    </technique_common>
                </source>
                <source id="Armature-Interpolations">
                    <Name_array id="Armature-Interpolations-array" count="50">
 LINEAR LINEAR LINEAR LINEAR LINEAR LINEAR LINEAR LINEAR LINEAR LINEAR LINEAR
LINEAR LINEAR LINEAR LINEAR LINEAR LINEAR LINEAR LINEAR LINEAR LINEAR LINEAR LINEAR
LINEAR LINEAR LINEAR LINEAR LINEAR LINEAR LINEAR LINEAR LINEAR LINEAR LINEAR LINEAR
LINEAR LINEAR LINEAR LINEAR LINEAR LINEAR LINEAR LINEAR LINEAR LINEAR LINEAR LINEAR
LINEAR LINEAR LINEAR</Name_array>
                    <technique_common>
                        <accessor source="#Armature-Interpolations-array" count="50">
                            <param type="name"/>
                        </accessor>
                    </technique_common>
                </source>
                <sampler id="Armature-Matrix-animation-transform">
                    <input semantic="INPUT" source="#Armature-Matrix-animation-input"/>
                    <input semantic="OUTPUT" source="#Armature-Matrix-animation-output-transform"/>
                    <input semantic="INTERPOLATION" source="#Armature-Interpolations"/>
                </sampler>
                <channel source="#Armature-Matrix-animation-transform" target="Armature/matrix"/>
            </animation>
        </animation>
        <animation id="Anim-anim" name="Anim">
            <animation>
                <source id="Anim-Matrix-animation-input">
                    <float_array id="Anim-Matrix-animation-input-array" count="50">

0.000000 0.033333 0.066667 0.100000 0.133333 0.166667 0.200000 0.233333 0.266667 0.300000 0.333333 0.366667 0.400000 0.433333 0.466667 0.500000
0.533333 0.566667 0.600000 0.633333 0.666667 0.700000 0.733333 0.766667 0.800000 0.833333 0.866667 0.900000 0.933333 0.966667 1.000000 1.033333
1.066667 1.100000 1.133333 1.166667 1.200000 1.233333 1.266667 1.300000 1.333333 1.366667 1.400000 1.433333 1.466667 1.500000 1.533333 1.566667
1.600000 1.633333</float_array>
                    <technique_common>
                        <accessor source="#Anim-Matrix-animation-input-array" count="50">
                            <param name="TIME" type="float"/>
                        </accessor>
                    </technique_common>
                </source>
                <source id="Anim-Matrix-animation-output-transform">
                    <float_array id="Anim-Matrix-animation-output-transform-array" count="800">

1.000000 0.000000 0.000000 0.000000 0.000000 1.000000 -0.000000 -0.018719 -0.000000 0.000000 1.000000 0.328676 0.000000 0.000000 0.000000 1.000000
1.000000 0.000000 0.000000 0.000000 0.000000 1.000000 -0.000000 -0.018719 -0.000000 0.000000 1.000000 0.328676 0.000000 0.000000 0.000000 1.000000
1.000000 0.000000 0.000000 0.000000 0.000000 1.000000 -0.000000 -0.018719 -0.000000 0.000000 1.000000 0.328676 0.000000 0.000000 0.000000 1.000000
1.000000 0.000000 0.000000 0.000000 0.000000 1.000000 -0.000000 -0.018719 -0.000000 0.000000 1.000000 0.328676 0.000000 0.000000 0.000000 1.000000
1.000000 0.000000 0.000000 0.000000 0.000000 1.000000 -0.000000 -0.018719 -0.000000 0.000000 1.000000 0.328676 0.000000 0.000000 0.000000 1.000000
1.000000 0.000000 0.000000 0.000000 0.000000 1.000000 -0.000000 -0.018719 -0.000000 0.000000 1.000000 0.328676 0.000000 0.000000 0.000000 1.000000
1.000000 0.000000 0.000000 0.000000 0.000000 1.000000 -0.000000 -0.018719 -0.000000 0.000000 1.000000 0.328676 0.000000 0.000000 0.000000 1.000000
1.000000 0.000000 0.000000 0.000000 0.000000 1.000000 -0.000000 -0.018719 -0.000000 0.000000 1.000000 0.328676 0.000000 0.000000 0.000000 1.000000
1.000000 0.000000 0.000000 0.000000 0.000000 1.000000 -0.000000 -0.018719 -0.000000 0.000000 1.000000 0.328676 0.000000 0.000000 0.000000 1.000000
1.000000 0.000000 0.000000 0.000000 0.000000 1.000000 -0.000000 -0.018719 -0.000000 0.000000 1.000000 0.328676 0.000000 0.000000 0.000000 1.000000
1.000000 0.000000 0.000000 0.000000 0.000000 1.000000 -0.000000 -0.018719 -0.000000 0.000000 1.000000 0.328676 0.000000 0.000000 0.000000 1.000000
1.000000 0.000000 0.000000 0.000000 0.000000 1.000000 -0.000000 -0.018719 -0.000000 0.000000 1.000000 0.328676 0.000000 0.000000 0.000000 1.000000
1.000000 0.000000 0.000000 0.000000 0.000000 1.000000 -0.000000 -0.018719 -0.000000 0.000000 1.000000 0.328676 0.000000 0.000000 0.000000 1.000000
1.000000 0.000000 0.000000 0.000000 0.000000 1.000000 -0.000000 -0.018719 -0.000000 0.000000 1.000000 0.328676 0.000000 0.000000 0.000000 1.000000
1.000000 0.000000 0.000000 0.000000 0.000000 1.000000 -0.000000 -0.018719 -0.000000 0.000000 1.000000 0.328676 0.000000 0.000000 0.000000 1.000000
1.000000 0.000000 0.000000 0.000000 0.000000 1.000000 -0.000000 -0.018719 -0.000000 0.000000 1.000000 0.328676 0.000000 0.000000 0.000000 1.000000
1.000000 0.000000 0.000000 0.000000 0.000000 1.000000 -0.000000 -0.018719 -0.000000 0.000000 1.000000 0.328676 0.000000 0.000000 0.000000 1.000000
1.000000 0.000000 0.000000 0.000000 0.000000 1.000000 -0.000000 -0.018719 -0.000000 0.000000 1.000000 0.328676 0.000000 0.000000 0.000000 1.000000
1.000000 0.000000 0.000000 0.000000 0.000000 1.000000 -0.000000 -0.018719 -0.000000 0.000000 1.000000 0.328676 0.000000 0.000000 0.000000 1.000000
1.000000 0.000000 0.000000 0.000000 0.000000 1.000000 -0.000000 -0.018719 -0.000000 0.000000 1.000000 0.328676 0.000000 0.000000 0.000000 1.000000
1.000000 0.000000 0.000000 0.000000 0.000000 1.000000 -0.000000 -0.018719 -0.000000 0.000000 1.000000 0.328676 0.000000 0.000000 0.000000 1.000000
1.000000 0.000000 0.000000 0.000000 0.000000 1.000000 -0.000000 -0.018719 -0.000000 0.000000 1.000000 0.328676 0.000000 0.000000 0.000000 1.000000
1.000000 0.000000 0.000000 0.000000 0.000000 1.000000 -0.000000 -0.018719 -0.000000 0.000000 1.000000 0.328676 0.000000 0.000000 0.000000 1.000000
1.000000 0.000000 0.000000 0.000000 0.000000 1.000000 -0.000000 -0.018719 -0.000000 0.000000 1.000000 0.328676 0.000000 0.000000 0.000000 1.000000
1.000000 0.000000 0.000000 0.000000 0.000000 1.000000 -0.000000 -0.018719 -0.000000 0.000000 1.000000 0.328676 0.000000 0.000000 0.000000 1.000000
1.000000 0.000000 0.000000 0.000000 0.000000 1.000000 -0.000000 -0.018719 -0.000000 0.000000 1.000000 0.328676 0.000000 0.000000 0.000000 1.000000
1.000000 0.000000 0.000000 0.000000 0.000000 1.000000 -0.000000 -0.018719 -0.000000 0.000000 1.000000 0.328676 0.000000 0.000000 0.000000 1.000000
1.000000 0.000000 0.000000 0.000000 0.000000 1.000000 -0.000000 -0.018719 -0.000000 0.000000 1.000000 0.328676 0.000000 0.000000 0.000000 1.000000
1.000000 0.000000 0.000000 0.000000 0.000000 1.000000 -0.000000 -0.018719 -0.000000 0.000000 1.000000 0.328676 0.000000 0.000000 0.000000 1.000000
1.000000 0.000000 0.000000 0.000000 0.000000 1.000000 -0.000000 -0.018719 -0.000000 0.000000 1.000000 0.328676 0.000000 0.000000 0.000000 1.000000
1.000000 0.000000 0.000000 0.000000 0.000000 1.000000 -0.000000 -0.018719 -0.000000 0.000000 1.000000 0.328676 0.000000 0.000000 0.000000 1.000000
1.000000 0.000000 0.000000 0.000000 0.000000 1.000000 -0.000000 -0.018719 -0.000000 0.000000 1.000000 0.328676 0.000000 0.000000 0.000000 1.000000
1.000000 0.000000 0.000000 0.000000 0.000000 1.000000 -0.000000 -0.018719 -0.000000 0.000000 1.000000 0.328676 0.000000 0.000000 0.000000 1.000000
1.000000 0.000000 0.000000 0.000000 0.000000 1.000000 -0.000000 -0.018719 -0.000000 0.000000 1.000000 0.328676 0.000000 0.000000 0.000000 1.000000
1.000000 0.000000 0.000000 0.000000 0.000000 1.000000 -0.000000 -0.018719 -0.000000 0.000000 1.000000 0.328676 0.000000 0.000000 0.000000 1.000000
1.000000 0.000000 0.000000 0.000000 0.000000 1.000000 -0.000000 -0.018719 -0.000000 0.000000 1.000000 0.328676 0.000000 0.000000 0.000000 1.000000
1.000000 0.000000 0.000000 0.000000 0.000000 1.000000 -0.000000 -0.018719 -0.000000 0.000000 1.000000 0.328676 0.000000 0.000000 0.000000 1.000000
1.000000 0.000000 0.000000 0.000000 0.000000 1.000000 -0.000000 -0.018719 -0.000000 0.000000 1.000000 0.328676 0.000000 0.000000 0.000000 1.000000
1.000000 0.000000 0.000000 0.000000 0.000000 1.000000 -0.000000 -0.018719 -0.000000 0.000000 1.000000 0.328676 0.000000 0.000000 0.000000 1.000000
1.000000 0.000000 0.000000 0.000000 0.000000 1.000000 -0.000000 -0.018719 -0.000000 0.000000 1.000000 0.328676 0.000000 0.000000 0.000000 1.000000
1.000000 0.000000 0.000000 0.000000 0.000000 1.000000 -0.000000 -0.018719 -0.000000 0.000000 1.000000 0.328676 0.000000 0.000000 0.000000 1.000000
1.000000 0.000000 0.000000 0.000000 0.000000 1.000000 -0.000000 -0.018719 -0.000000 0.000000 1.000000 0.328676 0.000000 0.000000 0.000000 1.000000
1.000000 0.000000 0.000000 0.000000 0.000000 1.000000 -0.000000 -0.018719 -0.000000 0.000000 1.000000 0.328676 0.000000 0.000000 0.000000 1.000000
1.000000 0.000000 0.000000 0.000000 0.000000 1.000000 -0.000000 -0.018719 -0.000000 0.000000 1.000000 0.328676 0.000000 0.000000 0.000000 1.000000
1.000000 0.000000 0.000000 0.000000 0.000000 1.000000 -0.000000 -0.018719 -0.000000 0.000000 1.000000 0.328676 0.000000 0.000000 0.000000 1.000000
1.000000 0.000000 0.000000 0.000000 0.000000 1.000000 -0.000000 -0.018719 -0.000000 0.000000 1.000000 0.328676 0.000000 0.000000 0.000000 1.000000
1.000000 0.000000 0.000000 0.000000 0.000000 1.000000 -0.000000 -0.018719 -0.000000 0.000000 1.000000 0.328676 0.000000 0.000000 0.000000 1.000000
1.000000 0.000000 0.000000 0.000000 0.000000 1.000000 -0.000000 -0.018719 -0.000000 0.000000 1.000000 0.328676 0.000000 0.000000 0.000000 1.000000
1.000000 0.000000 0.000000 0.000000 0.000000 1.000000 -0.000000 -0.018719 -0.000000 0.000000 1.000000 0.328676 0.000000 0.000000 0.000000 1.000000
1.000000 0.000000 0.000000 0.000000 0.000000 1.000000 -0.000000 -0.018719 -0.000000 0.000000 1.000000 0.328676 0.000000 0.000000 0.000000 1.000000</float_array>
                    <technique_common>
                        <accessor source="#Anim-Matrix-animation-output-transform-array" count="50" stride="16">
                            <param type="float4x4"/>
                        </accessor>
                    </technique_common>
                </source>
                <source id="Anim-Interpolations">
                    <Name_array id="Anim-Interpolations-array" count="50">
 LINEAR LINEAR LINEAR LINEAR LINEAR LINEAR LINEAR LINEAR LINEAR LINEAR LINEAR
LINEAR LINEAR LINEAR LINEAR LINEAR LINEAR LINEAR LINEAR LINEAR LINEAR LINEAR LINEAR
LINEAR LINEAR LINEAR LINEAR LINEAR LINEAR LINEAR LINEAR LINEAR LINEAR LINEAR LINEAR
LINEAR LINEAR LINEAR LINEAR LINEAR LINEAR LINEAR LINEAR LINEAR LINEAR LINEAR LINEAR
LINEAR LINEAR LINEAR</Name_array>
                    <technique_common>
                        <accessor source="#Anim-Interpolations-array" count="50">
                            <param type="name"/>
                        </accessor>
                    </technique_common>
                </source>
                <sampler id="Anim-Matrix-animation-transform">
                    <input semantic="INPUT" source="#Anim-Matrix-animation-input"/>
                    <input semantic="OUTPUT" source="#Anim-Matrix-animation-output-transform"/>
                    <input semantic="INTERPOLATION" source="#Anim-Interpolations"/>
                </sampler>
                <channel source="#Anim-Matrix-animation-transform" target="Anim/matrix"/>
            </animation>
        </animation>
        <animation id="Gun-anim" name="Gun">
            <animation>
                <source id="Gun-Matrix-animation-input">
                    <float_array id="Gun-Matrix-animation-input-array" count="50">

0.000000 0.033333 0.066667 0.100000 0.133333 0.166667 0.200000 0.233333 0.266667 0.300000 0.333333 0.366667 0.400000 0.433333 0.466667 0.500000
0.533333 0.566667 0.600000 0.633333 0.666667 0.700000 0.733333 0.766667 0.800000 0.833333 0.866667 0.900000 0.933333 0.966667 1.000000 1.033333
1.066667 1.100000 1.133333 1.166667 1.200000 1.233333 1.266667 1.300000 1.333333 1.366667 1.400000 1.433333 1.466667 1.500000 1.533333 1.566667
1.600000 1.633333</float_array>
                    <technique_common>
                        <accessor source="#Gun-Matrix-animation-input-array" count="50">
                            <param name="TIME" type="float"/>
                        </accessor>
                    </technique_common>
                </source>
                <source id="Gun-Matrix-animation-output-transform">
                    <float_array id="Gun-Matrix-animation-output-transform-array" count="800">

0.878931 -0.447705 -0.164442 -0.029291 -0.409777 -0.532419 -0.740684 0.012552 0.244056 0.718394 -0.651419 -0.035519 0.000000 0.000000 0.000000 1.000000
0.878931 -0.447705 -0.164442 -0.029291 -0.409777 -0.532419 -0.740684 0.012552 0.244056 0.718394 -0.651419 -0.035519 0.000000 0.000000 0.000000 1.000000
0.878931 -0.447705 -0.164442 -0.029291 -0.409777 -0.532419 -0.740684 0.012552 0.244056 0.718394 -0.651419 -0.035519 0.000000 0.000000 0.000000 1.000000
0.878931 -0.447705 -0.164442 -0.029291 -0.409777 -0.532419 -0.740684 0.012552 0.244056 0.718394 -0.651419 -0.035519 0.000000 0.000000 0.000000 1.000000
0.878931 -0.447705 -0.164442 -0.029291 -0.409777 -0.532419 -0.740684 0.012552 0.244056 0.718394 -0.651419 -0.035519 0.000000 0.000000 0.000000 1.000000
0.878931 -0.447705 -0.164442 -0.029291 -0.409777 -0.532419 -0.740684 0.012552 0.244056 0.718394 -0.651419 -0.035519 0.000000 0.000000 0.000000 1.000000
0.881701 -0.442440 -0.163858 -0.029291 -0.404266 -0.529397 -0.745860 0.012552 0.243252 0.723868 -0.645634 -0.035519 0.000000 0.000000 0.000000 1.000000
0.888376 -0.428840 -0.163966 -0.029291 -0.390004 -0.516440 -0.762356 0.012552 0.242250 0.741206 -0.626042 -0.035519 0.000000 0.000000 0.000000 1.000000
0.896552 -0.410159 -0.167227 -0.029291 -0.370437 -0.487326 -0.790752 0.012552 0.242839 0.770897 -0.588852 -0.035519 0.000000 0.000000 0.000000 1.000000
0.904117 -0.389436 -0.175819 -0.029291 -0.348961 -0.435528 -0.829784 0.012552 0.246573 0.811576 -0.529666 -0.035519 0.000000 0.000000 0.000000 1.000000
0.909383 -0.369102 -0.191798 -0.029291 -0.328602 -0.354762 -0.875308 0.012552 0.255036 0.859015 -0.443903 -0.035519 0.000000 0.000000 0.000000 1.000000
0.901079 -0.355436 -0.248438 -0.029291 -0.336374 -0.211300 -0.917717 0.012552 0.273695 0.910504 -0.309957 -0.035519 0.000000 0.000000 0.000000 1.000000
0.869925 -0.330667 -0.365911 -0.029291 -0.382590 0.015718 -0.923784 0.012552 0.311216 0.943617 -0.112836 -0.035519 0.000000 0.000000 0.000000 1.000000
0.815065 -0.258218 -0.518645 -0.029291 -0.442564 0.300238 -0.844982 0.012552 0.373906 0.918249 0.130436 -0.035519 0.000000 0.000000 0.000000 1.000000
0.740215 -0.111091 -0.663129 -0.029291 -0.489270 0.587494 -0.644566 0.012552 0.461190 0.801567 0.380518 -0.035519 0.000000 0.000000 0.000000 1.000000
0.658342 0.110217 -0.744606 -0.029291 -0.501733 0.801671 -0.324943 0.012552 0.561115 0.587517 0.583073 -0.035518 0.000000 0.000000 0.000000 1.000000
0.587624 0.372713 -0.718180 -0.029291 -0.475739 0.877111 0.065938 0.012552 0.654500 0.302920 0.692726 -0.035518 0.000000 0.000000 0.000000 1.000000
0.555511 0.615369 -0.559221 -0.029291 -0.422868 0.788148 0.447219 0.012552 0.715954 -0.011959 0.698045 -0.035518 0.000000 0.000000 0.000000 1.000000
0.567017 0.767618 -0.298755 -0.029291 -0.376791 0.564236 0.734620 0.012552 0.732476 -0.303973 0.609163 -0.035518 0.000000 0.000000 0.000000 1.000000
0.595466 0.803296 0.011680 -0.029291 -0.365031 0.257582 0.894653 0.012552 0.715662 -0.536999 0.446609 -0.035518 0.000000 0.000000 0.000000 1.000000
0.613191 0.709809 0.346653 -0.029291 -0.397628 -0.101834 0.911878 0.012552 0.682561 -0.696994 0.219796 -0.035518 0.000000 0.000000 0.000000 1.000000
0.587624 0.435605 0.681870 -0.029291 -0.475739 -0.495660 0.726631 0.012552 0.654500 -0.751378 -0.084027 -0.035519 0.000000 0.000000 0.000000 1.000000
0.518662 -0.121254 0.846337 -0.029291 -0.550672 -0.804606 0.222194 0.012552 0.654026 -0.581298 -0.484090 -0.035519 0.000000 0.000000 0.000000 1.000000
0.490399 -0.690904 0.531187 -0.029291 -0.544650 -0.718789 -0.432087 0.012552 0.680342 -0.077416 -0.728794 -0.035518 0.000000 0.000000 0.000000 1.000000
0.587624 -0.808319 0.036310 -0.029291 -0.475740 -0.381451 -0.792570 0.012552 0.654500 0.448459 -0.608699 -0.035518 0.000000 0.000000 0.000000 1.000000
0.695763 -0.658530 -0.286797 -0.037995 -0.452257 -0.091447 -0.887187 0.006017 0.558012 0.746978 -0.361450 -0.026428 0.000000 0.000000 0.000000 1.000000
0.722803 -0.471332 -0.505374 -0.058752 -0.496915 0.153726 -0.854075 -0.009569 0.480242 0.868455 -0.123098 -0.004750 0.000000 0.000000 0.000000 1.000000
0.701340 -0.280834 -0.655176 -0.083525 -0.557891 0.355873 -0.749741 -0.028171 0.443712 0.891340 0.092913 0.021123 0.000000 0.000000 0.000000 1.000000
0.661809 -0.101881 -0.742717 -0.104282 -0.597879 0.525965 -0.604898 -0.043757 0.452271 0.844382 0.287176 0.042800 0.000000 0.000000 0.000000 1.000000
0.642094 0.039042 -0.765631 -0.112986 -0.583063 0.673298 -0.454651 -0.050293 0.497747 0.738340 0.455085 0.051891 0.000000 0.000000 0.000000 1.000000
0.671000 0.131048 -0.729784 -0.108132 -0.511648 0.794198 -0.327820 -0.048140 0.536633 0.593361 0.599957 0.049669 0.000000 0.000000 0.000000 1.000000
0.737089 0.181508 -0.650965 -0.095332 -0.415527 0.881377 -0.224748 -0.042463 0.532952 0.436153 0.725075 0.043812 0.000000 0.000000 0.000000 1.000000
0.817269 0.186633 -0.545197 -0.077237 -0.310675 0.939531 -0.144091 -0.034437 0.485337 0.287140 0.825832 0.035531 0.000000 0.000000 0.000000 1.000000
0.890387 0.155223 -0.427922 -0.056493 -0.209534 0.974310 -0.082564 -0.025237 0.404112 0.163177 0.900037 0.026038 0.000000 0.000000 0.000000 1.000000
0.944019 0.103720 -0.313160 -0.035750 -0.121336 0.991913 -0.037242 -0.016036 0.306765 0.073154 0.948970 0.016545 0.000000 0.000000 0.000000 1.000000
0.975905 0.050050 -0.212378 -0.017654 -0.052567 0.998598 -0.006220 -0.008011 0.211769 0.017235 0.977168 0.008264 0.000000 0.000000 0.000000 1.000000
0.990913 0.009432 -0.134172 -0.004855 -0.007940 0.999901 0.011649 -0.002334 0.134269 -0.010478 0.990890 0.002407 0.000000 0.000000 0.000000 1.000000
0.996330 -0.006490 -0.085351 -0.000000 0.008002 0.999817 0.017380 -0.000181 0.085223 -0.018000 0.996199 0.000185 0.000000 0.000000 0.000000 1.000000
0.998340 -0.006455 -0.057234 -0.000000 0.007424 0.999832 0.016743 -0.000181 0.057116 -0.017140 0.998220 0.000185 0.000000 0.000000 0.000000 1.000000
0.999332 -0.005850 -0.036060 -0.000000 0.006389 0.999870 0.014830 -0.000181 0.035969 -0.015051 0.999240 0.000185 0.000000 0.000000 0.000000 1.000000
0.999770 -0.004832 -0.020872 -0.000000 0.005085 0.999914 0.012054 -0.000181 0.020812 -0.012157 0.999709 0.000185 0.000000 0.000000 0.000000 1.000000
0.999936 -0.003579 -0.010686 -0.000000 0.003674 0.999954 0.008835 -0.000181 0.010654 -0.008874 0.999904 0.000185 0.000000 0.000000 0.000000 1.000000
0.999987 -0.002282 -0.004507 -0.000000 0.002308 0.999982 0.005598 -0.000181 0.004494 -0.005608 0.999974 0.000185 0.000000 0.000000 0.000000 1.000000
0.999998 -0.001131 -0.001334 -0.000000 0.001135 0.999996 0.002766 -0.000181 0.001331 -0.002768 0.999995 0.000185 0.000000 0.000000 0.000000 1.000000
1.000000 -0.000312 -0.000165 -0.000000 0.000312 1.000000 0.000761 -0.000181 0.000165 -0.000761 1.000000 0.000185 0.000000 0.000000 0.000000 1.000000
1.000000 -0.000000 0.000002 -0.000000 0.000000 1.000000 0.000000 -0.000181 -0.000002 0.000000 1.000000 0.000185 0.000000 0.000000 0.000000 1.000000
1.000000 -0.000000 0.000002 -0.000000 0.000000 1.000000 0.000000 -0.000181 -0.000002 0.000000 1.000000 0.000185 0.000000 0.000000 0.000000 1.000000
1.000000 -0.000000 0.000002 -0.000000 0.000000 1.000000 0.000000 -0.000181 -0.000002 0.000000 1.000000 0.000185 0.000000 0.000000 0.000000 1.000000
1.000000 -0.000000 0.000002 -0.000000 0.000000 1.000000 0.000000 -0.000181 -0.000002 0.000000 1.000000 0.000185 0.000000 0.000000 0.000000 1.000000
1.000000 -0.000000 0.000002 -0.000000 0.000000 1.000000 0.000000 -0.000181 -0.000002 0.000000 1.000000 0.000185 0.000000 0.000000 0.000000 1.000000</float_array>
                    <technique_common>
                        <accessor source="#Gun-Matrix-animation-output-transform-array" count="50" stride="16">
                            <param type="float4x4"/>
                        </accessor>
                    </technique_common>
                </source>
                <source id="Gun-Interpolations">
                    <Name_array id="Gun-Interpolations-array" count="50">
 LINEAR LINEAR LINEAR LINEAR LINEAR LINEAR LINEAR LINEAR LINEAR LINEAR LINEAR
LINEAR LINEAR LINEAR LINEAR LINEAR LINEAR LINEAR LINEAR LINEAR LINEAR LINEAR LINEAR
LINEAR LINEAR LINEAR LINEAR LINEAR LINEAR LINEAR LINEAR LINEAR LINEAR LINEAR LINEAR
LINEAR LINEAR LINEAR LINEAR LINEAR LINEAR LINEAR LINEAR LINEAR LINEAR LINEAR LINEAR
LINEAR LINEAR LINEAR</Name_array>
                    <technique_common>
                        <accessor source="#Gun-Interpolations-array" count="50">
                            <param type="name"/>
                        </accessor>
                    </technique_common>
                </source>
                <sampler id="Gun-Matrix-animation-transform">
                    <input semantic="INPUT" source="#Gun-Matrix-animation-input"/>
                    <input semantic="OUTPUT" source="#Gun-Matrix-animation-output-transform"/>
                    <input semantic="INTERPOLATION" source="#Gun-Interpolations"/>
                </sampler>
                <channel source="#Gun-Matrix-animation-transform" target="Gun/matrix"/>
            </animation>
        </animation>
        <animation id="Reload-anim" name="Reload">
            <animation>
                <source id="Reload-Matrix-animation-input">
                    <float_array id="Reload-Matrix-animation-input-array" count="50">

0.000000 0.033333 0.066667 0.100000 0.133333 0.166667 0.200000 0.233333 0.266667 0.300000 0.333333 0.366667 0.400000 0.433333 0.466667 0.500000
0.533333 0.566667 0.600000 0.633333 0.666667 0.700000 0.733333 0.766667 0.800000 0.833333 0.866667 0.900000 0.933333 0.966667 1.000000 1.033333
1.066667 1.100000 1.133333 1.166667 1.200000 1.233333 1.266667 1.300000 1.333333 1.366667 1.400000 1.433333 1.466667 1.500000 1.533333 1.566667
1.600000 1.633333</float_array>
                    <technique_common>
                        <accessor source="#Reload-Matrix-animation-input-array" count="50">
                            <param name="TIME" type="float"/>
                        </accessor>
                    </technique_common>
                </source>
                <source id="Reload-Matrix-animation-output-transform">
                    <float_array id="Reload-Matrix-animation-output-transform-array" count="800">

1.000000 -0.000000 -0.000000 0.080539 0.000000 1.000000 0.000000 0.135658 0.000000 -0.000000 1.000000 0.354566 0.000000 0.000000 0.000000 1.000000
1.000000 -0.000000 -0.000000 0.080539 0.000000 1.000000 0.000000 0.135658 0.000000 -0.000000 1.000000 0.354566 0.000000 0.000000 0.000000 1.000000
1.000000 -0.000000 -0.000000 0.080539 0.000000 1.000000 0.000000 0.135658 0.000000 -0.000000 1.000000 0.354566 0.000000 0.000000 0.000000 1.000000
1.000000 -0.000000 -0.000000 0.080539 0.000000 1.000000 0.000000 0.135658 0.000000 -0.000000 1.000000 0.354566 0.000000 0.000000 0.000000 1.000000
1.000000 -0.000000 -0.000000 0.080539 0.000000 1.000000 0.000000 0.135658 0.000000 -0.000000 1.000000 0.354566 0.000000 0.000000 0.000000 1.000000
1.000000 -0.000000 -0.000000 0.080539 0.000000 1.000000 0.000000 0.135658 0.000000 -0.000000 1.000000 0.354566 0.000000 0.000000 0.000000 1.000000
1.000000 -0.000000 -0.000000 0.080539 0.000000 1.000000 0.000000 0.135658 0.000000 -0.000000 1.000000 0.354566 0.000000 0.000000 0.000000 1.000000
1.000000 -0.000000 -0.000000 0.080539 0.000000 1.000000 0.000000 0.135658 0.000000 -0.000000 1.000000 0.354566 0.000000 0.000000 0.000000 1.000000
1.000000 0.000000 -0.000000 0.080539 -0.000000 1.000000 0.000000 0.135658 0.000000 -0.000000 1.000000 0.354566 0.000000 0.000000 0.000000 1.000000
1.000000 -0.000000 -0.000000 0.080539 0.000000 1.000000 0.000000 0.135658 0.000000 -0.000000 1.000000 0.354566 0.000000 0.000000 0.000000 1.000000
1.000000 0.000000 -0.000000 0.080539 -0.000000 1.000000 0.000000 0.135658 0.000000 -0.000000 1.000000 0.354566 0.000000 0.000000 0.000000 1.000000
1.000000 0.000000 -0.000000 0.080539 -0.000000 1.000000 0.000000 0.135658 0.000000 -0.000000 1.000000 0.354566 0.000000 0.000000 0.000000 1.000000
1.000000 0.000000 -0.000000 0.080539 -0.000000 1.000000 0.000000 0.135658 0.000000 -0.000000 1.000000 0.354566 0.000000 0.000000 0.000000 1.000000
1.000000 0.000000 -0.000000 0.080539 -0.000000 1.000000 0.000000 0.135658 0.000000 -0.000000 1.000000 0.354566 0.000000 0.000000 0.000000 1.000000
1.000000 -0.000000 -0.000000 0.080539 0.000000 1.000000 0.000000 0.135658 0.000000 -0.000000 1.000000 0.354566 0.000000 0.000000 0.000000 1.000000
1.000000 0.000000 -0.000000 0.080539 -0.000000 1.000000 0.000000 0.135658 0.000000 -0.000000 1.000000 0.354566 0.000000 0.000000 0.000000 1.000000
1.000000 -0.000000 -0.000000 0.080539 0.000000 1.000000 0.000000 0.135658 0.000000 -0.000000 1.000000 0.354566 0.000000 0.000000 0.000000 1.000000
1.000000 -0.000000 -0.000000 0.080539 0.000000 1.000000 0.000000 0.135658 0.000000 -0.000000 1.000000 0.354566 0.000000 0.000000 0.000000 1.000000
1.000000 -0.000000 -0.000000 0.080539 0.000000 1.000000 0.000000 0.135658 0.000000 -0.000000 1.000000 0.354566 0.000000 0.000000 0.000000 1.000000
1.000000 0.000000 -0.000000 0.080539 0.000000 1.000000 0.000000 0.135658 0.000000 -0.000000 1.000000 0.354566 0.000000 0.000000 0.000000 1.000000
1.000000 -0.000000 -0.000000 0.080539 0.000000 1.000000 0.000000 0.135658 0.000000 -0.000000 1.000000 0.354566 0.000000 0.000000 0.000000 1.000000
1.000000 -0.000000 -0.000000 0.080539 0.000000 1.000000 0.000000 0.135658 0.000000 -0.000000 1.000000 0.354566 0.000000 0.000000 0.000000 1.000000
1.000000 -0.000000 -0.000000 0.080539 0.000000 1.000000 0.000000 0.135658 0.000000 -0.000000 1.000000 0.354566 0.000000 0.000000 0.000000 1.000000
1.000000 -0.000000 -0.000000 0.080539 0.000000 1.000000 0.000000 0.135658 0.000000 -0.000000 1.000000 0.354566 0.000000 0.000000 0.000000 1.000000
1.000000 0.000000 -0.000000 0.080539 -0.000000 1.000000 0.000000 0.135658 0.000000 -0.000000 1.000000 0.354566 0.000000 0.000000 0.000000 1.000000
1.000000 0.000000 -0.000000 0.080539 -0.000000 1.000000 0.000000 0.135658 0.000000 -0.000000 1.000000 0.354566 0.000000 0.000000 0.000000 1.000000
1.000000 -0.000000 -0.000000 0.080539 0.000000 1.000000 0.000000 0.135658 0.000000 -0.000000 1.000000 0.354566 0.000000 0.000000 0.000000 1.000000
1.000000 -0.000000 -0.000000 0.080539 0.000000 1.000000 0.000000 0.135658 0.000000 -0.000000 1.000000 0.354566 0.000000 0.000000 0.000000 1.000000
1.000000 -0.000000 -0.000000 0.080539 0.000000 1.000000 0.000000 0.135658 0.000000 -0.000000 1.000000 0.354566 0.000000 0.000000 0.000000 1.000000
1.000000 0.000000 -0.000000 0.080539 -0.000000 1.000000 0.000000 0.135658 0.000000 -0.000000 1.000000 0.354566 0.000000 0.000000 0.000000 1.000000
1.000000 -0.000000 -0.000000 0.080539 0.000000 1.000000 0.000000 0.135658 0.000000 -0.000000 1.000000 0.354566 0.000000 0.000000 0.000000 1.000000
1.000000 0.000000 -0.000000 0.080539 -0.000000 1.000000 0.000000 0.135658 0.000000 -0.000000 1.000000 0.354566 0.000000 0.000000 0.000000 1.000000
1.000000 -0.000000 -0.000000 0.080539 0.000000 1.000000 0.000000 0.135658 0.000000 -0.000000 1.000000 0.354566 0.000000 0.000000 0.000000 1.000000
1.000000 -0.000000 -0.000000 0.080539 0.000000 1.000000 0.000000 0.135658 0.000000 -0.000000 1.000000 0.354566 0.000000 0.000000 0.000000 1.000000
1.000000 -0.000000 -0.000000 0.080539 0.000000 1.000000 0.000000 0.135658 0.000000 -0.000000 1.000000 0.354566 0.000000 0.000000 0.000000 1.000000
1.000000 0.000000 -0.000000 0.080539 -0.000000 1.000000 0.000000 0.135658 0.000000 -0.000000 1.000000 0.354566 0.000000 0.000000 0.000000 1.000000
1.000000 0.000000 -0.000000 0.080539 -0.000000 1.000000 0.000000 0.135658 0.000000 -0.000000 1.000000 0.354566 0.000000 0.000000 0.000000 1.000000
1.000000 0.000000 -0.000000 0.080539 -0.000000 1.000000 0.000000 0.135658 0.000000 -0.000000 1.000000 0.354566 0.000000 0.000000 0.000000 1.000000
1.000000 0.000000 -0.000000 0.080539 -0.000000 1.000000 0.000000 0.135658 0.000000 -0.000000 1.000000 0.354566 0.000000 0.000000 0.000000 1.000000
1.000000 0.000000 -0.000000 0.080539 -0.000000 1.000000 0.000000 0.135658 0.000000 -0.000000 1.000000 0.354566 0.000000 0.000000 0.000000 1.000000
1.000000 0.000000 -0.000000 0.080539 -0.000000 1.000000 0.000000 0.135658 0.000000 -0.000000 1.000000 0.354566 0.000000 0.000000 0.000000 1.000000
1.000000 0.000000 -0.000000 0.080539 -0.000000 1.000000 0.000000 0.135658 0.000000 -0.000000 1.000000 0.354566 0.000000 0.000000 0.000000 1.000000
1.000000 0.000000 -0.000000 0.080539 -0.000000 1.000000 0.000000 0.135658 0.000000 -0.000000 1.000000 0.354566 0.000000 0.000000 0.000000 1.000000
1.000000 0.000000 -0.000000 0.080539 -0.000000 1.000000 0.000000 0.135658 0.000000 -0.000000 1.000000 0.354566 0.000000 0.000000 0.000000 1.000000
1.000000 0.000000 -0.000000 0.080539 -0.000000 1.000000 0.000000 0.135658 0.000000 -0.000000 1.000000 0.354566 0.000000 0.000000 0.000000 1.000000
1.000000 -0.000000 -0.000000 0.080539 0.000000 1.000000 0.000000 0.135658 0.000000 -0.000000 1.000000 0.354566 0.000000 0.000000 0.000000 1.000000
1.000000 -0.000000 -0.000000 0.080539 0.000000 1.000000 0.000000 0.135658 0.000000 -0.000000 1.000000 0.354566 0.000000 0.000000 0.000000 1.000000
1.000000 -0.000000 -0.000000 0.080539 0.000000 1.000000 0.000000 0.135658 0.000000 -0.000000 1.000000 0.354566 0.000000 0.000000 0.000000 1.000000
1.000000 -0.000000 -0.000000 0.080539 0.000000 1.000000 0.000000 0.135658 0.000000 -0.000000 1.000000 0.354566 0.000000 0.000000 0.000000 1.000000
1.000000 -0.000000 -0.000000 0.080539 0.000000 1.000000 0.000000 0.135658 0.000000 -0.000000 1.000000 0.354566 0.000000 0.000000 0.000000 1.000000</float_array>
                    <technique_common>
                        <accessor source="#Reload-Matrix-animation-output-transform-array" count="50" stride="16">
                            <param type="float4x4"/>
                        </accessor>
                    </technique_common>
                </source>
                <source id="Reload-Interpolations">
                    <Name_array id="Reload-Interpolations-array" count="50">
