<?xml version="1.0" encoding="utf-8"?>
<COLLADA xmlns="http://www.collada.org/2005/11/COLLADASchema" version="1.4.1">
    <asset>
        <contributor>
            <author></author>
            <authoring_tool>FBX COLLADA exporter</authoring_tool>
            <comments></comments>
        </contributor>
        <created>2022-08-01T18:46:06Z</created>
        <keywords></keywords>
        <modified>2022-08-01T18:46:06Z</modified>
        <revision></revision>
        <subject></subject>
        <title></title>
        <unit meter="0.010000" name="centimeter"></unit>
        <up_axis>Y_UP</up_axis>
    </asset>
    <library_animations>
        <animation id="Armature-anim" name="Armature">
            <animation>
                <source id="Armature-Matrix-animation-input">
                    <float_array id="Armature-Matrix-animation-input-array" count="30">

0.000000 0.033333 0.066667 0.100000 0.133333 0.166667 0.200000 0.233333 0.266667 0.300000 0.333333 0.366667 0.400000 0.433333 0.466667 0.500000
0.533333 0.566667 0.600000 0.633333 0.666667 0.700000 0.733333 0.766667 0.800000 0.833333 0.866667 0.900000 0.933333 0.966667</float_array>
                    <technique_common>
                        <accessor source="#Armature-Matrix-animation-input-array" count="30">
                            <param name="TIME" type="float"/>
                        </accessor>
                    </technique_common>
                </source>
                <source id="Armature-Matrix-animation-output-transform">
                    <float_array id="Armature-Matrix-animation-output-transform-array" count="480">

1.000000 0.000000 0.000000 0.000000 0.000000 -0.000000 1.000000 0.000000 0.000000 -1.000000 -0.000000 0.000000 0.000000 0.000000 0.000000 1.000000
1.000000 0.000000 0.000000 0.000000 0.000000 -0.000000 1.000000 0.000000 0.000000 -1.000000 -0.000000 0.000000 0.000000 0.000000 0.000000 1.000000
1.000000 0.000000 0.000000 0.000000 0.000000 -0.000000 1.000000 0.000000 0.000000 -1.000000 -0.000000 0.000000 0.000000 0.000000 0.000000 1.000000
1.000000 0.000000 0.000000 0.000000 0.000000 -0.000000 1.000000 0.000000 0.000000 -1.000000 -0.000000 0.000000 0.000000 0.000000 0.000000 1.000000
1.000000 0.000000 0.000000 0.000000 0.000000 -0.000000 1.000000 0.000000 0.000000 -1.000000 -0.000000 0.000000 0.000000 0.000000 0.000000 1.000000
1.000000 0.000000 0.000000 0.000000 0.000000 -0.000000 1.000000 0.000000 0.000000 -1.000000 -0.000000 0.000000 0.000000 0.000000 0.000000 1.000000
1.000000 0.000000 0.000000 0.000000 0.000000 -0.000000 1.000000 0.000000 0.000000 -1.000000 -0.000000 0.000000 0.000000 0.000000 0.000000 1.000000
1.000000 0.000000 0.000000 0.000000 0.000000 -0.000000 1.000000 0.000000 0.000000 -1.000000 -0.000000 0.000000 0.000000 0.000000 0.000000 1.000000
1.000000 0.000000 0.000000 0.000000 0.000000 -0.000000 1.000000 0.000000 0.000000 -1.000000 -0.000000 0.000000 0.000000 0.000000 0.000000 1.000000
1.000000 0.000000 0.000000 0.000000 0.000000 -0.000000 1.000000 0.000000 0.000000 -1.000000 -0.000000 0.000000 0.000000 0.000000 0.000000 1.000000
1.000000 0.000000 0.000000 0.000000 0.000000 -0.000000 1.000000 0.000000 0.000000 -1.000000 -0.000000 0.000000 0.000000 0.000000 0.000000 1.000000
1.000000 0.000000 0.000000 0.000000 0.000000 -0.000000 1.000000 0.000000 0.000000 -1.000000 -0.000000 0.000000 0.000000 0.000000 0.000000 1.000000
1.000000 0.000000 0.000000 0.000000 0.000000 -0.000000 1.000000 0.000000 0.000000 -1.000000 -0.000000 0.000000 0.000000 0.000000 0.000000 1.000000
1.000000 0.000000 0.000000 0.000000 0.000000 -0.000000 1.000000 0.000000 0.000000 -1.000000 -0.000000 0.000000 0.000000 0.000000 0.000000 1.000000
1.000000 0.000000 0.000000 0.000000 0.000000 -0.000000 1.000000 0.000000 0.000000 -1.000000 -0.000000 0.000000 0.000000 0.000000 0.000000 1.000000
1.000000 0.000000 0.000000 0.000000 0.000000 -0.000000 1.000000 0.000000 0.000000 -1.000000 -0.000000 0.000000 0.000000 0.000000 0.000000 1.000000
1.000000 0.000000 0.000000 0.000000 0.000000 -0.000000 1.000000 0.000000 0.000000 -1.000000 -0.000000 0.000000 0.000000 0.000000 0.000000 1.000000
1.000000 0.000000 0.000000 0.000000 0.000000 -0.000000 1.000000 0.000000 0.000000 -1.000000 -0.000000 0.000000 0.000000 0.000000 0.000000 1.000000
1.000000 0.000000 0.000000 0.000000 0.000000 -0.000000 1.000000 0.000000 0.000000 -1.000000 -0.000000 0.000000 0.000000 0.000000 0.000000 1.000000
1.000000 0.000000 0.000000 0.000000 0.000000 -0.000000 1.000000 0.000000 0.000000 -1.000000 -0.000000 0.000000 0.000000 0.000000 0.000000 1.000000
1.000000 0.000000 0.000000 0.000000 0.000000 -0.000000 1.000000 0.000000 0.000000 -1.000000 -0.000000 0.000000 0.000000 0.000000 0.000000 1.000000
1.000000 0.000000 0.000000 0.000000 0.000000 -0.000000 1.000000 0.000000 0.000000 -1.000000 -0.000000 0.000000 0.000000 0.000000 0.000000 1.000000
1.000000 0.000000 0.000000 0.000000 0.000000 -0.000000 1.000000 0.000000 0.000000 -1.000000 -0.000000 0.000000 0.000000 0.000000 0.000000 1.000000
1.000000 0.000000 0.000000 0.000000 0.000000 -0.000000 1.000000 0.000000 0.000000 -1.000000 -0.000000 0.000000 0.000000 0.000000 0.000000 1.000000
1.000000 0.000000 0.000000 0.000000 0.000000 -0.000000 1.000000 0.000000 0.000000 -1.000000 -0.000000 0.000000 0.000000 0.000000 0.000000 1.000000
1.000000 0.000000 0.000000 0.000000 0.000000 -0.000000 1.000000 0.000000 0.000000 -1.000000 -0.000000 0.000000 0.000000 0.000000 0.000000 1.000000
1.000000 0.000000 0.000000 0.000000 0.000000 -0.000000 1.000000 0.000000 0.000000 -1.000000 -0.000000 0.000000 0.000000 0.000000 0.000000 1.000000
1.000000 0.000000 0.000000 0.000000 0.000000 -0.000000 1.000000 0.000000 0.000000 -1.000000 -0.000000 0.000000 0.000000 0.000000 0.000000 1.000000
1.000000 0.000000 0.000000 0.000000 0.000000 -0.000000 1.000000 0.000000 0.000000 -1.000000 -0.000000 0.000000 0.000000 0.000000 0.000000 1.000000
1.000000 0.000000 0.000000 0.000000 0.000000 -0.000000 1.000000 0.000000 0.000000 -1.000000 -0.000000 0.000000 0.000000 0.000000 0.000000 1.000000</float_array>
                    <technique_common>
                        <accessor source="#Armature-Matrix-animation-output-transform-array" count="30" stride="16">
                            <param type="float4x4"/>
                        </accessor>
                    </technique_common>
                </source>
                <source id="Armature-Interpolations">
                    <Name_array id="Armature-Interpolations-array" count="30">
 LINEAR LINEAR LINEAR LINEAR LINEAR LINEAR LINEAR LINEAR LINEAR LINEAR LINEAR
LINEAR LINEAR LINEAR LINEAR LINEAR LINEAR LINEAR LINEAR LINEAR LINEAR LINEAR LINEAR
LINEAR LINEAR LINEAR LINEAR LINEAR LINEAR LINEAR</Name_array>
                    <technique_common>
                        <accessor source="#Armature-Interpolations-array" count="30">
                            <param type="name"/>
                        </accessor>
                    </technique_common>
                </source>
                <sampler id="Armature-Matrix-animation-transform">
                    <input semantic="INPUT" source="#Armature-Matrix-animation-input"/>
                    <input semantic="OUTPUT" source="#Armature-Matrix-animation-output-transform"/>
                    <input semantic="INTERPOLATION" source="#Armature-Interpolations"/>
                </sampler>
                <channel source="#Armature-Matrix-animation-transform" target="Armature/matrix"/>
            </animation>
        </animation>
        <animation id="Anim-anim" name="Anim">
            <animation>
                <source id="Anim-Matrix-animation-input">
                    <float_array id="Anim-Matrix-animation-input-array" count="30">

0.000000 0.033333 0.066667 0.100000 0.133333 0.166667 0.200000 0.233333 0.266667 0.300000 0.333333 0.366667 0.400000 0.433333 0.466667 0.500000
0.533333 0.566667 0.600000 0.633333 0.666667 0.700000 0.733333 0.766667 0.800000 0.833333 0.866667 0.900000 0.933333 0.966667</float_array>
                    <technique_common>
                        <accessor source="#Anim-Matrix-animation-input-array" count="30">
                            <param name="TIME" type="float"/>
                        </accessor>
                    </technique_common>
                </source>
                <source id="Anim-Matrix-animation-output-transform">
                    <float_array id="Anim-Matrix-animation-output-transform-array" count="480">

1.000000 0.000000 0.000000 0.000000 0.000000 1.000000 -0.000000 -0.018719 -0.000000 0.000000 1.000000 0.328676 0.000000 0.000000 0.000000 1.000000
1.000000 0.000000 0.000000 0.000000 0.000000 1.000000 -0.000000 -0.018719 -0.000000 0.000000 1.000000 0.328676 0.000000 0.000000 0.000000 1.000000
1.000000 0.000000 0.000000 0.000000 0.000000 1.000000 -0.000000 -0.018719 -0.000000 0.000000 1.000000 0.328676 0.000000 0.000000 0.000000 1.000000
1.000000 0.000000 0.000000 0.000000 0.000000 1.000000 -0.000000 -0.018719 -0.000000 0.000000 1.000000 0.328676 0.000000 0.000000 0.000000 1.000000
1.000000 0.000000 0.000000 0.000000 0.000000 1.000000 -0.000000 -0.018719 -0.000000 0.000000 1.000000 0.328676 0.000000 0.000000 0.000000 1.000000
1.000000 0.000000 0.000000 0.000000 0.000000 1.000000 -0.000000 -0.018719 -0.000000 0.000000 1.000000 0.328676 0.000000 0.000000 0.000000 1.000000
1.000000 0.000000 0.000000 0.000000 0.000000 1.000000 -0.000000 -0.018719 -0.000000 0.000000 1.000000 0.328676 0.000000 0.000000 0.000000 1.000000
1.000000 0.000000 0.000000 0.000000 0.000000 1.000000 -0.000000 -0.018719 -0.000000 0.000000 1.000000 0.328676 0.000000 0.000000 0.000000 1.000000
1.000000 0.000000 0.000000 0.000000 0.000000 1.000000 -0.000000 -0.018719 -0.000000 0.000000 1.000000 0.328676 0.000000 0.000000 0.000000 1.000000
1.000000 0.000000 0.000000 0.000000 0.000000 1.000000 -0.000000 -0.018719 -0.000000 0.000000 1.000000 0.328676 0.000000 0.000000 0.000000 1.000000
1.000000 0.000000 0.000000 0.000000 0.000000 1.000000 -0.000000 -0.018719 -0.000000 0.000000 1.000000 0.328676 0.000000 0.000000 0.000000 1.000000
1.000000 0.000000 0.000000 0.000000 0.000000 1.000000 -0.000000 -0.018719 -0.000000 0.000000 1.000000 0.328676 0.000000 0.000000 0.000000 1.000000
1.000000 0.000000 0.000000 0.000000 0.000000 1.000000 -0.000000 -0.018719 -0.000000 0.000000 1.000000 0.328676 0.000000 0.000000 0.000000 1.000000
1.000000 0.000000 0.000000 0.000000 0.000000 1.000000 -0.000000 -0.018719 -0.000000 0.000000 1.000000 0.328676 0.000000 0.000000 0.000000 1.000000
1.000000 0.000000 0.000000 0.000000 0.000000 1.000000 -0.000000 -0.018719 -0.000000 0.000000 1.000000 0.328676 0.000000 0.000000 0.000000 1.000000
1.000000 0.000000 0.000000 0.000000 0.000000 1.000000 -0.000000 -0.018719 -0.000000 0.000000 1.000000 0.328676 0.000000 0.000000 0.000000 1.000000
1.000000 0.000000 0.000000 0.000000 0.000000 1.000000 -0.000000 -0.018719 -0.000000 0.000000 1.000000 0.328676 0.000000 0.000000 0.000000 1.000000
1.000000 0.000000 0.000000 0.000000 0.000000 1.000000 -0.000000 -0.018719 -0.000000 0.000000 1.000000 0.328676 0.000000 0.000000 0.000000 1.000000
1.000000 0.000000 0.000000 0.000000 0.000000 1.000000 -0.000000 -0.018719 -0.000000 0.000000 1.000000 0.328676 0.000000 0.000000 0.000000 1.000000
1.000000 0.000000 0.000000 0.000000 0.000000 1.000000 -0.000000 -0.018719 -0.000000 0.000000 1.000000 0.328676 0.000000 0.000000 0.000000 1.000000
1.000000 0.000000 0.000000 0.000000 0.000000 1.000000 -0.000000 -0.018719 -0.000000 0.000000 1.000000 0.328676 0.000000 0.000000 0.000000 1.000000
1.000000 0.000000 0.000000 0.000000 0.000000 1.000000 -0.000000 -0.018719 -0.000000 0.000000 1.000000 0.328676 0.000000 0.000000 0.000000 1.000000
1.000000 0.000000 0.000000 0.000000 0.000000 1.000000 -0.000000 -0.018719 -0.000000 0.000000 1.000000 0.328676 0.000000 0.000000 0.000000 1.000000
1.000000 0.000000 0.000000 0.000000 0.000000 1.000000 -0.000000 -0.018719 -0.000000 0.000000 1.000000 0.328676 0.000000 0.000000 0.000000 1.000000
1.000000 0.000000 0.000000 0.000000 0.000000 1.000000 -0.000000 -0.018719 -0.000000 0.000000 1.000000 0.328676 0.000000 0.000000 0.000000 1.000000
1.000000 0.000000 0.000000 0.000000 0.000000 1.000000 -0.000000 -0.018719 -0.000000 0.000000 1.000000 0.328676 0.000000 0.000000 0.000000 1.000000
1.000000 0.000000 0.000000 0.000000 0.000000 1.000000 -0.000000 -0.018719 -0.000000 0.000000 1.000000 0.328676 0.000000 0.000000 0.000000 1.000000
1.000000 0.000000 0.000000 0.000000 0.000000 1.000000 -0.000000 -0.018719 -0.000000 0.000000 1.000000 0.328676 0.000000 0.000000 0.000000 1.000000
1.000000 0.000000 0.000000 0.000000 0.000000 1.000000 -0.000000 -0.018719 -0.000000 0.000000 1.000000 0.328676 0.000000 0.000000 0.000000 1.000000
1.000000 0.000000 0.000000 0.000000 0.000000 1.000000 -0.000000 -0.018719 -0.000000 0.000000 1.000000 0.328676 0.000000 0.000000 0.000000 1.000000</float_array>
                    <technique_common>
                        <accessor source="#Anim-Matrix-animation-output-transform-array" count="30" stride="16">
                            <param type="float4x4"/>
                        </accessor>
                    </technique_common>
                </source>
                <source id="Anim-Interpolations">
                    <Name_array id="Anim-Interpolations-array" count="30">
 LINEAR LINEAR LINEAR LINEAR LINEAR LINEAR LINEAR LINEAR LINEAR LINEAR LINEAR
LINEAR LINEAR LINEAR LINEAR LINEAR LINEAR LINEAR LINEAR LINEAR LINEAR LINEAR LINEAR
LINEAR LINEAR LINEAR LINEAR LINEAR LINEAR LINEAR</Name_array>
                    <technique_common>
                        <accessor source="#Anim-Interpolations-array" count="30">
                            <param type="name"/>
                        </accessor>
                    </technique_common>
                </source>
                <sampler id="Anim-Matrix-animation-transform">
                    <input semantic="INPUT" source="#Anim-Matrix-animation-input"/>
                    <input semantic="OUTPUT" source="#Anim-Matrix-animation-output-transform"/>
                    <input semantic="INTERPOLATION" source="#Anim-Interpolations"/>
                </sampler>
                <channel source="#Anim-Matrix-animation-transform" target="Anim/matrix"/>
            </animation>
        </animation>
        <animation id="Gun-anim" name="Gun">
            <animation>
                <source id="Gun-Matrix-animation-input">
                    <float_array id="Gun-Matrix-animation-input-array" count="30">

0.000000 0.033333 0.066667 0.100000 0.133333 0.166667 0.200000 0.233333 0.266667 0.300000 0.333333 0.366667 0.400000 0.433333 0.466667 0.500000
0.533333 0.566667 0.600000 0.633333 0.666667 0.700000 0.733333 0.766667 0.800000 0.833333 0.866667 0.900000 0.933333 0.966667</float_array>
                    <technique_common>
                        <accessor source="#Gun-Matrix-animation-input-array" count="30">
                            <param name="TIME" type="float"/>
                        </accessor>
                    </technique_common>
                </source>
                <source id="Gun-Matrix-animation-output-transform">
                    <float_array id="Gun-Matrix-animation-output-transform-array" count="480">

1.000000 -0.000000 0.000002 -0.000000 0.000000 1.000000 0.000000 -0.000181 -0.000002 -0.000000 1.000000 0.000185 0.000000 0.000000 0.000000 1.000000
0.999942 0.006065 -0.008918 -0.004521 -0.006011 0.999964 0.005996 -0.001376 0.008954 -0.005942 0.999942 0.004090 0.000000 0.000000 0.000000 1.000000
0.999192 0.022831 -0.033071 -0.016792 -0.022091 0.999501 0.022577 -0.004622 0.033570 -0.021828 0.999198 0.014690 0.000000 0.000000 0.000000 1.000000
0.996489 0.048310 -0.068385 -0.034876 -0.045096 0.997839 0.047791 -0.009405 0.070546 -0.044539 0.996514 0.030310 0.000000 0.000000 0.000000 1.000000
0.990605 0.080381 -0.110640 -0.056835 -0.071791 0.994242 0.079555 -0.015213 0.116397 -0.070864 0.990671 0.049277 0.000000 0.000000 0.000000 1.000000
0.980920 0.116519 -0.155624 -0.080732 -0.099099 0.988366 0.115379 -0.021533 0.167258 -0.097756 0.981055 0.069918 0.000000 0.000000 0.000000 1.000000
0.967783 0.153738 -0.199403 -0.104629 -0.124373 0.980476 0.152307 -0.027854 0.218925 -0.122600 0.968009 0.090558 0.000000 0.000000 0.000000 1.000000
0.952612 0.188704 -0.238583 -0.126588 -0.145604 0.971504 0.187030 -0.033662 0.267078 -0.143428 0.952942 0.109525 0.000000 0.000000 0.000000 1.000000
0.937737 0.217946 -0.270459 -0.144672 -0.161477 0.962928 0.216090 -0.038445 0.307529 -0.158963 0.938167 0.125145 0.000000 0.000000 0.000000 1.000000
0.926034 0.238037 -0.292915 -0.156943 -0.171206 0.956535 0.236070 -0.041690 0.336377 -0.168460 0.926537 0.135745 0.000000 0.000000 0.000000 1.000000
0.920430 0.245676 -0.304061 -0.161464 -0.174163 0.954091 0.243674 -0.042886 0.349967 -0.171329 0.920961 0.139650 0.000000 0.000000 0.000000 1.000000
0.918873 0.245413 -0.308941 -0.161464 -0.174263 0.954936 0.240269 -0.042886 0.353984 -0.166940 0.920232 0.139650 0.000000 0.000000 0.000000 1.000000
0.917554 0.244047 -0.313903 -0.161464 -0.175800 0.957120 0.230253 -0.042886 0.356635 -0.156086 0.921113 0.139650 0.000000 0.000000 0.000000 1.000000
0.916471 0.241737 -0.318818 -0.161464 -0.178489 0.960176 0.214950 -0.042886 0.358082 -0.140090 0.923121 0.139650 0.000000 0.000000 0.000000 1.000000
0.915620 0.238660 -0.323546 -0.161464 -0.182027 0.963626 0.195680 -0.042886 0.358478 -0.120275 0.925758 0.139650 0.000000 0.000000 0.000000 1.000000
0.914995 0.235016 -0.327950 -0.161464 -0.186094 0.967040 0.173789 -0.042886 0.357984 -0.097986 0.928572 0.139650 0.000000 0.000000 0.000000 1.000000
0.914585 0.231026 -0.331905 -0.161464 -0.190372 0.970083 0.150656 -0.042886 0.356781 -0.074602 0.931205 0.139650 0.000000 0.000000 0.000000 1.000000
0.914371 0.226935 -0.335301 -0.161464 -0.194547 0.972546 0.127694 -0.042886 0.355074 -0.051528 0.933417 0.139650 0.000000 0.000000 0.000000 1.000000
0.914327 0.222998 -0.338052 -0.161464 -0.198320 0.974351 0.106342 -0.042886 0.353095 -0.030189 0.935100 0.139650 0.000000 0.000000 0.000000 1.000000
0.914421 0.219483 -0.340091 -0.161464 -0.201406 0.975542 0.088049 -0.042886 0.351099 -0.012018 0.936261 0.139650 0.000000 0.000000 0.000000 1.000000
0.914617 0.216658 -0.341372 -0.161464 -0.203541 0.976246 0.074260 -0.042886 0.349352 0.001564 0.936990 0.139650 0.000000 0.000000 0.000000 1.000000
0.919419 0.208897 -0.333212 -0.156943 -0.199608 0.977894 0.062290 -0.041690 0.338859 0.009241 0.940792 0.135745 0.000000 0.000000 0.000000 1.000000
0.931429 0.191944 -0.309189 -0.144672 -0.185919 0.981336 0.049132 -0.038445 0.312849 0.011722 0.949731 0.125145 0.000000 0.000000 0.000000 1.000000
0.947364 0.167931 -0.272581 -0.126588 -0.164389 0.985740 0.035951 -0.033662 0.274732 0.010750 0.961461 0.109525 0.000000 0.000000 0.000000 1.000000
0.963956 0.138975 -0.226882 -0.104629 -0.137127 0.990263 0.023967 -0.027854 0.228004 0.008009 0.973627 0.090558 0.000000 0.000000 0.000000 1.000000
0.978514 0.107371 -0.176016 -0.080732 -0.106545 0.994207 0.014167 -0.021533 0.176517 0.004891 0.984285 0.069918 0.000000 0.000000 0.000000 1.000000
0.989356 0.075625 -0.124322 -0.056835 -0.075327 0.997134 0.007101 -0.015213 0.124503 0.002339 0.992216 0.049277 0.000000 0.000000 0.000000 1.000000
0.995999 0.046380 -0.076379 -0.034876 -0.046303 0.998924 0.002779 -0.009405 0.076426 0.000769 0.997075 0.030310 0.000000 0.000000 0.000000 1.000000
0.999075 0.022303 -0.036763 -0.016792 -0.022292 0.999751 0.000708 -0.004622 0.036770 0.000112 0.999324 0.014690 0.000000 0.000000 0.000000 1.000000
0.999933 0.005997 -0.009888 -0.004521 -0.005996 0.999982 0.000067 -0.001376 0.009888 -0.000008 0.999951 0.004090 0.000000 0.000000 0.000000 1.000000</float_array>
                    <technique_common>
                        <accessor source="#Gun-Matrix-animation-output-transform-array" count="30" stride="16">
                            <param type="float4x4"/>
                        </accessor>
                    </technique_common>
                </source>
                <source id="Gun-Interpolations">
                    <Name_array id="Gun-Interpolations-array" count="30">
 LINEAR LINEAR LINEAR LINEAR LINEAR LINEAR LINEAR LINEAR LINEAR LINEAR LINEAR
LINEAR LINEAR LINEAR LINEAR LINEAR LINEAR LINEAR LINEAR LINEAR LINEAR LINEAR LINEAR
LINEAR LINEAR LINEAR LINEAR LINEAR LINEAR LINEAR</Name_array>
                    <technique_common>
                        <accessor source="#Gun-Interpolations-array" count="30">
                            <param type="name"/>
                        </accessor>
                    </technique_common>
                </source>
                <sampler id="Gun-Matrix-animation-transform">
                    <input semantic="INPUT" source="#Gun-Matrix-animation-input"/>
                    <input semantic="OUTPUT" source="#Gun-Matrix-animation-output-transform"/>
                    <input semantic="INTERPOLATION" source="#Gun-Interpolations"/>
                </sampler>
                <channel source="#Gun-Matrix-animation-transform" target="Gun/matrix"/>
            </animation>
        </animation>
        <animation id="Reload-anim" name="Reload">
            <animation>
                <source id="Reload-Matrix-animation-input">
                    <float_array id="Reload-Matrix-animation-input-array" count="30">

0.000000 0.033333 0.066667 0.100000 0.133333 0.166667 0.200000 0.233333 0.266667 0.300000 0.333333 0.366667 0.400000 0.433333 0.466667 0.500000
0.533333 0.566667 0.600000 0.633333 0.666667 0.700000 0.733333 0.766667 0.800000 0.833333 0.866667 0.900000 0.933333 0.966667</float_array>
                    <technique_common>
                        <accessor source="#Reload-Matrix-animation-input-array" count="30">
                            <param name="TIME" type="float"/>
                        </accessor>
                    </technique_common>
                </source>
                <source id="Reload-Matrix-animation-output-transform">
                    <float_array id="Reload-Matrix-animation-output-transform-array" count="480">

1.000000 -0.000000 -0.000000 0.080539 0.000000 1.000000 0.000000 0.135658 0.000000 -0.000000 1.000000 0.354566 0.000000 0.000000 0.000000 1.000000
1.000000 0.000000 -0.000000 0.080539 -0.000000 1.000000 0.000000 0.135658 0.000000 -0.000000 1.000000 0.354566 0.000000 0.000000 0.000000 1.000000
1.000000 0.000000 -0.000000 0.080539 -0.000000 1.000000 0.000000 0.135658 0.000000 -0.000000 1.000000 0.354566 0.000000 0.000000 0.000000 1.000000
1.000000 -0.000000 -0.000000 0.080539 0.000000 1.000000 0.000000 0.135658 0.000000 -0.000000 1.000000 0.354566 0.000000 0.000000 0.000000 1.000000
1.000000 -0.000000 -0.000000 0.080539 0.000000 1.000000 0.000000 0.135658 0.000000 -0.000000 1.000000 0.354566 0.000000 0.000000 0.000000 1.000000
1.000000 0.000000 -0.000000 0.080539 -0.000000 1.000000 0.000000 0.135658 0.000000 -0.000000 1.000000 0.354566 0.000000 0.000000 0.000000 1.000000
1.000000 0.000000 -0.000000 0.080539 -0.000000 1.000000 0.000000 0.135658 0.000000 -0.000000 1.000000 0.354566 0.000000 0.000000 0.000000 1.000000
1.000000 -0.000000 -0.000000 0.080539 0.000000 1.000000 0.000000 0.135658 0.000000 -0.000000 1.000000 0.354566 0.000000 0.000000 0.000000 1.000000
1.000000 -0.000000 -0.000000 0.080539 0.000000 1.000000 0.000000 0.135658 0.000000 -0.000000 1.000000 0.354566 0.000000 0.000000 0.000000 1.000000
1.000000 0.000000 -0.000000 0.080539 -0.000000 1.000000 0.000000 0.135658 0.000000 -0.000000 1.000000 0.354566 0.000000 0.000000 0.000000 1.000000
1.000000 0.000000 -0.000000 0.080539 -0.000000 1.000000 0.000000 0.135658 0.000000 -0.000000 1.000000 0.354566 0.000000 0.000000 0.000000 1.000000
1.000000 0.000000 -0.000000 0.080539 -0.000000 1.000000 0.000000 0.135658 0.000000 -0.000000 1.000000 0.354566 0.000000 0.000000 0.000000 1.000000
1.000000 0.000000 -0.000000 0.080539 -0.000000 1.000000 0.000000 0.135658 0.000000 -0.000000 1.000000 0.354566 0.000000 0.000000 0.000000 1.000000
1.000000 -0.000000 -0.000000 0.080539 0.000000 1.000000 0.000000 0.135658 0.000000 -0.000000 1.000000 0.354566 0.000000 0.000000 0.000000 1.000000
1.000000 -0.000000 -0.000000 0.080539 0.000000 1.000000 0.000000 0.135658 0.000000 -0.000000 1.000000 0.354566 0.000000 0.000000 0.000000 1.000000
1.000000 0.000000 -0.000000 0.080539 -0.000000 1.000000 0.000000 0.135658 0.000000 -0.000000 1.000000 0.354566 0.000000 0.000000 0.000000 1.000000
1.000000 -0.000000 -0.000000 0.080539 0.000000 1.000000 0.000000 0.135658 0.000000 -0.000000 1.000000 0.354566 0.000000 0.000000 0.000000 1.000000
1.000000 -0.000000 -0.000000 0.080539 0.000000 1.000000 0.000000 0.135658 0.000000 -0.000000 1.000000 0.354566 0.000000 0.000000 0.000000 1.000000
1.000000 -0.000000 -0.000000 0.080539 0.000000 1.000000 0.000000 0.135658 0.000000 -0.000000 1.000000 0.354566 0.000000 0.000000 0.000000 1.000000
1.000000 0.000000 -0.000000 0.080539 -0.000000 1.000000 0.000000 0.135658 0.000000 -0.000000 1.000000 0.354566 0.000000 0.000000 0.000000 1.000000
1.000000 -0.000000 -0.000000 0.080539 0.000000 1.000000 0.000000 0.135658 0.000000 -0.000000 1.000000 0.354566 0.000000 0.000000 0.000000 1.000000
1.000000 -0.000000 -0.000000 0.080539 0.000000 1.000000 0.000000 0.135658 0.000000 -0.000000 1.000000 0.354566 0.000000 0.000000 0.000000 1.000000
1.000000 -0.000000 -0.000000 0.080539 0.000000 1.000000 0.000000 0.135658 0.000000 -0.000000 1.000000 0.354566 0.000000 0.000000 0.000000 1.000000
1.000000 0.000000 -0.000000 0.080539 -0.000000 1.000000 0.000000 0.135658 0.000000 -0.000000 1.000000 0.354566 0.000000 0.000000 0.000000 1.000000
1.000000 0.000000 -0.000000 0.080539 -0.000000 1.000000 0.000000 0.135658 0.000000 -0.000000 1.000000 0.354566 0.000000 0.000000 0.000000 1.000000
1.000000 -0.000000 -0.000000 0.080539 0.000000 1.000000 0.000000 0.135658 0.000000 -0.000000 1.000000 0.354566 0.000000 0.000000 0.000000 1.000000
1.000000 -0.000000 -0.000000 0.080539 0.000000 1.000000 0.000000 0.135658 0.000000 -0.000000 1.000000 0.354566 0.000000 0.000000 0.000000 1.000000
1.000000 0.000000 -0.000000 0.080539 -0.000000 1.000000 0.000000 0.135658 0.000000 -0.000000 1.000000 0.354566 0.000000 0.000000 0.000000 1.000000
1.000000 -0.000000 -0.000000 0.080539 0.000000 1.000000 0.000000 0.135658 0.000000 -0.000000 1.000000 0.354566 0.000000 0.000000 0.000000 1.000000
1.000000 -0.000000 -0.000000 0.080539 0.000000 1.000000 0.000000 0.135658 0.000000 -0.000000 1.000000 0.354566 0.000000 0.000000 0.000000 1.000000</float_array>
                    <technique_common>
                        <accessor source="#Reload-Matrix-animation-output-transform-array" count="30" stride="16">
                            <param type="float4x4"/>
                        </accessor>
                    </technique_common>
                </source>
                <source id="Reload-Interpolations">
                    <Name_array id="Reload-Interpolations-array" count="30">
 LINEAR LINEAR LINEAR LINEAR LINEAR LINEAR LINEAR LINEAR LINEAR LINEAR LINEAR
LINEAR LINEAR LINEAR LINEAR LINEAR LINEAR LINEAR LINEAR LINEAR LINEAR LINEAR LINEAR
LINEAR LINEAR LINEAR LINEAR LINEAR LINEAR LINEAR</Name_array>
                    <technique_common>
                        <accessor source="#Reload-Interpolations-array" count="30">
                            <param type="name"/>
                        </accessor>
                    </technique_common>
                </source>
                <sampler id="Reload-Matrix-animation-transform">
                    <input semantic="INPUT" source="#Reload-Matrix-animation-input"/>
                    <input semantic="OUTPUT" source="#Reload-Matrix-animation-output-transform"/>
                    <input semantic="INTERPOLATION" source="#Reload-Interpolations"/>
                </sampler>
                <channel source="#Reload-Matrix-animation-transform" target="Reload/matrix"/>
            </animation>
        </animation>
        <animation id="Cylinder-anim" name="Cylinder">
            <animation>
                <source id="Cylinder-Matrix-animation-input">
                    <float_array id="Cylinder-Matrix-animation-input-array" count="30">

0.000000 0.033333 0.066667 0.100000 0.133333 0.166667 0.200000 0.233333 0.266667 0.300000 0.333333 0.366667 0.400000 0.433333 0.466667 0.500000
0.533333 0.566667 0.600000 0.633333 0.666667 0.700000 0.733333 0.766667 0.800000 0.833333 0.866667 0.900000 0.933333 0.966667</float_array>
                    <technique_common>
                        <accessor source="#Cylinder-Matrix-animation-input-array" count="30">
                            <param name="TIME" type="float"/>
                        </accessor>
                    </technique_common>
                </source>
                <source id="Cylinder-Matrix-animation-output-transform">
                    <float_array id="Cylinder-Matrix-animation-output-transform-array" count="480">

1.000000 -0.000000 -0.000001 -0.080539 -0.000001 0.000000 -1.000000 0.194439 0.000000 1.000000 0.000000 -0.441237 0.000000 0.000000 0.000000 1.000000
1.000000 0.000000 -0.000001 -0.080539 -0.000001 0.000000 -1.000000 0.194439 -0.000000 1.000000 0.000000 -0.441237 0.000000 0.000000 0.000000 1.000000
1.000000 0.000000 -0.000001 -0.080539 -0.000001 0.000000 -1.000000 0.194439 -0.000000 1.000000 0.000000 -0.441237 0.000000 0.000000 0.000000 1.000000
1.000000 0.000000 -0.000001 -0.080539 -0.000001 0.000000 -1.000000 0.194439 -0.000000 1.000000 0.000000 -0.441237 0.000000 0.000000 0.000000 1.000000
1.000000 -0.000000 -0.000001 -0.080539 -0.000001 0.000000 -1.000000 0.194439 0.000000 1.000000 0.000000 -0.441237 0.000000 0.000000 0.000000 1.000000
1.000000 -0.000000 -0.000001 -0.080539 -0.000001 0.000000 -1.000000 0.194439 0.000000 1.000000 0.000000 -0.441237 0.000000 0.000000 0.000000 1.000000
1.000000 0.000000 -0.000001 -0.080539 -0.000001 0.000000 -1.000000 0.194439 -0.000000 1.000000 0.000000 -0.441237 0.000000 0.000000 0.000000 1.000000
1.000000 -0.000000 -0.000001 -0.080539 -0.000001 0.000000 -1.000000 0.194439 0.000000 1.000000 0.000000 -0.441237 0.000000 0.000000 0.000000 1.000000
1.000000 -0.000000 -0.000001 -0.080539 -0.000001 0.000000 -1.000000 0.194439 0.000000 1.000000 0.000000 -0.441237 0.000000 0.000000 0.000000 1.000000
1.000000 -0.000000 -0.000001 -0.080539 -0.000001 0.000000 -1.000000 0.194439 0.000000 1.000000 0.000000 -0.441237 0.000000 0.000000 0.000000 1.000000
1.000000 -0.000000 -0.000001 -0.080539 -0.000001 0.000000 -1.000000 0.194439 0.000000 1.000000 0.000000 -0.441237 0.000000 0.000000 0.000000 1.000000
0.999605 -0.000000 -0.028101 -0.080539 -0.028101 0.000000 -0.999605 0.194439 0.000000 1.000000 0.000000 -0.441237 0.000000 0.000000 0.000000 1.000000
0.994453 0.000000 -0.105178 -0.080539 -0.105178 0.000000 -0.994453 0.194439 -0.000000 1.000000 0.000000 -0.441237 0.000000 0.000000 0.000000 1.000000
0.975563 0.000000 -0.219720 -0.080539 -0.219720 0.000000 -0.975563 0.194439 -0.000000 1.000000 0.000000 -0.441237 0.000000 0.000000 0.000000 1.000000
0.934015 0.000000 -0.357234 -0.080539 -0.357234 0.000000 -0.934015 0.194439 -0.000000 1.000000 0.000000 -0.441237 0.000000 0.000000 0.000000 1.000000
0.866025 0.000000 -0.500001 -0.080539 -0.500001 0.000000 -0.866025 0.194439 0.000000 1.000000 0.000000 -0.441237 0.000000 0.000000 0.000000 1.000000
0.776380 0.000000 -0.630265 -0.080539 -0.630265 0.000000 -0.776380 0.194439 -0.000000 1.000000 0.000000 -0.441237 0.000000 0.000000 0.000000 1.000000
0.678063 0.000000 -0.735003 -0.080539 -0.735003 0.000000 -0.678063 0.194439 0.000000 1.000000 0.000000 -0.441237 0.000000 0.000000 0.000000 1.000000
0.588312 0.000000 -0.808634 -0.080539 -0.808634 -0.000000 -0.588312 0.194439 -0.000000 1.000000 0.000000 -0.441237 0.000000 0.000000 0.000000 1.000000
0.524137 0.000000 -0.851634 -0.080539 -0.851634 0.000000 -0.524137 0.194439 0.000000 1.000000 0.000000 -0.441237 0.000000 0.000000 0.000000 1.000000
0.499999 0.000000 -0.866026 -0.080539 -0.866026 0.000000 -0.499999 0.194439 0.000000 1.000000 0.000000 -0.441237 0.000000 0.000000 0.000000 1.000000
0.499999 0.000000 -0.866026 -0.080539 -0.866026 0.000000 -0.499999 0.194439 -0.000000 1.000000 0.000000 -0.441237 0.000000 0.000000 0.000000 1.000000
0.499999 0.000000 -0.866026 -0.080539 -0.866026 -0.000000 -0.499999 0.194439 -0.000000 1.000000 0.000000 -0.441237 0.000000 0.000000 0.000000 1.000000
0.499999 0.000000 -0.866026 -0.080539 -0.866026 0.000000 -0.499999 0.194439 -0.000000 1.000000 0.000000 -0.441237 0.000000 0.000000 0.000000 1.000000
0.499999 0.000000 -0.866026 -0.080539 -0.866026 0.000000 -0.499999 0.194439 0.000000 1.000000 0.000000 -0.441237 0.000000 0.000000 0.000000 1.000000
0.499999 0.000000 -0.866026 -0.080539 -0.866026 0.000000 -0.499999 0.194439 -0.000000 1.000000 0.000000 -0.441237 0.000000 0.000000 0.000000 1.000000
0.499999 0.000000 -0.866026 -0.080539 -0.866026 -0.000000 -0.499999 0.194439 -0.000000 1.000000 0.000000 -0.441237 0.000000 0.000000 0.000000 1.000000
0.499999 0.000000 -0.866026 -0.080539 -0.866026 0.000000 -0.499999 0.194439 0.000000 1.000000 0.000000 -0.441237 0.000000 0.000000 0.000000 1.000000
0.499999 0.000000 -0.866026 -0.080539 -0.866026 0.000000 -0.499999 0.194439 0.000000 1.000000 0.000000 -0.441237 0.000000 0.000000 0.000000 1.000000
0.499999 0.000000 -0.866026 -0.080539 -0.866026 -0.000000 -0.499999 0.194439 -0.000000 1.000000 0.000000 -0.441237 0.000000 0.000000 0.000000 1.000000</float_array>
                    <technique_common>
                        <accessor source="#Cylinder-Matrix-animation-output-transform-array" count="30" stride="16">
                            <param type="float4x4"/>
                        </accessor>
                    </technique_common>
                </source>
                <source id="Cylinder-Interpolations">
                    <Name_array id="Cylinder-Interpolations-array" count="30">
 LINEAR LINEAR LINEAR LINEAR LINEAR LINEAR LINEAR LINEAR LINEAR LINEAR LINEAR
LINEAR LINEAR LINEAR LINEAR LINEAR LINEAR LINEAR LINEAR LINEAR LINEAR LINEAR LINEAR
LINEAR LINEAR LINEAR LINEAR LINEAR LINEAR LINEAR</Name_array>
                    <technique_common>
                        <accessor source="#Cylinder-Interpolations-array" count="30">
                            <param type="name"/>
                        </accessor>
                    </technique_common>
                </source>
                <sampler id="Cylinder-Matrix-animation-transform">
                    <input semantic="INPUT" source="#Cylinder-Matrix-animation-input"/>
                    <input semantic="OUTPUT" source="#Cylinder-Matrix-animation-output-transform"/>
                    <input semantic="INTERPOLATION" source="#Cylinder-Interpolations"/>
                </sampler>
                <channel source="#Cylinder-Matrix-animation-transform" target="Cylinder/matrix"/>
            </animation>
        </animation>
        <animation id="Shell_1-anim" name="Shell_1">
            <animation>
                <source id="Shell_1-Matrix-animation-input">
                    <float_array id="Shell_1-Matrix-animation-input-array" count="30">

0.000000 0.033333 0.066667 0.100000 0.133333 0.166667 0.200000 0.233333 0.266667 0.300000 0.333333 0.366667 0.400000 0.433333 0.466667 0.500000
0.533333 0.566667 0.600000 0.633333 0.666667 0.700000 0.733333 0.766667 0.800000 0.833333 0.866667 0.900000 0.933333 0.966667</float_array>
                    <technique_common>
                        <accessor source="#Shell_1-Matrix-animation-input-array" count="30">
                            <param name="TIME" type="float"/>
                        </accessor>
                    </technique_common>
                </source>
                <source id="Shell_1-Matrix-animation-output-transform">
                    <float_array id="Shell_1-Matrix-animation-output-transform-array" count="480">

1.000000 -0.000000 0.000000 -0.000107 -0.000000 1.000000 0.000000 0.056417 -0.000000 -0.000000 1.000000 -0.076983 0.000000 0.000000 0.000000 1.000000
1.000000 0.000000 0.000000 -0.000107 -0.000000 1.000000 0.000000 0.056417 -0.000000 -0.000000 1.000000 -0.076983 0.000000 0.000000 0.000000 1.000000
1.000000 0.000000 0.000000 -0.000107 -0.000000 1.000000 0.000000 0.056417 -0.000000 -0.000000 1.000000 -0.076983 0.000000 0.000000 0.000000 1.000000
1.000000 -0.000000 0.000000 -0.000107 0.000000 1.000000 0.000000 0.056417 -0.000000 -0.000000 1.000000 -0.076983 0.000000 0.000000 0.000000 1.000000
1.000000 0.000000 0.000000 -0.000107 -0.000000 1.000000 0.000000 0.056417 -0.000000 -0.000000 1.000000 -0.076983 0.000000 0.000000 0.000000 1.000000
1.000000 -0.000000 0.000000 -0.000107 0.000000 1.000000 0.000000 0.056417 -0.000000 -0.000000 1.000000 -0.076983 0.000000 0.000000 0.000000 1.000000
1.000000 -0.000000 0.000000 -0.000107 0.000000 1.000000 0.000000 0.056417 -0.000000 -0.000000 1.000000 -0.076983 0.000000 0.000000 0.000000 1.000000
1.000000 0.000000 0.000000 -0.000107 -0.000000 1.000000 0.000000 0.056417 -0.000000 -0.000000 1.000000 -0.076983 0.000000 0.000000 0.000000 1.000000
1.000000 -0.000000 0.000000 -0.000107 0.000000 1.000000 0.000000 0.056417 -0.000000 -0.000000 1.000000 -0.076983 0.000000 0.000000 0.000000 1.000000
1.000000 -0.000000 0.000000 -0.000107 0.000000 1.000000 0.000000 0.056417 -0.000000 -0.000000 1.000000 -0.076983 0.000000 0.000000 0.000000 1.000000
1.000000 -0.000000 0.000000 -0.000107 0.000000 1.000000 0.000000 0.056417 -0.000000 -0.000000 1.000000 -0.076983 0.000000 0.000000 0.000000 1.000000
1.000000 0.000000 0.000000 -0.000107 -0.000000 1.000000 0.000000 0.056417 -0.000000 -0.000000 1.000000 -0.076983 0.000000 0.000000 0.000000 1.000000
1.000000 0.000000 0.000000 -0.000107 -0.000000 1.000000 0.000000 0.056417 -0.000000 -0.000000 1.000000 -0.076983 0.000000 0.000000 0.000000 1.000000
1.000000 0.000000 0.000000 -0.000107 -0.000000 1.000000 0.000000 0.056417 -0.000000 -0.000000 1.000000 -0.076983 0.000000 0.000000 0.000000 1.000000
1.000000 0.000000 0.000000 -0.000107 -0.000000 1.000000 0.000000 0.056417 -0.000000 -0.000000 1.000000 -0.076983 0.000000 0.000000 0.000000 1.000000
1.000000 -0.000000 0.000000 -0.000107 0.000000 1.000000 0.000000 0.056417 -0.000000 -0.000000 1.000000 -0.076983 0.000000 0.000000 0.000000 1.000000
1.000000 0.000000 0.000000 -0.000107 -0.000000 1.000000 0.000000 0.056417 -0.000000 -0.000000 1.000000 -0.076983 0.000000 0.000000 0.000000 1.000000
1.000000 0.000000 0.000000 -0.000107 -0.000000 1.000000 0.000000 0.056417 -0.000000 -0.000000 1.000000 -0.076983 0.000000 0.000000 0.000000 1.000000
1.000000 -0.000000 0.000000 -0.000107 0.000000 1.000000 0.000000 0.056417 -0.000000 -0.000000 1.000000 -0.076983 0.000000 0.000000 0.000000 1.000000
1.000000 0.000000 0.000000 -0.000107 -0.000000 1.000000 0.000000 0.056417 -0.000000 -0.000000 1.000000 -0.076983 0.000000 0.000000 0.000000 1.000000
1.000000 -0.000000 0.000000 -0.000107 0.000000 1.000000 0.000000 0.056417 -0.000000 -0.000000 1.000000 -0.076983 0.000000 0.000000 0.000000 1.000000
1.000000 0.000000 0.000000 -0.000107 -0.000000 1.000000 0.000000 0.056417 -0.000000 -0.000000 1.000000 -0.076983 0.000000 0.000000 0.000000 1.000000
1.000000 0.000000 0.000000 -0.000107 -0.000000 1.000000 0.000000 0.056417 -0.000000 -0.000000 1.000000 -0.076983 0.000000 0.000000 0.000000 1.000000
1.000000 0.000000 0.000000 -0.000107 -0.000000 1.000000 0.000000 0.056417 -0.000000 -0.000000 1.000000 -0.076983 0.000000 0.000000 0.000000 1.000000
1.000000 -0.000000 0.000000 -0.000107 0.000000 1.000000 0.000000 0.056417 -0.000000 -0.000000 1.000000 -0.076983 0.000000 0.000000 0.000000 1.000000
1.000000 0.000000 0.000000 -0.000107 -0.000000 1.000000 0.000000 0.056417 -0.000000 -0.000000 1.000000 -0.076983 0.000000 0.000000 0.000000 1.000000
1.000000 -0.000000 0.000000 -0.000107 0.000000 1.000000 0.000000 0.056417 -0.000000 -0.000000 1.000000 -0.076983 0.000000 0.000000 0.000000 1.000000
