<?xml version="1.0" encoding="utf-8"?>
<COLLADA xmlns="http://www.collada.org/2005/11/COLLADASchema" version="1.4.1">
  <asset><contributor><author></author><authoring_tool>FBX COLLADA exporter</authoring_tool><comments></comments></contributor><created>2023-08-07T23:49:09Z</created><keywords></keywords><modified>2023-08-07T23:49:09Z</modified><revision></revision><subject></subject><title></title><unit meter="0.010000" name="centimeter"></unit><up_axis>Y_UP</up_axis></asset>
  <library_animations>
    <animation id="jnt_left_armroot-anim" name="jnt_left_armroot"><animation><source id="jnt_left_armroot-Matrix-animation-input"><float_array id="jnt_left_armroot-Matrix-animation-input-array" count="30">

0.000333 0.033667 0.067000 0.100333 0.133667 0.167000 0.200333 0.233667 0.267000 0.300333 0.333667 0.367000 0.400333 0.433667 0.467000 0.500333
0.533667 0.567000 0.600333 0.633667 0.667000 0.700333 0.733667 0.767000 0.800333 0.833667 0.867000 0.900333 0.933667 0.967000</float_array><technique_common><accessor source="#jnt_left_armroot-Matrix-animation-input-array" count="30"><param name="TIME" type="float"/></accessor></technique_common></source><source id="jnt_left_armroot-Matrix-animation-output-transform"><float_array id="jnt_left_armroot-Matrix-animation-output-transform-array" count="480">

0.680543 -0.590039 -0.434415 -0.749705 0.635445 0.770460 -0.050997 0.617241 0.364790 -0.241341 0.899268 -0.513770 0.000000 0.000000 0.000000 1.000000
0.680543 -0.590039 -0.434415 -0.703607 0.635445 0.770460 -0.050997 0.285736 0.364790 -0.241341 0.899268 -0.513770 0.000000 0.000000 0.000000 1.000000
0.680543 -0.590039 -0.434415 -0.664069 0.635445 0.770460 -0.050997 0.168449 0.364790 -0.241341 0.899268 -0.513770 0.000000 0.000000 0.000000 1.000000
0.680543 -0.590039 -0.434415 -0.671263 0.635445 0.770460 -0.050997 0.209327 0.364790 -0.241341 0.899268 -0.513770 0.000000 0.000000 0.000000 1.000000
0.680543 -0.590039 -0.434415 -0.690295 0.635445 0.770460 -0.050997 0.306741 0.364790 -0.241341 0.899268 -0.513770 0.000000 0.000000 0.000000 1.000000
0.680543 -0.590039 -0.434415 -0.713491 0.635445 0.770460 -0.050997 0.425424 0.364790 -0.241341 0.899268 -0.513770 0.000000 0.000000 0.000000 1.000000
0.680543 -0.590039 -0.434415 -0.733956 0.635445 0.770460 -0.050997 0.530142 0.364790 -0.241341 0.899268 -0.513770 0.000000 0.000000 0.000000 1.000000
0.680543 -0.590039 -0.434415 -0.744755 0.635445 0.770460 -0.050997 0.585665 0.364790 -0.241341 0.899268 -0.513770 0.000000 0.000000 0.000000 1.000000
0.680543 -0.590039 -0.434415 -0.747985 0.635445 0.770460 -0.050997 0.601870 0.364790 -0.241341 0.899268 -0.513770 0.000000 0.000000 0.000000 1.000000
0.680543 -0.590039 -0.434415 -0.749770 0.635445 0.770460 -0.050997 0.611678 0.364790 -0.241341 0.899268 -0.513770 0.000000 0.000000 0.000000 1.000000
0.680543 -0.590039 -0.434415 -0.750800 0.635445 0.770460 -0.050997 0.616669 0.364790 -0.241341 0.899268 -0.513770 0.000000 0.000000 0.000000 1.000000
0.680543 -0.590039 -0.434415 -0.750995 0.635445 0.770460 -0.050997 0.618434 0.364790 -0.241341 0.899268 -0.513770 0.000000 0.000000 0.000000 1.000000
0.680543 -0.590039 -0.434415 -0.750995 0.635445 0.770460 -0.050997 0.618434 0.364790 -0.241341 0.899268 -0.513770 0.000000 0.000000 0.000000 1.000000
0.680543 -0.590039 -0.434415 -0.750995 0.635445 0.770460 -0.050997 0.618434 0.364790 -0.241341 0.899268 -0.513770 0.000000 0.000000 0.000000 1.000000
0.680543 -0.590039 -0.434415 -0.750995 0.635445 0.770460 -0.050997 0.618434 0.364790 -0.241341 0.899268 -0.513770 0.000000 0.000000 0.000000 1.000000
0.680543 -0.590039 -0.434415 -0.750995 0.635445 0.770460 -0.050997 0.618434 0.364790 -0.241341 0.899268 -0.513770 0.000000 0.000000 0.000000 1.000000
0.680543 -0.590039 -0.434415 -0.750995 0.635445 0.770460 -0.050997 0.618434 0.364790 -0.241341 0.899268 -0.513770 0.000000 0.000000 0.000000 1.000000
0.680543 -0.590039 -0.434415 -0.750995 0.635445 0.770460 -0.050997 0.618434 0.364790 -0.241341 0.899268 -0.513770 0.000000 0.000000 0.000000 1.000000
0.680543 -0.590039 -0.434415 -0.750995 0.635445 0.770460 -0.050997 0.618434 0.364790 -0.241341 0.899268 -0.513770 0.000000 0.000000 0.000000 1.000000
0.680543 -0.590039 -0.434415 -0.750995 0.635445 0.770460 -0.050997 0.618434 0.364790 -0.241341 0.899268 -0.513770 0.000000 0.000000 0.000000 1.000000
0.680543 -0.590039 -0.434415 -0.750995 0.635445 0.770460 -0.050997 0.618434 0.364790 -0.241341 0.899268 -0.513770 0.000000 0.000000 0.000000 1.000000
0.680543 -0.590039 -0.434415 -0.750995 0.635445 0.770460 -0.050997 0.618434 0.364790 -0.241341 0.899268 -0.513770 0.000000 0.000000 0.000000 1.000000
0.680543 -0.590039 -0.434415 -0.750995 0.635445 0.770460 -0.050997 0.618434 0.364790 -0.241341 0.899268 -0.513770 0.000000 0.000000 0.000000 1.000000
0.680543 -0.590039 -0.434415 -0.750995 0.635445 0.770460 -0.050997 0.618434 0.364790 -0.241341 0.899268 -0.513770 0.000000 0.000000 0.000000 1.000000
0.680543 -0.590039 -0.434415 -0.750995 0.635445 0.770460 -0.050997 0.618434 0.364790 -0.241341 0.899268 -0.513770 0.000000 0.000000 0.000000 1.000000
0.680543 -0.590039 -0.434415 -0.750995 0.635445 0.770460 -0.050997 0.618434 0.364790 -0.241341 0.899268 -0.513770 0.000000 0.000000 0.000000 1.000000
0.680543 -0.590039 -0.434415 -0.750995 0.635445 0.770460 -0.050997 0.618434 0.364790 -0.241341 0.899268 -0.513770 0.000000 0.000000 0.000000 1.000000
0.680543 -0.590039 -0.434415 -0.750995 0.635445 0.770460 -0.050997 0.618434 0.364790 -0.241341 0.899268 -0.513770 0.000000 0.000000 0.000000 1.000000
0.680543 -0.590039 -0.434415 -0.750995 0.635445 0.770460 -0.050997 0.618434 0.364790 -0.241341 0.899268 -0.513770 0.000000 0.000000 0.000000 1.000000
0.680543 -0.590039 -0.434415 -0.750995 0.635445 0.770460 -0.050997 0.618434 0.364790 -0.241341 0.899268 -0.513770 0.000000 0.000000 0.000000 1.000000</float_array><technique_common><accessor source="#jnt_left_armroot-Matrix-animation-output-transform-array" count="30" stride="16"><param type="float4x4"/></accessor></technique_common></source><source id="jnt_left_armroot-Interpolations"><Name_array id="jnt_left_armroot-Interpolations-array" count="30">
 LINEAR LINEAR LINEAR LINEAR LINEAR LINEAR LINEAR LINEAR LINEAR LINEAR LINEAR
LINEAR LINEAR LINEAR LINEAR LINEAR LINEAR LINEAR LINEAR LINEAR LINEAR LINEAR LINEAR
LINEAR LINEAR LINEAR LINEAR LINEAR LINEAR LINEAR</Name_array><technique_common><accessor source="#jnt_left_armroot-Interpolations-array" count="30"><param type="name"/></accessor></technique_common></source><sampler id="jnt_left_armroot-Matrix-animation-transform"><input semantic="INPUT" source="#jnt_left_armroot-Matrix-animation-input"/><input semantic="OUTPUT" source="#jnt_left_armroot-Matrix-animation-output-transform"/><input semantic="INTERPOLATION" source="#jnt_left_armroot-Interpolations"/></sampler><channel source="#jnt_left_armroot-Matrix-animation-transform" target="jnt_left_armroot/matrix"/></animation></animation>
    <animation id="jnt_left_arm-anim" name="jnt_left_arm"><animation><source id="jnt_left_arm-Matrix-animation-input"><float_array id="jnt_left_arm-Matrix-animation-input-array" count="30">

0.000333 0.033667 0.067000 0.100333 0.133667 0.167000 0.200333 0.233667 0.267000 0.300333 0.333667 0.367000 0.400333 0.433667 0.467000 0.500333
0.533667 0.567000 0.600333 0.633667 0.667000 0.700333 0.733667 0.767000 0.800333 0.833667 0.867000 0.900333 0.933667 0.967000</float_array><technique_common><accessor source="#jnt_left_arm-Matrix-animation-input-array" count="30"><param name="TIME" type="float"/></accessor></technique_common></source><source id="jnt_left_arm-Matrix-animation-output-transform"><float_array id="jnt_left_arm-Matrix-animation-output-transform-array" count="480">

-0.337753 -0.491836 -0.802509 -0.525417 0.401271 0.696006 -0.595447 -0.032446 0.851415 -0.523137 -0.037718 0.009491 0.000000 0.000000 0.000000 1.000000
-0.247346 -0.588809 -0.769496 -0.525417 0.431774 0.643981 -0.631554 -0.032446 0.867406 -0.488460 0.094946 0.009491 0.000000 0.000000 0.000000 1.000000
-0.246002 -0.608787 -0.754229 -0.525417 0.496476 0.589169 -0.637488 -0.032446 0.832464 -0.531280 0.157311 0.009491 0.000000 0.000000 0.000000 1.000000
-0.246709 -0.595254 -0.764727 -0.525417 0.496384 0.600119 -0.627264 -0.032446 0.832310 -0.534350 0.147419 0.009491 0.000000 0.000000 0.000000 1.000000
-0.261136 -0.564264 -0.783207 -0.525417 0.487285 0.623340 -0.611556 -0.032446 0.833284 -0.541345 0.112181 0.009491 0.000000 0.000000 0.000000 1.000000
-0.283337 -0.527552 -0.800880 -0.525417 0.474442 0.648643 -0.595120 -0.032446 0.833443 -0.548590 0.066508 0.009491 0.000000 0.000000 0.000000 1.000000
-0.305619 -0.495807 -0.812879 -0.525417 0.462236 0.669119 -0.581909 -0.032446 0.832428 -0.553584 0.024685 0.009491 0.000000 0.000000 0.000000 1.000000
-0.319697 -0.479600 -0.817176 -0.525417 0.454376 0.679206 -0.576387 -0.032446 0.831467 -0.555574 0.000779 0.009491 0.000000 0.000000 0.000000 1.000000
-0.327255 -0.476240 -0.816149 -0.525417 0.448200 0.682138 -0.577758 -0.032446 0.831879 -0.554872 -0.009782 0.009491 0.000000 0.000000 0.000000 1.000000
-0.336301 -0.475571 -0.812855 -0.525417 0.440677 0.683336 -0.582114 -0.032446 0.832290 -0.553972 -0.020234 0.009491 0.000000 0.000000 0.000000 1.000000
-0.346014 -0.476708 -0.808099 -0.525417 0.432302 0.683420 -0.588262 -0.032446 0.832701 -0.552890 -0.030391 0.009491 0.000000 0.000000 0.000000 1.000000
-0.355632 -0.478806 -0.802664 -0.525417 0.423620 0.682950 -0.595084 -0.032446 0.833111 -0.551655 -0.040047 0.009491 0.000000 0.000000 0.000000 1.000000
-0.364590 -0.480752 -0.797465 -0.525417 0.415113 0.682691 -0.601344 -0.032446 0.833521 -0.550282 -0.049336 0.009491 0.000000 0.000000 0.000000 1.000000
-0.370343 -0.482323 -0.793858 -0.525417 0.408120 0.683232 -0.605502 -0.032446 0.834438 -0.548232 -0.056185 0.009491 0.000000 0.000000 0.000000 1.000000
-0.369977 -0.485256 -0.792240 -0.525417 0.400789 0.685951 -0.607321 -0.032446 0.838145 -0.542216 -0.059301 0.009491 0.000000 0.000000 0.000000 1.000000
-0.366386 -0.488531 -0.791895 -0.525417 0.395104 0.688851 -0.607764 -0.032446 0.842411 -0.535557 -0.059365 0.009491 0.000000 0.000000 0.000000 1.000000
-0.362151 -0.491153 -0.792222 -0.525417 0.391120 0.691404 -0.607442 -0.032446 0.846093 -0.529839 -0.058293 0.009491 0.000000 0.000000 0.000000 1.000000
-0.359842 -0.492324 -0.792547 -0.525417 0.389392 0.692689 -0.607088 -0.032446 0.847874 -0.527067 -0.057552 0.009491 0.000000 0.000000 0.000000 1.000000
-0.358739 -0.491011 -0.793860 -0.525417 0.390408 0.693584 -0.605411 -0.032446 0.847874 -0.527114 -0.057121 0.009491 0.000000 0.000000 0.000000 1.000000
-0.357096 -0.490647 -0.794826 -0.525417 0.391911 0.693705 -0.604300 -0.032446 0.847874 -0.527294 -0.055429 0.009491 0.000000 0.000000 0.000000 1.000000
-0.355081 -0.490322 -0.795929 -0.525417 0.393738 0.693767 -0.603041 -0.032446 0.847874 -0.527515 -0.053285 0.009491 0.000000 0.000000 0.000000 1.000000
-0.352850 -0.489934 -0.797159 -0.525417 0.395739 0.693865 -0.601616 -0.032446 0.847874 -0.527746 -0.050944 0.009491 0.000000 0.000000 0.000000 1.000000
-0.350566 -0.489541 -0.798406 -0.525417 0.397764 0.693971 -0.600157 -0.032446 0.847874 -0.527971 -0.048561 0.009491 0.000000 0.000000 0.000000 1.000000
-0.348395 -0.489187 -0.799573 -0.525417 0.399666 0.694066 -0.598781 -0.032446 0.847874 -0.528174 -0.046298 0.009491 0.000000 0.000000 0.000000 1.000000
-0.346498 -0.488864 -0.800594 -0.525417 0.401312 0.694166 -0.597564 -0.032446 0.847874 -0.528342 -0.044340 0.009491 0.000000 0.000000 0.000000 1.000000
-0.344949 -0.488590 -0.801430 -0.525417 0.402644 0.694260 -0.596558 -0.032446 0.847874 -0.528473 -0.042757 0.009491 0.000000 0.000000 0.000000 1.000000
-0.343855 -0.488414 -0.802007 -0.525417 0.403579 0.694315 -0.595862 -0.032446 0.847874 -0.528563 -0.041630 0.009491 0.000000 0.000000 0.000000 1.000000
-0.343098 -0.487488 -0.802894 -0.525417 0.404223 0.694950 -0.594683 -0.032446 0.847874 -0.528582 -0.041382 0.009491 0.000000 0.000000 0.000000 1.000000
-0.342984 -0.487293 -0.803062 -0.525417 0.404319 0.695088 -0.594457 -0.032446 0.847874 -0.528582 -0.041382 0.009491 0.000000 0.000000 0.000000 1.000000
-0.342984 -0.487293 -0.803062 -0.525417 0.404319 0.695088 -0.594457 -0.032446 0.847874 -0.528582 -0.041382 0.009491 0.000000 0.000000 0.000000 1.000000</float_array><technique_common><accessor source="#jnt_left_arm-Matrix-animation-output-transform-array" count="30" stride="16"><param type="float4x4"/></accessor></technique_common></source><source id="jnt_left_arm-Interpolations"><Name_array id="jnt_left_arm-Interpolations-array" count="30">
 LINEAR LINEAR LINEAR LINEAR LINEAR LINEAR LINEAR LINEAR LINEAR LINEAR LINEAR
LINEAR LINEAR LINEAR LINEAR LINEAR LINEAR LINEAR LINEAR LINEAR LINEAR LINEAR LINEAR
LINEAR LINEAR LINEAR LINEAR LINEAR LINEAR LINEAR</Name_array><technique_common><accessor source="#jnt_left_arm-Interpolations-array" count="30"><param type="name"/></accessor></technique_common></source><sampler id="jnt_left_arm-Matrix-animation-transform"><input semantic="INPUT" source="#jnt_left_arm-Matrix-animation-input"/><input semantic="OUTPUT" source="#jnt_left_arm-Matrix-animation-output-transform"/><input semantic="INTERPOLATION" source="#jnt_left_arm-Interpolations"/></sampler><channel source="#jnt_left_arm-Matrix-animation-transform" target="jnt_left_arm/matrix"/></animation></animation>
    <animation id="jnt_left_forearm-anim" name="jnt_left_forearm"><animation><source id="jnt_left_forearm-Matrix-animation-input"><float_array id="jnt_left_forearm-Matrix-animation-input-array" count="30">

0.000333 0.033667 0.067000 0.100333 0.133667 0.167000 0.200333 0.233667 0.267000 0.300333 0.333667 0.367000 0.400333 0.433667 0.467000 0.500333
0.533667 0.567000 0.600333 0.633667 0.667000 0.700333 0.733667 0.767000 0.800333 0.833667 0.867000 0.900333 0.933667 0.967000</float_array><technique_common><accessor source="#jnt_left_forearm-Matrix-animation-input-array" count="30"><param name="TIME" type="float"/></accessor></technique_common></source><source id="jnt_left_forearm-Matrix-animation-output-transform"><float_array id="jnt_left_forearm-Matrix-animation-output-transform-array" count="480">

0.646812 0.002961 -0.762643 -0.843981 0.400652 0.849565 0.343098 0.000001 0.648932 -0.527474 0.548323 0.000004 0.000000 0.000000 0.000000 1.000000
0.498574 -0.007833 -0.866811 -0.843981 0.490949 0.826675 0.274914 0.000001 0.714418 -0.562625 0.416004 0.000004 0.000000 0.000000 0.000000 1.000000
0.480418 0.030454 -0.876510 -0.843981 0.496321 0.814533 0.300335 0.000001 0.723094 -0.579317 0.376201 0.000004 0.000000 0.000000 0.000000 1.000000
0.482983 0.037347 -0.874832 -0.843981 0.488492 0.817678 0.304596 0.000001 0.726707 -0.574463 0.376681 0.000004 0.000000 0.000000 0.000000 1.000000
0.506540 0.042279 -0.861179 -0.843981 0.466649 0.826426 0.315053 0.000001 0.725021 -0.561455 0.398888 0.000004 0.000000 0.000000 0.000000 1.000000
0.542913 0.043927 -0.838639 -0.843981 0.440828 0.835075 0.329120 0.000001 0.714784 -0.548379 0.434009 0.000004 0.000000 0.000000 0.000000 1.000000
0.579482 0.045153 -0.813733 -0.843981 0.416219 0.842037 0.343124 0.000001 0.700687 -0.537525 0.469152 0.000004 0.000000 0.000000 0.000000 1.000000
0.604315 0.045845 -0.795425 -0.843981 0.400932 0.845234 0.353318 0.000001 0.688518 -0.532426 0.492407 0.000004 0.000000 0.000000 0.000000 1.000000
0.619756 0.043466 -0.783589 -0.843981 0.394480 0.845907 0.358925 0.000001 0.678445 -0.531556 0.507109 0.000004 0.000000 0.000000 0.000000 1.000000
0.635901 0.036781 -0.770893 -0.843981 0.390225 0.846451 0.362278 0.000001 0.665848 -0.531195 0.523906 0.000004 0.000000 0.000000 0.000000 1.000000
0.651959 0.027766 -0.757745 -0.843981 0.387258 0.846976 0.364229 0.000001 0.651905 -0.530906 0.541441 0.000004 0.000000 0.000000 0.000000 1.000000
0.667259 0.018194 -0.744603 -0.843981 0.384812 0.847522 0.365549 0.000001 0.637719 -0.530448 0.558515 0.000004 0.000000 0.000000 0.000000 1.000000
0.681056 0.009465 -0.732170 -0.843981 0.382680 0.847892 0.366926 0.000001 0.624274 -0.530084 0.573840 0.000004 0.000000 0.000000 0.000000 1.000000
0.688491 0.001319 -0.725243 -0.843981 0.383225 0.848327 0.365347 0.000001 0.615726 -0.529470 0.583561 0.000004 0.000000 0.000000 0.000000 1.000000
0.688640 -0.002912 -0.725098 -0.843981 0.384659 0.849153 0.361907 0.000001 0.614665 -0.528139 0.585880 0.000004 0.000000 0.000000 0.000000 1.000000
0.685448 -0.007914 -0.728078 -0.843981 0.389292 0.849005 0.357269 0.000001 0.615316 -0.528324 0.585029 0.000004 0.000000 0.000000 0.000000 1.000000
0.679874 -0.011640 -0.733236 -0.843981 0.393496 0.849528 0.351373 0.000001 0.618815 -0.527415 0.582152 0.000004 0.000000 0.000000 0.000000 1.000000
0.675438 -0.013074 -0.737300 -0.843981 0.396264 0.849650 0.347950 0.000001 0.621899 -0.527184 0.579066 0.000004 0.000000 0.000000 0.000000 1.000000
0.672501 -0.013026 -0.739982 -0.843981 0.397602 0.849664 0.346386 0.000001 0.624224 -0.527164 0.576578 0.000004 0.000000 0.000000 0.000000 1.000000
0.669308 -0.012140 -0.742886 -0.843981 0.398594 0.849669 0.345231 0.000001 0.627017 -0.527176 0.573529 0.000004 0.000000 0.000000 0.000000 1.000000
0.665967 -0.010599 -0.745905 -0.843981 0.399289 0.849671 0.344423 0.000001 0.630124 -0.527207 0.570085 0.000004 0.000000 0.000000 0.000000 1.000000
0.662632 -0.008619 -0.748896 -0.843981 0.399733 0.849670 0.343910 0.000001 0.633351 -0.527244 0.566463 0.000004 0.000000 0.000000 0.000000 1.000000
0.659443 -0.006419 -0.751727 -0.843981 0.399980 0.849671 0.343621 0.000001 0.636516 -0.527274 0.562876 0.000004 0.000000 0.000000 0.000000 1.000000
0.656551 -0.004217 -0.754269 -0.843981 0.400079 0.849675 0.343496 0.000001 0.639435 -0.527290 0.559542 0.000004 0.000000 0.000000 0.000000 1.000000
0.654059 -0.002269 -0.756440 -0.843981 0.400143 0.849669 0.343436 0.000001 0.641945 -0.527311 0.556641 0.000004 0.000000 0.000000 0.000000 1.000000
0.652002 -0.000694 -0.758217 -0.843981 0.400176 0.849692 0.343339 0.000001 0.644013 -0.527278 0.554278 0.000004 0.000000 0.000000 0.000000 1.000000
0.650577 0.000448 -0.759440 -0.843981 0.400174 0.849705 0.343310 0.000001 0.645454 -0.527258 0.552619 0.000004 0.000000 0.000000 0.000000 1.000000
0.649658 0.001284 -0.760225 -0.843981 0.400066 0.849754 0.343315 0.000001 0.646445 -0.527178 0.551536 0.000004 0.000000 0.000000 0.000000 1.000000
0.649317 0.002151 -0.760515 -0.843981 0.399856 0.849659 0.343794 0.000001 0.646919 -0.527327 0.550838 0.000004 0.000000 0.000000 0.000000 1.000000
0.648975 0.002530 -0.760805 -0.843981 0.399645 0.849785 0.343727 0.000001 0.647391 -0.527122 0.550478 0.000004 0.000000 0.000000 0.000000 1.000000</float_array><technique_common><accessor source="#jnt_left_forearm-Matrix-animation-output-transform-array" count="30" stride="16"><param type="float4x4"/></accessor></technique_common></source><source id="jnt_left_forearm-Interpolations"><Name_array id="jnt_left_forearm-Interpolations-array" count="30">
 LINEAR LINEAR LINEAR LINEAR LINEAR LINEAR LINEAR LINEAR LINEAR LINEAR LINEAR
LINEAR LINEAR LINEAR LINEAR LINEAR LINEAR LINEAR LINEAR LINEAR LINEAR LINEAR LINEAR
LINEAR LINEAR LINEAR LINEAR LINEAR LINEAR LINEAR</Name_array><technique_common><accessor source="#jnt_left_forearm-Interpolations-array" count="30"><param type="name"/></accessor></technique_common></source><sampler id="jnt_left_forearm-Matrix-animation-transform"><input semantic="INPUT" source="#jnt_left_forearm-Matrix-animation-input"/><input semantic="OUTPUT" source="#jnt_left_forearm-Matrix-animation-output-transform"/><input semantic="INTERPOLATION" source="#jnt_left_forearm-Interpolations"/></sampler><channel source="#jnt_left_forearm-Matrix-animation-transform" target="jnt_left_forearm/matrix"/></animation></animation>
    <animation id="jnt_left_hand-anim" name="jnt_left_hand"><animation><source id="jnt_left_hand-Matrix-animation-input"><float_array id="jnt_left_hand-Matrix-animation-input-array" count="29">

0.000333 0.033667 0.067000 0.100333 0.133667 0.167000 0.200333 0.233667 0.267000 0.300333 0.333667 0.367000 0.400333 0.433667 0.467000 0.500333
0.533667 0.567000 0.600333 0.633667 0.667000 0.700333 0.733667 0.767000 0.800333 0.833667 0.867000 0.900333 0.933667</float_array><technique_common><accessor source="#jnt_left_hand-Matrix-animation-input-array" count="29"><param name="TIME" type="float"/></accessor></technique_common></source><source id="jnt_left_hand-Matrix-animation-output-transform"><float_array id="jnt_left_hand-Matrix-animation-output-transform-array" count="464">

0.714056 0.454087 -0.532850 -0.975262 0.063069 0.716299 0.694936 -0.000001 0.697242 -0.529830 0.482839 0.000000 0.000000 0.000000 0.000000 1.000000
0.764685 0.373477 -0.525139 -0.975262 0.135722 0.703300 0.697816 -0.000001 0.629949 -0.604883 0.487114 0.000000 0.000000 0.000000 0.000000 1.000000
0.773497 0.362357 -0.520000 -0.975262 0.164993 0.677039 0.717213 -0.000001 0.611948 -0.640558 0.463901 0.000000 0.000000 0.000000 0.000000 1.000000
0.775708 0.370447 -0.510926 -0.975262 0.151407 0.676706 0.720516 -0.000001 0.612661 -0.636268 0.468838 0.000000 0.000000 0.000000 0.000000 1.000000
0.771307 0.391667 -0.501679 -0.975262 0.123343 0.681303 0.721534 -0.000001 0.624397 -0.618403 0.477185 0.000000 0.000000 0.000000 0.000000 1.000000
0.762047 0.418035 -0.494501 -0.975262 0.091206 0.686772 0.721127 -0.000001 0.641067 -0.594634 0.485225 0.000000 0.000000 0.000000 0.000000 1.000000
0.750866 0.441451 -0.491244 -0.975262 0.064509 0.691220 0.719759 -0.000001 0.657296 -0.572132 0.490536 0.000000 0.000000 0.000000 0.000000 1.000000
0.742294 0.455349 -0.491586 -0.975262 0.051201 0.692940 0.719174 -0.000001 0.668115 -0.559008 0.491051 0.000000 0.000000 0.000000 0.000000 1.000000
0.735807 0.460816 -0.496221 -0.975262 0.049139 0.694500 0.717812 -0.000001 0.675406 -0.552555 0.488375 0.000000 0.000000 0.000000 0.000000 1.000000
0.727786 0.464367 -0.504669 -0.975262 0.050401 0.697673 0.714641 -0.000001 0.683950 -0.545541 0.484352 0.000000 0.000000 0.000000 0.000000 1.000000
0.718889 0.466069 -0.515731 -0.975262 0.054280 0.702022 0.710083 -0.000001 0.693003 -0.538464 0.479378 0.000000 0.000000 0.000000 0.000000 1.000000
0.709833 0.466252 -0.527964 -0.975262 0.059463 0.707212 0.704496 -0.000001 0.701856 -0.531469 0.474278 0.000000 0.000000 0.000000 0.000000 1.000000
0.701494 0.466455 -0.538819 -0.975262 0.063847 0.711878 0.699395 -0.000001 0.709810 -0.525023 0.469596 0.000000 0.000000 0.000000 0.000000 1.000000
0.696172 0.465139 -0.546800 -0.975262 0.067065 0.716221 0.694643 -0.000001 0.714736 -0.520262 0.467419 0.000000 0.000000 0.000000 0.000000 1.000000
0.695036 0.461704 -0.551139 -0.975262 0.069281 0.719986 0.690521 -0.000001 0.715629 -0.518121 0.468429 0.000000 0.000000 0.000000 0.000000 1.000000
0.695747 0.458005 -0.553324 -0.975262 0.070544 0.723045 0.687189 -0.000001 0.714814 -0.517143 0.470747 0.000000 0.000000 0.000000 0.000000 1.000000
0.697727 0.454598 -0.553640 -0.975262 0.071096 0.725089 0.684975 -0.000001 0.712827 -0.517287 0.473594 0.000000 0.000000 0.000000 0.000000 1.000000
0.699517 0.452678 -0.552953 -0.975262 0.071187 0.725788 0.684225 -0.000001 0.711061 -0.517990 0.475476 0.000000 0.000000 0.000000 0.000000 1.000000
0.700843 0.451801 -0.551992 -0.975262 0.070981 0.725827 0.684205 -0.000001 0.709776 -0.518701 0.476621 0.000000 0.000000 0.000000 0.000000 1.000000
0.702349 0.451736 -0.550128 -0.975262 0.070304 0.725033 0.685116 -0.000001 0.708353 -0.519867 0.477467 0.000000 0.000000 0.000000 0.000000 1.000000
0.703986 0.451888 -0.547905 -0.975262 0.069343 0.724045 0.686257 -0.000001 0.706820 -0.521109 0.478383 0.000000 0.000000 0.000000 0.000000 1.000000
0.705664 0.452186 -0.545496 -0.975262 0.068212 0.722949 0.687525 -0.000001 0.705256 -0.522371 0.479314 0.000000 0.000000 0.000000 0.000000 1.000000
0.707290 0.452565 -0.543070 -0.975262 0.067022 0.721827 0.688820 -0.000001 0.703739 -0.523593 0.480209 0.000000 0.000000 0.000000 0.000000 1.000000
0.708774 0.452970 -0.540792 -0.975262 0.065878 0.720756 0.690050 -0.000001 0.702353 -0.524716 0.481013 0.000000 0.000000 0.000000 0.000000 1.000000
0.710039 0.453348 -0.538812 -0.975262 0.064880 0.719808 0.691134 -0.000001 0.701167 -0.525691 0.481679 0.000000 0.000000 0.000000 0.000000 1.000000
0.711086 0.453565 -0.537248 -0.975262 0.064111 0.719097 0.691945 -0.000001 0.700176 -0.526476 0.482261 0.000000 0.000000 0.000000 0.000000 1.000000
0.711757 0.453728 -0.536220 -0.975262 0.063547 0.718661 0.692451 -0.000001 0.699545 -0.526932 0.482679 0.000000 0.000000 0.000000 0.000000 1.000000
0.712201 0.453850 -0.535526 -0.975262 0.063158 0.718363 0.692795 -0.000001 0.699128 -0.527233 0.482955 0.000000 0.000000 0.000000 0.000000 1.000000
0.712225 0.454115 -0.535271 -0.975262 0.062895 0.718195 0.692993 -0.000001 0.699128 -0.527233 0.482955 0.000000 0.000000 0.000000 0.000000 1.000000</float_array><technique_common><accessor source="#jnt_left_hand-Matrix-animation-output-transform-array" count="29" stride="16"><param type="float4x4"/></accessor></technique_common></source><source id="jnt_left_hand-Interpolations"><Name_array id="jnt_left_hand-Interpolations-array" count="29">
 LINEAR LINEAR LINEAR LINEAR LINEAR LINEAR LINEAR LINEAR LINEAR LINEAR LINEAR
LINEAR LINEAR LINEAR LINEAR LINEAR LINEAR LINEAR LINEAR LINEAR LINEAR LINEAR LINEAR
LINEAR LINEAR LINEAR LINEAR LINEAR LINEAR</Name_array><technique_common><accessor source="#jnt_left_hand-Interpolations-array" count="29"><param type="name"/></accessor></technique_common></source><sampler id="jnt_left_hand-Matrix-animation-transform"><input semantic="INPUT" source="#jnt_left_hand-Matrix-animation-input"/><input semantic="OUTPUT" source="#jnt_left_hand-Matrix-animation-output-transform"/><input semantic="INTERPOLATION" source="#jnt_left_hand-Interpolations"/></sampler><channel source="#jnt_left_hand-Matrix-animation-transform" target="jnt_left_hand/matrix"/></animation></animation>
    <animation id="jnt_left_weapon-anim" name="jnt_left_weapon"><animation><source id="jnt_left_weapon-Matrix-animation-input"><float_array id="jnt_left_weapon-Matrix-animation-input-array" count="8">

0.000333 0.033667 0.067000 0.100333 0.133667 0.167000 0.200333 0.233667</float_array><technique_common><accessor source="#jnt_left_weapon-Matrix-animation-input-array" count="8"><param name="TIME" type="float"/></accessor></technique_common></source><source id="jnt_left_weapon-Matrix-animation-output-transform"><float_array id="jnt_left_weapon-Matrix-animation-output-transform-array" count="128">

-0.020562 0.914809 -0.403374 -0.292793 -0.141391 -0.402067 -0.904628 0.154354 -0.989745 0.038432 0.137612 0.135621 0.000000 0.000000 0.000000 1.000000
-0.031147 0.916442 -0.398965 -0.463756 -0.165409 -0.398383 -0.902182 -0.248494 -0.985738 0.037892 0.163994 0.129778 0.000000 0.000000 0.000000 1.000000
-0.032067 0.918061 -0.395152 -0.486271 -0.169024 -0.394644 -0.903155 -0.297131 -0.985095 0.037829 0.167827 0.146815 0.000000 0.000000 0.000000 1.000000
-0.031469 0.917505 -0.396488 -0.472284 -0.167244 -0.395928 -0.902925 -0.263664 -0.985418 0.037896 0.165905 0.146029 0.000000 0.000000 0.000000 1.000000
-0.029521 0.916294 -0.399427 -0.436032 -0.161652 -0.398719 -0.902715 -0.179537 -0.986411 0.037919 0.159890 0.144003 0.000000 0.000000 0.000000 1.000000
-0.026303 0.916175 -0.399926 -0.389063 -0.154101 -0.399001 -0.903910 -0.070538 -0.987709 0.037853 0.151677 0.141374 0.000000 0.000000 0.000000 1.000000
-0.023092 0.916055 -0.400398 -0.342201 -0.146585 -0.399280 -0.905036 0.038211 -0.988933 0.037793 0.143499 0.138750 0.000000 0.000000 0.000000 1.000000
-0.020646 0.915930 -0.400817 -0.306274 -0.140855 -0.399571 -0.905817 0.121584 -0.989819 0.037756 0.137262 0.136742 0.000000 0.000000 0.000000 1.000000</float_array><technique_common><accessor source="#jnt_left_weapon-Matrix-animation-output-transform-array" count="8" stride="16"><param type="float4x4"/></accessor></technique_common></source><source id="jnt_left_weapon-Interpolations"><Name_array id="jnt_left_weapon-Interpolations-array" count="8">
 LINEAR LINEAR LINEAR LINEAR LINEAR LINEAR LINEAR LINEAR</Name_array><technique_common><accessor source="#jnt_left_weapon-Interpolations-array" count="8"><param type="name"/></accessor></technique_common></source><sampler id="jnt_left_weapon-Matrix-animation-transform"><input semantic="INPUT" source="#jnt_left_weapon-Matrix-animation-input"/><input semantic="OUTPUT" source="#jnt_left_weapon-Matrix-animation-output-transform"/><input semantic="INTERPOLATION" source="#jnt_left_weapon-Interpolations"/></sampler><channel source="#jnt_left_weapon-Matrix-animation-transform" target="jnt_left_weapon/matrix"/></animation></animation>
    <animation id="jnt_right_arm-anim" name="jnt_right_arm"><animation><source id="jnt_right_arm-Matrix-animation-input"><float_array id="jnt_right_arm-Matrix-animation-input-array" count="30">

0.000333 0.033667 0.067000 0.100333 0.133667 0.167000 0.200333 0.233667 0.267000 0.300333 0.333667 0.367000 0.400333 0.433667 0.467000 0.500333
0.533667 0.567000 0.600333 0.633667 0.667000 0.700333 0.733667 0.767000 0.800333 0.833667 0.867000 0.900333 0.933667 0.967000</float_array><technique_common><accessor source="#jnt_right_arm-Matrix-animation-input-array" count="30"><param name="TIME" type="float"/></accessor></technique_common></source><source id="jnt_right_arm-Matrix-animation-output-transform"><float_array id="jnt_right_arm-Matrix-animation-output-transform-array" count="480">

-0.428928 -0.881032 -0.199504 0.525417 -0.856681 0.466789 -0.219557 0.032447 0.286564 0.076737 -0.954983 -0.009491 0.000000 0.000000 0.000000 1.000000
-0.254915 -0.966044 0.042140 0.525417 -0.895712 0.219488 -0.386684 0.032447 0.364305 -0.136317 -0.921249 -0.009491 0.000000 0.000000 0.000000 1.000000
-0.523274 -0.832508 0.181971 0.525417 -0.849303 0.492004 -0.191352 0.032447 0.069772 -0.254679 -0.964505 -0.009491 0.000000 0.000000 0.000000 1.000000
-0.520073 -0.836418 0.173000 0.525417 -0.850677 0.489066 -0.192777 0.032447 0.076633 -0.247425 -0.965872 -0.009491 0.000000 0.000000 0.000000 1.000000
-0.510518 -0.847894 0.142988 0.525417 -0.853434 0.479339 -0.204658 0.032447 0.104989 -0.226512 -0.968333 -0.009491 0.000000 0.000000 0.000000 1.000000
-0.497181 -0.861809 0.100477 0.525417 -0.855848 0.468086 -0.220047 0.032447 0.142606 -0.195396 -0.970301 -0.009491 0.000000 0.000000 0.000000 1.000000
-0.482906 -0.874160 0.051439 0.525417 -0.856624 0.459399 -0.234835 0.032447 0.181652 -0.157467 -0.970673 -0.009491 0.000000 0.000000 0.000000 1.000000
-0.471809 -0.881698 0.001889 0.525417 -0.855193 0.457102 -0.244342 0.032447 0.214573 -0.116898 -0.969687 -0.009491 0.000000 0.000000 0.000000 1.000000
-0.464235 -0.884612 -0.044122 0.525417 -0.852862 0.459902 -0.247215 0.032447 0.238981 -0.077136 -0.967956 -0.009491 0.000000 0.000000 0.000000 1.000000
-0.457184 -0.885155 -0.086507 0.525417 -0.851129 0.463666 -0.246158 0.032447 0.257998 -0.038911 -0.965362 -0.009491 0.000000 0.000000 0.000000 1.000000
-0.450340 -0.884050 -0.125098 0.525417 -0.850152 0.467383 -0.242475 0.032447 0.272828 -0.002844 -0.962059 -0.009491 0.000000 0.000000 0.000000 1.000000
-0.442996 -0.882228 -0.159459 0.525417 -0.850190 0.469842 -0.237540 0.032447 0.284485 0.030341 -0.958200 -0.009491 0.000000 0.000000 0.000000 1.000000
-0.434068 -0.880800 -0.189143 0.525417 -0.851478 0.469691 -0.233187 0.032447 0.294231 0.059832 -0.953860 -0.009491 0.000000 0.000000 0.000000 1.000000
-0.423599 -0.880258 -0.213798 0.525417 -0.853808 0.466829 -0.230395 0.032447 0.302614 0.084948 -0.949320 -0.009491 0.000000 0.000000 0.000000 1.000000
-0.412872 -0.880472 -0.233036 0.525417 -0.856658 0.462300 -0.228946 0.032447 0.309313 0.105106 -0.945134 -0.009491 0.000000 0.000000 0.000000 1.000000
-0.403421 -0.881256 -0.246250 0.525417 -0.859727 0.457191 -0.227696 0.032447 0.313242 0.119850 -0.942080 -0.009491 0.000000 0.000000 0.000000 1.000000
-0.396385 -0.882208 -0.254140 0.525417 -0.861869 0.452949 -0.228078 0.032447 0.316325 0.128629 -0.939890 -0.009491 0.000000 0.000000 0.000000 1.000000
-0.395176 -0.882442 -0.255209 0.525417 -0.863131 0.451777 -0.225614 0.032447 0.314389 0.131121 -0.940195 -0.009491 0.000000 0.000000 0.000000 1.000000
-0.396225 -0.882751 -0.252500 0.525417 -0.863391 0.451782 -0.224609 0.032447 0.312349 0.129010 -0.941167 -0.009491 0.000000 0.000000 0.000000 1.000000
-0.397369 -0.883745 -0.247167 0.525417 -0.863854 0.451118 -0.224164 0.032447 0.309605 0.124440 -0.942687 -0.009491 0.000000 0.000000 0.000000 1.000000
-0.401593 -0.883692 -0.240441 0.525417 -0.863346 0.452894 -0.222531 0.032447 0.305543 0.118217 -0.944811 -0.009491 0.000000 0.000000 0.000000 1.000000
-0.406751 -0.883374 -0.232815 0.525417 -0.862515 0.455331 -0.220774 0.032447 0.301034 0.111006 -0.947131 -0.009491 0.000000 0.000000 0.000000 1.000000
-0.412260 -0.882850 -0.224983 0.525417 -0.861460 0.458114 -0.219131 0.032447 0.296528 0.103475 -0.949402 -0.009491 0.000000 0.000000 0.000000 1.000000
-0.417593 -0.882199 -0.217578 0.525417 -0.860321 0.460928 -0.217701 0.032447 0.292344 0.096276 -0.951455 -0.009491 0.000000 0.000000 0.000000 1.000000
-0.422240 -0.881547 -0.211159 0.525417 -0.859288 0.463429 -0.216468 0.032447 0.288684 0.090045 -0.953181 -0.009491 0.000000 0.000000 0.000000 1.000000
-0.425838 -0.880969 -0.206289 0.525417 -0.858397 0.465435 -0.215698 0.032447 0.286037 0.085225 -0.954421 -0.009491 0.000000 0.000000 0.000000 1.000000
-0.428456 -0.880550 -0.202622 0.525417 -0.857824 0.466851 -0.214915 0.032447 0.283838 0.081733 -0.955382 -0.009491 0.000000 0.000000 0.000000 1.000000
-0.430087 -0.880171 -0.200805 0.525417 -0.857007 0.467981 -0.215714 0.032447 0.283838 0.079315 -0.955586 -0.009491 0.000000 0.000000 0.000000 1.000000
-0.430169 -0.880438 -0.199455 0.525417 -0.856966 0.467729 -0.216423 0.032447 0.283838 0.077828 -0.955708 -0.009491 0.000000 0.000000 0.000000 1.000000
-0.430169 -0.880594 -0.198768 0.525417 -0.856966 0.467560 -0.216788 0.032447 0.283838 0.077082 -0.955769 -0.009491 0.000000 0.000000 0.000000 1.000000</float_array><technique_common><accessor source="#jnt_right_arm-Matrix-animation-output-transform-array" count="30" stride="16"><param type="float4x4"/></accessor></technique_common></source><source id="jnt_right_arm-Interpolations"><Name_array id="jnt_right_arm-Interpolations-array" count="30">
 LINEAR LINEAR LINEAR LINEAR LINEAR LINEAR LINEAR LINEAR LINEAR LINEAR LINEAR
LINEAR LINEAR LINEAR LINEAR LINEAR LINEAR LINEAR LINEAR LINEAR LINEAR LINEAR LINEAR
LINEAR LINEAR LINEAR LINEAR LINEAR LINEAR LINEAR</Name_array><technique_common><accessor source="#jnt_right_arm-Interpolations-array" count="30"><param type="name"/></accessor></technique_common></source><sampler id="jnt_right_arm-Matrix-animation-transform"><input semantic="INPUT" source="#jnt_right_arm-Matrix-animation-input"/><input semantic="OUTPUT" source="#jnt_right_arm-Matrix-animation-output-transform"/><input semantic="INTERPOLATION" source="#jnt_right_arm-Interpolations"/></sampler><channel source="#jnt_right_arm-Matrix-animation-transform" target="jnt_right_arm/matrix"/></animation></animation>
    <animation id="jnt_right_forearm-anim" name="jnt_right_forearm"><animation><source id="jnt_right_forearm-Matrix-animation-input"><float_array id="jnt_right_forearm-Matrix-animation-input-array" count="30">

0.001000 0.034333 0.067667 0.101000 0.134333 0.167667 0.201000 0.234333 0.267667 0.301000 0.334333 0.367667 0.401000 0.434333 0.467667 0.501000
0.534333 0.567667 0.601000 0.634333 0.667667 0.701000 0.734333 0.767667 0.801000 0.834333 0.867667 0.901000 0.934333 0.967667</float_array><technique_common><accessor source="#jnt_right_forearm-Matrix-animation-input-array" count="30"><param name="TIME" type="float"/></accessor></technique_common></source><source id="jnt_right_forearm-Matrix-animation-output-transform"><float_array id="jnt_right_forearm-Matrix-animation-output-transform-array" count="480">

-0.830935 -0.362130 -0.422384 0.843981 0.450861 0.006547 -0.892569 -0.000002 0.325992 -0.932104 0.157830 -0.000002 0.000000 0.000000 0.000000 1.000000
-0.669882 -0.559745 -0.487794 0.843981 0.622759 -0.065874 -0.779635 -0.000002 0.404264 -0.826042 0.392714 -0.000002 0.000000 0.000000 0.000000 1.000000
-0.757410 -0.494405 -0.426491 0.843981 0.563243 -0.164316 -0.809788 -0.000002 0.330284 -0.853560 0.402924 -0.000002 0.000000 0.000000 0.000000 1.000000
-0.759906 -0.491587 -0.425305 0.843981 0.559600 -0.161824 -0.812810 -0.000002 0.330743 -0.855661 0.398063 -0.000002 0.000000 0.000000 0.000000 1.000000
-0.765940 -0.482219 -0.425206 0.843981 0.550393 -0.150009 -0.821319 -0.000002 0.332271 -0.863112 0.380307 -0.000002 0.000000 0.000000 0.000000 1.000000
-0.774152 -0.469222 -0.424875 0.843981 0.537367 -0.132409 -0.832889 -0.000002 0.334553 -0.873097 0.354649 -0.000002 0.000000 0.000000 0.000000 1.000000
-0.783646 -0.453808 -0.424212 0.843981 0.522147 -0.111229 -0.845570 -0.000002 0.336542 -0.884130 0.324119 -0.000002 0.000000 0.000000 0.000000 1.000000
-0.793811 -0.436953 -0.423008 0.843981 0.506081 -0.088880 -0.857894 -0.000002 0.337263 -0.895082 0.291687 -0.000002 0.000000 0.000000 0.000000 1.000000
-0.803671 -0.420175 -0.421385 0.843981 0.490611 -0.067100 -0.868791 -0.000002 0.336770 -0.904959 0.260068 -0.000002 0.000000 0.000000 0.000000 1.000000
-0.812708 -0.404112 -0.419761 0.843981 0.476552 -0.046478 -0.877916 -0.000002 0.335267 -0.913528 0.230353 -0.000002 0.000000 0.000000 0.000000 1.000000
-0.820763 -0.389178 -0.418198 0.843981 0.464087 -0.027357 -0.885366 -0.000002 0.333124 -0.920756 0.203066 -0.000002 0.000000 0.000000 0.000000 1.000000
-0.827676 -0.375831 -0.416777 0.843981 0.453418 -0.010204 -0.891239 -0.000002 0.330703 -0.926632 0.178854 -0.000002 0.000000 0.000000 0.000000 1.000000
-0.833411 -0.364435 -0.415466 0.843981 0.444586 0.004447 -0.895724 -0.000002 0.328282 -0.931218 0.158316 -0.000002 0.000000 0.000000 0.000000 1.000000
-0.837942 -0.355193 -0.414356 0.843981 0.437633 0.016322 -0.899005 -0.000002 0.326084 -0.934650 0.141767 -0.000002 0.000000 0.000000 0.000000 1.000000
-0.841329 -0.348080 -0.413528 0.843981 0.432515 0.025320 -0.901270 -0.000002 0.324185 -0.937123 0.129247 -0.000002 0.000000 0.000000 0.000000 1.000000
-0.842849 -0.342985 -0.414688 0.843981 0.430716 0.032034 -0.901918 -0.000002 0.322628 -0.938795 0.120729 -0.000002 0.000000 0.000000 0.000000 1.000000
-0.842871 -0.340638 -0.416574 0.843981 0.431539 0.034587 -0.901430 -0.000002 0.321469 -0.939558 0.117846 -0.000002 0.000000 0.000000 0.000000 1.000000
-0.842771 -0.340330 -0.417028 0.843981 0.432299 0.033663 -0.901101 -0.000002 0.320711 -0.939703 0.118754 -0.000002 0.000000 0.000000 0.000000 1.000000
-0.842403 -0.340805 -0.417384 0.843981 0.432922 0.033140 -0.900821 -0.000002 0.320837 -0.939550 0.119624 -0.000002 0.000000 0.000000 0.000000 1.000000
-0.842021 -0.341723 -0.417404 0.843981 0.433538 0.031768 -0.900574 -0.000002 0.321007 -0.939264 0.121401 -0.000002 0.000000 0.000000 0.000000 1.000000
-0.841639 -0.343883 -0.416399 0.843981 0.434154 0.027714 -0.900412 -0.000002 0.321177 -0.938603 0.125973 -0.000002 0.000000 0.000000 0.000000 1.000000
-0.841211 -0.346437 -0.415145 0.843981 0.434746 0.023162 -0.900255 -0.000002 0.321497 -0.937787 0.131128 -0.000002 0.000000 0.000000 0.000000 1.000000
-0.840157 -0.349385 -0.414808 0.843981 0.436238 0.019076 -0.899628 -0.000002 0.322230 -0.936785 0.136388 -0.000002 0.000000 0.000000 0.000000 1.000000
-0.838521 -0.352212 -0.415727 0.843981 0.438809 0.015777 -0.898441 -0.000002 0.323001 -0.935787 0.141324 -0.000002 0.000000 0.000000 0.000000 1.000000
-0.837220 -0.354684 -0.416247 0.843981 0.440759 0.012922 -0.897532 -0.000002 0.323719 -0.934897 0.145512 -0.000002 0.000000 0.000000 0.000000 1.000000
-0.836037 -0.356604 -0.416985 0.843981 0.442585 0.010872 -0.896660 -0.000002 0.324287 -0.934192 0.148738 -0.000002 0.000000 0.000000 0.000000 1.000000
-0.835400 -0.357960 -0.417098 0.843981 0.443497 0.009268 -0.896227 -0.000002 0.324680 -0.933691 0.151012 -0.000002 0.000000 0.000000 0.000000 1.000000
-0.835297 -0.358863 -0.416529 0.843981 0.443443 0.008123 -0.896265 -0.000002 0.325020 -0.933355 0.152349 -0.000002 0.000000 0.000000 0.000000 1.000000
